0.7687680016897532, 0.7787513238411238, -14.956452752868287, 22.51576658464668[13.610258]
[10.174439]
[34.88965]
[28.289513]
[20.360704]
[8.065995]
[6.927106]
[6.220556]
[6.5270987]
[6.403248]
[5.461493]
[4.318799]
[3.6891747]
[3.2977276]
[3.2637448]
[3.2549465]
[3.2476876]
[3.2425919]
[3.251491]
[3.2505977]
[3.7018425]
[4.8454514]
[4.532397]
[4.793825]
[5.0191216]
[4.9105062]
[4.9240055]
[5.254736]
[4.8494177]
[6.412269]
[4.830265]
[5.11369]
[4.1767683]
[4.489332]
[3.7722628]
[4.100378]
[5.3570805]
[9.39674]
[6.081661]
[5.4001727]
[9.812174]
[5.749251]
[5.9279227]
[5.6157827]
[6.558271]
[5.7879953]
[5.2711234]
[5.170182]
[4.980304]
[4.916284]
[4.634988]
[4.574236]
[3.9652138]
[3.5640585]
[3.536206]
[3.4917462]
[3.4619513]
[3.457558]
[3.3085454]
[3.2796166]
[3.3756394]
[2.984156]
[2.8193717]
[2.0500512]
[1.9402881]
[2.0054443]
[2.1046321]
[2.0397623]
[1.9541152]
[1.8712436]
[1.5242015]
[1.5122942]
[1.3754314]
[1.3110572]
[1.3025464]
[1.2910355]
[1.3093368]
[1.2848204]
[1.2940303]
[1.2866634]
[1.211895]
[1.1894749]
[1.1328924]
[1.1227043]
[1.1135453]
[1.3746156]
[1.0662808]
[1.1619306]
[0.8996025]
[0.9317276]
[0.80597407]
[0.71335834]
[0.69738925]
[0.66222876]
[0.6571576]
[0.54331994]
[0.52883995]
[0.5685043]
[0.5938802]
[0.46878412]
[0.83423615]
[0.9421768]
[0.86248165]
[0.83740133]
[0.85123646]
[0.84338844]
[0.8366372]
[0.83820456]
[0.8364656]
[0.8356279]
[0.826744]
[0.8269786]
[0.8215111]
[0.82141167]
[0.82151043]
[0.7666073]
[0.7566067]
[0.5764909]
[1.1267575]
[0.9751178]
[0.708429]
[0.78596693]
[0.9251997]
[0.72941494]
[0.71303093]
[0.7315436]
[0.7445119]
[0.7374048]
[0.7393108]
[0.7960948]
[0.80902463]
[0.7276865]
[0.73376113]
[0.7323177]
[0.7330129]
[0.72053766]
[0.739167]
[0.7494095]
[0.73157674]
[0.7358858]
[0.6951585]
[1.5259564]
[1.1740214]
[-0.34604004]
[0.80347425]
[0.92877847]
[0.69773716]
[0.88941896]
[0.81186974]
[0.83596057]
[0.8565489]
[0.78415966]
[0.70316625]
[0.7027527]
[0.7004616]
[0.67328376]
[0.7168907]
[2.1719973]
[1.4852463]
[-0.07696141]
[1.3871245]
[1.1886451]
[1.1724805]
[1.2193872]
[0.81021225]
[1.192872]
[0.7515574]
[1.3749853]
[1.261792]
[1.1535556]
[1.149566]
[1.640252]
[1.6975827]
[2.465471]
[3.0167775]
[1.3916093]
[1.9145244]
[2.2227392]
[2.3908067]
[2.2287846]
[2.1840272]
[1.9218303]
[1.9599426]
[1.4813428]
[1.4012552]
[1.8816922]
[2.002523]
[2.0228083]
[2.4321098]
[2.630177]
[2.4614973]
[2.1352615]
[2.1741068]
[2.3143225]
[2.665856]
[2.8529344]
[2.9048736]
[3.6379595]
[4.2220693]
[2.67805]
[3.516163]
[3.4229093]
[2.4686508]
[2.973907]
[3.125625]
[3.0055263]
[2.9352334]
[2.9407632]
[2.8316216]
[2.8592734]
[2.749866]
[2.4863424]
[2.4794872]
[2.4749162]
[1.9369001]
[1.9401495]
[1.8553042]
[1.5577741]
[1.6638173]
[1.6550163]
[1.6465797]
[1.6229866]
[1.6511705]
[1.8287295]
[1.7246486]
[2.5316505]
[3.559079]
[3.0957947]
[2.5579953]
[2.5813334]
[3.4965172]
[2.542451]
[3.0651495]
[3.1748192]
[3.3053577]
[5.841308]
[2.6789389]
[3.3837333]
[3.2660518]
[3.434851]
[3.6219015]
[11.379138]
[4.1487107]
[4.5081806]
[3.7346783]
[3.8777707]
[3.783371]
[3.76198]
[3.48964]
[3.3504353]
[2.3092253]
[2.204054]
[2.1401803]
[2.0212822]
[3.1219182]
[11.8830385]
[4.460042]
[3.3172584]
[3.802512][4.3]
[30.92]
[39.25]
[29.7]
[19.45]
[13.74]
[11.15]
[9.61]
[8.47]
[7.25]
[6.36]
[5.68]
[5.17]
[4.9]
[4.63]
[4.43]
[4.25]
[3.5]
[3.25]
[3.48]
[3.45]
[3.34]
[3.16]
[3.03]
[3.19]
[3.24]
[3.07]
[2.9]
[3.01]
[3.39]
[4.09]
[3.93]
[3.38]
[3.37]
[3.68]
[3.86]
[4.88]
[11.97]
[10.98]
[9.57]
[8.25]
[9.26]
[7.3]
[7.03]
[5.94]
[5.1]
[4.59]
[4.19]
[3.92]
[3.62]
[3.37]
[3.17]
[2.96]
[2.64]
[2.49]
[2.4]
[2.35]
[2.23]
[2.07]
[2.05]
[2.27]
[2.12]
[2.14]
[2.13]
[2.16]
[2.18]
[1.91]
[1.59]
[1.35]
[1.24]
[1.21]
[1.]
[0.83]
[0.7]
[0.64]
[0.65]
[0.76]
[0.78]
[0.85]
[0.9]
[0.64]
[0.59]
[0.65]
[0.65]
[0.65]
[0.67]
[0.16]
[0.]
[0.]
[0.]
[0.]
[0.]
[0.]
[0.]
[0.]
[0.]
[0.]
[0.]
[0.]
[0.]
[0.]
[0.]
[0.]
[0.]
[0.]
[0.]
[0.]
[0.]
[0.]
[0.]
[0.34]
[0.66]
[0.71]
[0.71]
[0.77]
[0.78]
[0.81]
[0.78]
[0.67]
[0.75]
[0.8]
[0.82]
[0.81]
[0.81]
[0.81]
[0.8]
[0.8]
[0.81]
[0.82]
[0.82]
[0.83]
[0.83]
[0.83]
[0.83]
[0.83]
[0.82]
[0.76]
[0.76]
[0.77]
[0.78]
[0.85]
[0.83]
[0.81]
[0.77]
[0.8]
[0.81]
[0.87]
[0.85]
[0.8]
[0.84]
[0.86]
[0.86]
[0.86]
[0.86]
[0.86]
[0.87]
[0.87]
[0.94]
[0.92]
[0.89]
[0.87]
[0.84]
[0.81]
[0.84]
[0.86]
[0.88]
[0.85]
[0.85]
[0.86]
[0.86]
[0.87]
[0.91]
[0.92]
[0.92]
[0.87]
[0.87]
[0.89]
[0.96]
[0.93]
[0.87]
[0.86]
[0.86]
[0.87]
[1.26]
[1.7]
[1.51]
[1.47]
[1.34]
[1.36]
[1.36]
[1.36]
[1.36]
[1.36]
[1.24]
[1.29]
[1.47]
[1.67]
[2.26]
[1.83]
[3.23]
[2.92]
[2.42]
[2.19]
[2.03]
[2.01]
[1.91]
[1.87]
[1.85]
[1.98]
[1.97]
[1.87]
[1.81]
[1.81]
[1.78]
[1.72]
[1.72]
[1.72]
[1.7]
[1.63]
[1.62]
[1.62]
[1.64]
[1.62]
[1.61]
[1.62]
[1.67]
[1.97]
[2.01]
[2.65]
[2.94]
[2.52]
[2.26]
[2.12]
[2.5]
[2.89]
[2.98]
[3.54]
[3.07]
[2.56]
[2.41]
[2.57]
[2.84]
[4.66]
[3.71]
[2.99]
[2.65]
[2.45]
[2.33]
[2.28]
[2.22]
[2.19]
[2.11]
[2.09]
[2.06]
[2.27]
[2.55]
[3.]
[3.19]
[2.98]