0.7597495027757978, 0.7747015416874001, 20.031188835742658, 22.95064625858051[8.379362]
[8.094657]
[40.921223]
[26.304918]
[16.43715]
[7.1090612]
[4.5304627]
[3.83535]
[3.6712663]
[3.456776]
[2.2148235]
[2.8236609]
[3.1496747]
[2.5136561]
[2.467562]
[2.4777706]
[2.4513383]
[2.458208]
[2.455169]
[2.436081]
[2.9035888]
[3.4005587]
[5.332736]
[4.913551]
[5.3605165]
[4.9412274]
[5.453431]
[5.3186097]
[6.060736]
[6.1471653]
[6.253693]
[5.421818]
[4.176909]
[3.2819269]
[3.799397]
[3.7472258]
[2.9199011]
[8.194958]
[6.1256166]
[6.246851]
[6.4291606]
[5.9969425]
[5.9442186]
[6.0980563]
[5.791225]
[5.2451468]
[4.855538]
[4.578101]
[4.4075665]
[4.3319063]
[4.156856]
[4.076052]
[3.5743103]
[3.1431534]
[3.1077437]
[3.0557752]
[3.041565]
[3.0557752]
[2.834034]
[2.8096628]
[2.6654754]
[2.8301225]
[2.0579875]
[1.5940531]
[1.3728262]
[1.2552143]
[1.158025]
[0.9227072]
[0.8245345]
[0.6646643]
[0.48752874]
[0.4455634]
[0.11498085]
[0.00731653]
[-0.00660608]
[-0.03247903]
[-0.05535114]
[-0.00546089]
[-0.02407032]
[-0.02357195]
[-0.08462786]
[-0.0815528]
[-0.06881779]
[-0.06658042]
[-0.06453391]
[-0.06031365]
[0.14811334]
[-0.05547838]
[0.09998992]
[0.06653138]
[-0.25144473]
[-0.22019574]
[-0.21541348]
[-0.20455533]
[-0.20954965]
[-0.18041077]
[-0.12942836]
[-0.1035554]
[-0.09143542]
[0.09044132]
[0.11745151]
[-0.00892829]
[0.04893989]
[0.05404556]
[0.03429093]
[0.02899705]
[0.03090969]
[0.02590078]
[0.02610888]
[0.01420494]
[0.00832388]
[0.00848028]
[0.0075286]
[0.00733244]
[0.00716145]
[-0.02229951]
[-0.02218287]
[0.17935969]
[0.20446785]
[-0.02273426]
[-0.16534297]
[-0.12360694]
[-0.06285854]
[-0.19191575]
[-0.20642157]
[-0.18620038]
[-0.1492254]
[-0.13845207]
[-0.13908829]
[-0.0630388]
[-0.05358033]
[-0.05296531]
[-0.05306075]
[-0.05215944]
[-0.05106726]
[-0.08087416]
[-0.04948731]
[-0.06983574]
[-0.06415218]
[-0.05675082]
[-0.01267138]
[0.01882416]
[-0.26942855]
[-0.46199113]
[-0.7008069]
[-0.9218509]
[-0.31258547]
[-0.38688537]
[-0.29434717]
[-0.30429342]
[-0.27605584]
[-0.06975092]
[-0.04359167]
[-0.04340081]
[-0.04673036]
[-0.03083546]
[0.24110086]
[0.47110763]
[0.76492596]
[-0.92532897]
[-0.6523906]
[-0.61602]
[-0.32977402]
[-0.4135854]
[-0.36173347]
[-0.7724241]
[0.23012342]
[-0.7057058]
[-0.3971497]
[-0.34440708]
[-0.39669377]
[0.49322027]
[0.5874736]
[1.0750633]
[2.14687]
[0.12589468]
[0.5534517]
[0.7263154]
[1.1525589]
[0.40081462]
[0.72851694]
[0.634697]
[0.6390538]
[0.22413102]
[0.05581902]
[0.71209055]
[0.43420953]
[0.83530384]
[1.5709662]
[2.3304617]
[0.7930628]
[1.4635087]
[1.370891]
[1.192373]
[1.5871395]
[1.7103356]
[1.6655418]
[2.0048552]
[4.420471]
[1.5596973]
[3.0493162]
[1.3551565]
[3.0014088]
[1.9029485]
[1.6341376]
[4.083]
[1.948877]
[2.7022967]
[2.1363113]
[2.2504692]
[2.138957]
[1.9990747]
[1.990609]
[1.9742343]
[1.8996773]
[1.896434]
[1.7407031]
[1.0465951]
[1.0656778]
[1.0503143]
[1.0356985]
[0.958533]
[0.96682376]
[1.1388311]
[0.8677921]
[1.6555597]
[2.6772535]
[2.206978]
[1.302679]
[2.1131809]
[1.9037014]
[4.302207]
[1.4236721]
[1.3601283]
[1.9319271]
[5.8127894]
[1.619425]
[2.8840568]
[2.3560803]
[2.2207775]
[3.0624342]
[6.649457]
[4.7353625]
[4.056085]
[3.7105079]
[3.6396992]
[3.6084952]
[3.504773]
[2.9755917]
[2.8422663]
[2.441693]
[2.4240816]
[2.3072028]
[2.2652864]
[2.6479516]
[4.6872926]
[2.9489937]
[3.1066582]
[4.163258][4.3]
[30.92]
[39.25]
[29.7]
[19.45]
[13.74]
[11.15]
[9.61]
[8.47]
[7.25]
[6.36]
[5.68]
[5.17]
[4.9]
[4.63]
[4.43]
[4.25]
[3.5]
[3.25]
[3.48]
[3.45]
[3.34]
[3.16]
[3.03]
[3.19]
[3.24]
[3.07]
[2.9]
[3.01]
[3.39]
[4.09]
[3.93]
[3.38]
[3.37]
[3.68]
[3.86]
[4.88]
[11.97]
[10.98]
[9.57]
[8.25]
[9.26]
[7.3]
[7.03]
[5.94]
[5.1]
[4.59]
[4.19]
[3.92]
[3.62]
[3.37]
[3.17]
[2.96]
[2.64]
[2.49]
[2.4]
[2.35]
[2.23]
[2.07]
[2.05]
[2.27]
[2.12]
[2.14]
[2.13]
[2.16]
[2.18]
[1.91]
[1.59]
[1.35]
[1.24]
[1.21]
[1.]
[0.83]
[0.7]
[0.64]
[0.65]
[0.76]
[0.78]
[0.85]
[0.9]
[0.64]
[0.59]
[0.65]
[0.65]
[0.65]
[0.67]
[0.16]
[0.]
[0.]
[0.]
[0.]
[0.]
[0.]
[0.]
[0.]
[0.]
[0.]
[0.]
[0.]
[0.]
[0.]
[0.]
[0.]
[0.]
[0.]
[0.]
[0.]
[0.]
[0.]
[0.]
[0.34]
[0.66]
[0.71]
[0.71]
[0.77]
[0.78]
[0.81]
[0.78]
[0.67]
[0.75]
[0.8]
[0.82]
[0.81]
[0.81]
[0.81]
[0.8]
[0.8]
[0.81]
[0.82]
[0.82]
[0.83]
[0.83]
[0.83]
[0.83]
[0.83]
[0.82]
[0.76]
[0.76]
[0.77]
[0.78]
[0.85]
[0.83]
[0.81]
[0.77]
[0.8]
[0.81]
[0.87]
[0.85]
[0.8]
[0.84]
[0.86]
[0.86]
[0.86]
[0.86]
[0.86]
[0.87]
[0.87]
[0.94]
[0.92]
[0.89]
[0.87]
[0.84]
[0.81]
[0.84]
[0.86]
[0.88]
[0.85]
[0.85]
[0.86]
[0.86]
[0.87]
[0.91]
[0.92]
[0.92]
[0.87]
[0.87]
[0.89]
[0.96]
[0.93]
[0.87]
[0.86]
[0.86]
[0.87]
[1.26]
[1.7]
[1.51]
[1.47]
[1.34]
[1.36]
[1.36]
[1.36]
[1.36]
[1.36]
[1.24]
[1.29]
[1.47]
[1.67]
[2.26]
[1.83]
[3.23]
[2.92]
[2.42]
[2.19]
[2.03]
[2.01]
[1.91]
[1.87]
[1.85]
[1.98]
[1.97]
[1.87]
[1.81]
[1.81]
[1.78]
[1.72]
[1.72]
[1.72]
[1.7]
[1.63]
[1.62]
[1.62]
[1.64]
[1.62]
[1.61]
[1.62]
[1.67]
[1.97]
[2.01]
[2.65]
[2.94]
[2.52]
[2.26]
[2.12]
[2.5]
[2.89]
[2.98]
[3.54]
[3.07]
[2.56]
[2.41]
[2.57]
[2.84]
[4.66]
[3.71]
[2.99]
[2.65]
[2.45]
[2.33]
[2.28]
[2.22]
[2.19]
[2.11]
[2.09]
[2.06]
[2.27]
[2.55]
[3.]
[3.19]
[2.98]