0.7109351160025545, 0.7824156879823044, 38.91847013945927, 25.174476005410394[8.567766]
[18.500582]
[24.313658]
[27.891409]
[9.657895]
[6.795712]
[5.511483]
[3.8689435]
[3.0976303]
[2.4709852]
[1.8686626]
[1.5859437]
[2.0090644]
[1.9066833]
[1.8889023]
[1.8424292]
[1.8326936]
[1.8378628]
[1.8521302]
[1.7873073]
[0.65222454]
[3.409871]
[3.2876718]
[4.6824675]
[4.560891]
[3.9967322]
[3.4816062]
[5.0044227]
[3.9714558]
[6.657671]
[4.7120967]
[2.4640293]
[3.2625053]
[3.0901003]
[2.2810457]
[2.665788]
[1.2892863]
[4.198923]
[6.116078]
[4.892612]
[3.625507]
[4.879111]
[3.572127]
[5.320002]
[5.334777]
[3.663801]
[3.4516997]
[2.8855357]
[2.5088325]
[2.538952]
[2.713014]
[2.8517776]
[2.2484608]
[2.0435052]
[1.9941039]
[1.9174633]
[1.7866565]
[1.7147636]
[1.0891235]
[0.9472981]
[0.8895545]
[2.540365]
[1.7956908]
[0.82178515]
[1.3276688]
[1.0405375]
[0.98322594]
[0.5221732]
[0.27833265]
[0.06273758]
[-0.22596413]
[-0.26185754]
[-0.34782147]
[-0.3369633]
[-0.3354682]
[-0.3299543]
[-0.3465066]
[-0.3120341]
[-0.30727303]
[-0.33009213]
[-0.33531973]
[-0.3432619]
[-0.3491151]
[-0.35012245]
[-0.35107678]
[-0.628861]
[-0.20173475]
[-0.02540638]
[-0.332637]
[-0.28589606]
[-0.3037314]
[-0.30414495]
[-0.3056613]
[-0.31110096]
[-0.27755097]
[-0.38218793]
[-0.38309985]
[-0.41460335]
[-0.42938486]
[-0.6837456]
[-0.30895904]
[-0.3114403]
[-0.544318]
[-0.56809145]
[-0.62224436]
[-0.64737505]
[-0.645021]
[-0.6516695]
[-0.6540235]
[-0.6252876]
[-0.63408864]
[-0.6337387]
[-0.6368032]
[-0.63573223]
[-0.63667595]
[-0.6677553]
[-0.6820384]
[-0.92244476]
[-0.26410553]
[-0.55572754]
[-0.7396588]
[-0.86137825]
[-0.5457495]
[-0.7648849]
[-0.7730921]
[-0.7430837]
[-0.80016327]
[-0.6846575]
[-0.6818476]
[-0.671]
[-0.6590709]
[-0.6886233]
[-0.699227]
[-0.6989831]
[-0.6938721]
[-0.749764]
[-0.647831]
[-0.6787937]
[-0.6938297]
[-0.6885809]
[-0.8517395]
[-0.87999827]
[-0.2869246]
[-1.1403395]
[-0.5235878]
[-0.40820935]
[-0.6267827]
[-0.5525783]
[-0.63218]
[-0.55496407]
[-0.56669176]
[-0.45394295]
[-0.50297433]
[-0.5018715]
[-0.50102323]
[-0.54813534]
[-0.93143666]
[0.37158528]
[0.50209385]
[-0.91985744]
[-0.10288738]
[-0.02145122]
[-0.2724612]
[-0.24797735]
[-2.1063972]
[1.1239711]
[0.06752647]
[0.05315983]
[-0.23404412]
[-0.2646145]
[-0.4479943]
[0.22772665]
[0.305767]
[-0.2871685]
[2.4336684]
[0.6419509]
[0.84796953]
[0.26455188]
[2.6186533]
[1.4813186]
[0.6571473]
[0.6033867]
[0.29527202]
[-0.0355647]
[0.12245876]
[0.33542544]
[0.702979]
[0.49859864]
[1.2981284]
[2.6813648]
[1.9443728]
[1.6310159]
[1.7499095]
[0.7840294]
[1.9088504]
[2.1038957]
[0.9620001]
[3.6272528]
[4.5796304]
[2.5871391]
[3.572453]
[2.3993204]
[2.638958]
[2.7134488]
[0.06514197]
[5.3707275]
[2.9006248]
[2.4293222]
[2.815778]
[2.235161]
[2.2663147]
[1.767497]
[1.799288]
[1.7682365]
[0.8425564]
[0.8432165]
[0.764084]
[0.4162572]
[0.46488032]
[0.4577003]
[0.45079598]
[0.40834552]
[0.47653905]
[0.6901923]
[0.42309523]
[0.20819205]
[3.1833687]
[3.9358063]
[1.8727463]
[2.3759844]
[0.36121488]
[4.3119636]
[2.3709822]
[2.5254803]
[3.8364513]
[5.199991]
[2.7500074]
[3.0737455]
[3.0302942]
[2.0867774]
[2.626793]
[7.9410033]
[4.571499]
[4.7621236]
[3.4887688]
[2.67753]
[2.6480055]
[2.491742]
[2.1208575]
[2.1006563]
[0.9222761]
[0.77204335]
[0.68993515]
[0.56160694]
[-0.36517966]
[5.552604]
[4.154234]
[3.1284907]
[4.827149][4.3]
[30.92]
[39.25]
[29.7]
[19.45]
[13.74]
[11.15]
[9.61]
[8.47]
[7.25]
[6.36]
[5.68]
[5.17]
[4.9]
[4.63]
[4.43]
[4.25]
[3.5]
[3.25]
[3.48]
[3.45]
[3.34]
[3.16]
[3.03]
[3.19]
[3.24]
[3.07]
[2.9]
[3.01]
[3.39]
[4.09]
[3.93]
[3.38]
[3.37]
[3.68]
[3.86]
[4.88]
[11.97]
[10.98]
[9.57]
[8.25]
[9.26]
[7.3]
[7.03]
[5.94]
[5.1]
[4.59]
[4.19]
[3.92]
[3.62]
[3.37]
[3.17]
[2.96]
[2.64]
[2.49]
[2.4]
[2.35]
[2.23]
[2.07]
[2.05]
[2.27]
[2.12]
[2.14]
[2.13]
[2.16]
[2.18]
[1.91]
[1.59]
[1.35]
[1.24]
[1.21]
[1.]
[0.83]
[0.7]
[0.64]
[0.65]
[0.76]
[0.78]
[0.85]
[0.9]
[0.64]
[0.59]
[0.65]
[0.65]
[0.65]
[0.67]
[0.16]
[0.]
[0.]
[0.]
[0.]
[0.]
[0.]
[0.]
[0.]
[0.]
[0.]
[0.]
[0.]
[0.]
[0.]
[0.]
[0.]
[0.]
[0.]
[0.]
[0.]
[0.]
[0.]
[0.]
[0.34]
[0.66]
[0.71]
[0.71]
[0.77]
[0.78]
[0.81]
[0.78]
[0.67]
[0.75]
[0.8]
[0.82]
[0.81]
[0.81]
[0.81]
[0.8]
[0.8]
[0.81]
[0.82]
[0.82]
[0.83]
[0.83]
[0.83]
[0.83]
[0.83]
[0.82]
[0.76]
[0.76]
[0.77]
[0.78]
[0.85]
[0.83]
[0.81]
[0.77]
[0.8]
[0.81]
[0.87]
[0.85]
[0.8]
[0.84]
[0.86]
[0.86]
[0.86]
[0.86]
[0.86]
[0.87]
[0.87]
[0.94]
[0.92]
[0.89]
[0.87]
[0.84]
[0.81]
[0.84]
[0.86]
[0.88]
[0.85]
[0.85]
[0.86]
[0.86]
[0.87]
[0.91]
[0.92]
[0.92]
[0.87]
[0.87]
[0.89]
[0.96]
[0.93]
[0.87]
[0.86]
[0.86]
[0.87]
[1.26]
[1.7]
[1.51]
[1.47]
[1.34]
[1.36]
[1.36]
[1.36]
[1.36]
[1.36]
[1.24]
[1.29]
[1.47]
[1.67]
[2.26]
[1.83]
[3.23]
[2.92]
[2.42]
[2.19]
[2.03]
[2.01]
[1.91]
[1.87]
[1.85]
[1.98]
[1.97]
[1.87]
[1.81]
[1.81]
[1.78]
[1.72]
[1.72]
[1.72]
[1.7]
[1.63]
[1.62]
[1.62]
[1.64]
[1.62]
[1.61]
[1.62]
[1.67]
[1.97]
[2.01]
[2.65]
[2.94]
[2.52]
[2.26]
[2.12]
[2.5]
[2.89]
[2.98]
[3.54]
[3.07]
[2.56]
[2.41]
[2.57]
[2.84]
[4.66]
[3.71]
[2.99]
[2.65]
[2.45]
[2.33]
[2.28]
[2.22]
[2.19]
[2.11]
[2.09]
[2.06]
[2.27]
[2.55]
[3.]
[3.19]
[2.98]