0.853744734756956, 0.8549270522443616, 5.380513108813217, 17.906822408273563[5.1226177]
[18.97332]
[32.465973]
[34.482048]
[19.086098]
[9.198986]
[8.686695]
[5.421103]
[4.4087415]
[3.3648813]
[4.1246743]
[4.5201845]
[3.1070917]
[2.6694663]
[2.6650763]
[2.6561546]
[2.640977]
[2.6348464]
[2.6459022]
[2.6218398]
[3.1513393]
[3.6355982]
[4.3440075]
[4.903464]
[4.6717806]
[4.476668]
[4.4325013]
[4.468803]
[4.8299303]
[5.9001956]
[5.3720703]
[3.9146304]
[3.2605221]
[2.955287]
[3.6995873]
[3.4575698]
[4.4117937]
[16.627632]
[5.4054527]
[6.641956]
[6.5755877]
[5.07487]
[6.175364]
[6.3127112]
[4.4863663]
[5.6173077]
[4.0767784]
[3.7776926]
[3.7098079]
[3.5909302]
[3.8493733]
[3.8561294]
[3.6363902]
[3.3633995]
[3.3332043]
[3.2972598]
[3.2880783]
[3.289934]
[3.2950284]
[3.4191124]
[3.5958848]
[3.3647885]
[1.1201307]
[1.23436]
[1.0631287]
[1.1585876]
[1.1961921]
[1.1840397]
[1.0230091]
[0.8760204]
[0.73821914]
[0.70695555]
[0.5736641]
[0.5022359]
[0.49077263]
[0.474103]
[0.5092316]
[0.4838935]
[0.4640136]
[0.48317245]
[0.4529752]
[0.46849433]
[0.46709663]
[0.4663047]
[0.46586728]
[0.9895161]
[0.50808513]
[0.34781998]
[0.6275109]
[0.3263356]
[0.294237]
[0.28178033]
[0.28075045]
[0.28876948]
[0.30952683]
[0.31137252]
[0.29422837]
[0.3052681]
[0.2823092]
[0.66345]
[0.4889634]
[0.25720966]
[0.40743312]
[0.34905928]
[0.27682844]
[0.2998331]
[0.28712392]
[0.28120974]
[0.28399318]
[0.27464673]
[0.26688352]
[0.26718837]
[0.26261553]
[0.26253137]
[0.26211053]
[0.2745135]
[0.30310827]
[0.6306204]
[0.5874164]
[0.1633778]
[0.25206554]
[0.31973615]
[0.43238157]
[0.19977754]
[0.21423167]
[0.32637405]
[0.27611533]
[0.13547227]
[0.13683154]
[0.22607994]
[0.25090113]
[0.18602261]
[0.18988101]
[0.19074985]
[0.18999235]
[0.20460884]
[0.18280637]
[0.18119329]
[0.1891984]
[0.17988507]
[0.34552228]
[0.7847831]
[0.8477219]
[-0.12747727]
[0.5056708]
[0.82792485]
[0.59163004]
[0.6158813]
[0.5880825]
[0.6177701]
[0.5882482]
[0.0250278]
[0.00969159]
[0.00980226]
[0.00645415]
[-0.00995684]
[0.8525359]
[0.93588835]
[0.7540835]
[-0.14846194]
[0.42406696]
[0.9252559]
[0.34959343]
[0.38428995]
[0.563301]
[0.7741616]
[0.7572209]
[-0.06392951]
[-0.26096684]
[-0.30626568]
[-0.28538707]
[0.46815833]
[0.5438234]
[1.8498459]
[1.224618]
[0.44483027]
[1.270559]
[1.4052116]
[0.9577422]
[1.2860403]
[1.2288216]
[0.93891406]
[0.75355405]
[0.17339694]
[0.30337802]
[0.08652045]
[0.6923225]
[1.0905226]
[2.148323]
[1.7224329]
[1.1566331]
[1.5782621]
[1.1507978]
[2.036332]
[1.6430943]
[1.3402019]
[2.9109714]
[2.7496107]
[4.4649453]
[1.4529381]
[2.5014956]
[4.449618]
[1.3712945]
[1.6129242]
[4.177566]
[4.9911695]
[1.850659]
[2.9182303]
[1.9379802]
[2.0281684]
[2.0219016]
[1.7866129]
[1.676739]
[1.6950018]
[1.1999499]
[1.197324]
[1.1036626]
[0.6696187]
[0.77119654]
[0.7587584]
[0.7468452]
[0.809837]
[0.86478186]
[0.80395126]
[0.6282624]
[2.5869896]
[2.0947824]
[3.449765]
[2.210969]
[1.4352094]
[2.3376596]
[5.911073]
[2.04708]
[3.519477]
[1.3637455]
[6.5408306]
[1.4972402]
[2.4822497]
[2.5800905]
[4.3357]
[4.590068]
[8.0378475]
[3.9179342]
[4.93571]
[4.617274]
[4.4719434]
[4.316774]
[4.241382]
[4.024511]
[3.9707086]
[2.641326]
[2.5738013]
[2.5365624]
[2.1355796]
[3.8005064]
[7.258938]
[2.4296603]
[3.6766756]
[4.7217083][4.3]
[30.92]
[39.25]
[29.7]
[19.45]
[13.74]
[11.15]
[9.61]
[8.47]
[7.25]
[6.36]
[5.68]
[5.17]
[4.9]
[4.63]
[4.43]
[4.25]
[3.5]
[3.25]
[3.48]
[3.45]
[3.34]
[3.16]
[3.03]
[3.19]
[3.24]
[3.07]
[2.9]
[3.01]
[3.39]
[4.09]
[3.93]
[3.38]
[3.37]
[3.68]
[3.86]
[4.88]
[11.97]
[10.98]
[9.57]
[8.25]
[9.26]
[7.3]
[7.03]
[5.94]
[5.1]
[4.59]
[4.19]
[3.92]
[3.62]
[3.37]
[3.17]
[2.96]
[2.64]
[2.49]
[2.4]
[2.35]
[2.23]
[2.07]
[2.05]
[2.27]
[2.12]
[2.14]
[2.13]
[2.16]
[2.18]
[1.91]
[1.59]
[1.35]
[1.24]
[1.21]
[1.]
[0.83]
[0.7]
[0.64]
[0.65]
[0.76]
[0.78]
[0.85]
[0.9]
[0.64]
[0.59]
[0.65]
[0.65]
[0.65]
[0.67]
[0.16]
[0.]
[0.]
[0.]
[0.]
[0.]
[0.]
[0.]
[0.]
[0.]
[0.]
[0.]
[0.]
[0.]
[0.]
[0.]
[0.]
[0.]
[0.]
[0.]
[0.]
[0.]
[0.]
[0.]
[0.34]
[0.66]
[0.71]
[0.71]
[0.77]
[0.78]
[0.81]
[0.78]
[0.67]
[0.75]
[0.8]
[0.82]
[0.81]
[0.81]
[0.81]
[0.8]
[0.8]
[0.81]
[0.82]
[0.82]
[0.83]
[0.83]
[0.83]
[0.83]
[0.83]
[0.82]
[0.76]
[0.76]
[0.77]
[0.78]
[0.85]
[0.83]
[0.81]
[0.77]
[0.8]
[0.81]
[0.87]
[0.85]
[0.8]
[0.84]
[0.86]
[0.86]
[0.86]
[0.86]
[0.86]
[0.87]
[0.87]
[0.94]
[0.92]
[0.89]
[0.87]
[0.84]
[0.81]
[0.84]
[0.86]
[0.88]
[0.85]
[0.85]
[0.86]
[0.86]
[0.87]
[0.91]
[0.92]
[0.92]
[0.87]
[0.87]
[0.89]
[0.96]
[0.93]
[0.87]
[0.86]
[0.86]
[0.87]
[1.26]
[1.7]
[1.51]
[1.47]
[1.34]
[1.36]
[1.36]
[1.36]
[1.36]
[1.36]
[1.24]
[1.29]
[1.47]
[1.67]
[2.26]
[1.83]
[3.23]
[2.92]
[2.42]
[2.19]
[2.03]
[2.01]
[1.91]
[1.87]
[1.85]
[1.98]
[1.97]
[1.87]
[1.81]
[1.81]
[1.78]
[1.72]
[1.72]
[1.72]
[1.7]
[1.63]
[1.62]
[1.62]
[1.64]
[1.62]
[1.61]
[1.62]
[1.67]
[1.97]
[2.01]
[2.65]
[2.94]
[2.52]
[2.26]
[2.12]
[2.5]
[2.89]
[2.98]
[3.54]
[3.07]
[2.56]
[2.41]
[2.57]
[2.84]
[4.66]
[3.71]
[2.99]
[2.65]
[2.45]
[2.33]
[2.28]
[2.22]
[2.19]
[2.11]
[2.09]
[2.06]
[2.27]
[2.55]
[3.]
[3.19]
[2.98]