0.7458985329951839, 0.7980258676853701, 37.40031157888526, 23.602953880294134[14.773499]
[33.390114]
[22.709677]
[21.779682]
[14.182525]
[7.6208186]
[6.580542]
[6.3429766]
[6.3304367]
[6.005976]
[4.4632177]
[3.0811803]
[2.0914605]
[2.691742]
[2.688183]
[2.6955528]
[2.6971989]
[2.6864707]
[2.6891296]
[2.6761374]
[2.5591564]
[3.1024]
[4.147617]
[3.5541396]
[4.3912163]
[4.27057]
[4.697729]
[4.0099535]
[4.123253]
[6.773814]
[2.8441737]
[3.1870253]
[2.4926648]
[2.500485]
[2.0144818]
[2.6570852]
[2.518804]
[13.174696]
[5.8935]
[2.3390813]
[7.743236]
[4.895665]
[4.2329583]
[7.3717833]
[3.91928]
[3.5650918]
[2.3643618]
[2.2448413]
[2.0812426]
[2.2516356]
[2.626137]
[3.028232]
[3.1997817]
[3.2203686]
[3.1959589]
[3.1591842]
[3.091719]
[3.0618405]
[2.6214225]
[2.6582675]
[2.5406225]
[2.577685]
[2.0054607]
[0.299763]
[0.3031429]
[0.9132593]
[1.1881448]
[0.80040187]
[0.65831935]
[0.42686385]
[-0.41260988]
[-0.42565238]
[-0.8198755]
[-1.0120245]
[-1.0380247]
[-1.0891768]
[-1.0693374]
[-1.065011]
[-1.0601121]
[-1.1098434]
[-1.0692313]
[-1.0600591]
[-1.0377914]
[-1.0336136]
[-1.0299765]
[-0.7591377]
[-0.4193326]
[-0.69020325]
[-1.1103204]
[-0.7643229]
[-0.83708525]
[-0.7820522]
[-0.78390783]
[-0.7812039]
[-0.78035563]
[-0.92398226]
[-0.87007326]
[-0.8563521]
[-0.81504023]
[-0.67570806]
[-0.41663927]
[-0.31535304]
[-0.6301759]
[-0.7355551]
[-0.6601949]
[-0.6950491]
[-0.68873996]
[-0.68902624]
[-0.6930556]
[-0.66661006]
[-0.66163695]
[-0.66148853]
[-0.6588058]
[-0.65845585]
[-0.6587422]
[-0.7357248]
[-0.7309743]
[-0.6644893]
[-0.3965665]
[-0.46007186]
[-0.92941135]
[-1.0687965]
[-0.9186698]
[-0.893062]
[-0.93436325]
[-1.0480452]
[-0.97710663]
[-0.90256286]
[-0.9047684]
[-0.86090106]
[-0.8456636]
[-0.84267336]
[-0.843914]
[-0.84405184]
[-0.84198415]
[-0.8627991]
[-0.8227915]
[-0.84584385]
[-0.84117824]
[-0.8609329]
[-0.88167363]
[-0.00271454]
[-0.73566115]
[-0.34363303]
[-0.9337907]
[-1.8307654]
[-1.2488043]
[-1.0079315]
[-1.0652868]
[-1.045267]
[-1.0490843]
[-0.7345266]
[-0.71938455]
[-0.7181651]
[-0.72311705]
[-0.72879]
[-0.68306696]
[0.0202477]
[-0.17572396]
[-0.5214035]
[-0.90592426]
[-1.9479465]
[-1.351607]
[-1.3958985]
[-1.1676757]
[-1.3458598]
[-0.62106735]
[-0.6498881]
[-1.321641]
[-0.83573854]
[-0.74746305]
[-0.10335393]
[0.00659548]
[1.2826115]
[1.3844014]
[1.2005312]
[0.2526244]
[-0.38457376]
[0.53075594]
[0.6239648]
[-0.2918977]
[-0.7838972]
[-0.6292746]
[-0.2441388]
[-0.8041396]
[0.24517266]
[0.36739317]
[-0.41827223]
[1.0257032]
[2.2445178]
[1.6772999]
[0.28167048]
[0.7555695]
[0.84808385]
[1.9920392]
[2.5069718]
[1.4447973]
[2.8724537]
[4.29341]
[2.7725353]
[2.8308132]
[0.70433265]
[1.6803404]
[1.8226297]
[2.0482652]
[3.581379]
[3.0290856]
[1.7610701]
[1.6492174]
[2.537269]
[2.5373354]
[1.7863599]
[1.8770822]
[1.8987482]
[1.1125128]
[1.1109766]
[0.83759683]
[0.05440211]
[0.33112335]
[0.30880925]
[0.28744683]
[0.3439087]
[0.36724737]
[0.65581954]
[0.3536959]
[1.651798]
[0.92629385]
[3.3321054]
[1.6161445]
[0.7607945]
[1.3050436]
[3.3351665]
[2.5756743]
[1.1731844]
[1.4049964]
[4.645001]
[3.3466516]
[2.5194602]
[1.4013567]
[1.7854533]
[4.998237]
[5.5269365]
[4.966392]
[5.593878]
[3.2539794]
[3.5687919]
[3.4937212]
[3.3424141]
[2.5613155]
[2.516152]
[2.2717004]
[2.2599912]
[2.2524626]
[1.9325858]
[3.8347628]
[2.9998925]
[4.2572184]
[2.442947]
[5.2127366][4.3]
[30.92]
[39.25]
[29.7]
[19.45]
[13.74]
[11.15]
[9.61]
[8.47]
[7.25]
[6.36]
[5.68]
[5.17]
[4.9]
[4.63]
[4.43]
[4.25]
[3.5]
[3.25]
[3.48]
[3.45]
[3.34]
[3.16]
[3.03]
[3.19]
[3.24]
[3.07]
[2.9]
[3.01]
[3.39]
[4.09]
[3.93]
[3.38]
[3.37]
[3.68]
[3.86]
[4.88]
[11.97]
[10.98]
[9.57]
[8.25]
[9.26]
[7.3]
[7.03]
[5.94]
[5.1]
[4.59]
[4.19]
[3.92]
[3.62]
[3.37]
[3.17]
[2.96]
[2.64]
[2.49]
[2.4]
[2.35]
[2.23]
[2.07]
[2.05]
[2.27]
[2.12]
[2.14]
[2.13]
[2.16]
[2.18]
[1.91]
[1.59]
[1.35]
[1.24]
[1.21]
[1.]
[0.83]
[0.7]
[0.64]
[0.65]
[0.76]
[0.78]
[0.85]
[0.9]
[0.64]
[0.59]
[0.65]
[0.65]
[0.65]
[0.67]
[0.16]
[0.]
[0.]
[0.]
[0.]
[0.]
[0.]
[0.]
[0.]
[0.]
[0.]
[0.]
[0.]
[0.]
[0.]
[0.]
[0.]
[0.]
[0.]
[0.]
[0.]
[0.]
[0.]
[0.]
[0.34]
[0.66]
[0.71]
[0.71]
[0.77]
[0.78]
[0.81]
[0.78]
[0.67]
[0.75]
[0.8]
[0.82]
[0.81]
[0.81]
[0.81]
[0.8]
[0.8]
[0.81]
[0.82]
[0.82]
[0.83]
[0.83]
[0.83]
[0.83]
[0.83]
[0.82]
[0.76]
[0.76]
[0.77]
[0.78]
[0.85]
[0.83]
[0.81]
[0.77]
[0.8]
[0.81]
[0.87]
[0.85]
[0.8]
[0.84]
[0.86]
[0.86]
[0.86]
[0.86]
[0.86]
[0.87]
[0.87]
[0.94]
[0.92]
[0.89]
[0.87]
[0.84]
[0.81]
[0.84]
[0.86]
[0.88]
[0.85]
[0.85]
[0.86]
[0.86]
[0.87]
[0.91]
[0.92]
[0.92]
[0.87]
[0.87]
[0.89]
[0.96]
[0.93]
[0.87]
[0.86]
[0.86]
[0.87]
[1.26]
[1.7]
[1.51]
[1.47]
[1.34]
[1.36]
[1.36]
[1.36]
[1.36]
[1.36]
[1.24]
[1.29]
[1.47]
[1.67]
[2.26]
[1.83]
[3.23]
[2.92]
[2.42]
[2.19]
[2.03]
[2.01]
[1.91]
[1.87]
[1.85]
[1.98]
[1.97]
[1.87]
[1.81]
[1.81]
[1.78]
[1.72]
[1.72]
[1.72]
[1.7]
[1.63]
[1.62]
[1.62]
[1.64]
[1.62]
[1.61]
[1.62]
[1.67]
[1.97]
[2.01]
[2.65]
[2.94]
[2.52]
[2.26]
[2.12]
[2.5]
[2.89]
[2.98]
[3.54]
[3.07]
[2.56]
[2.41]
[2.57]
[2.84]
[4.66]
[3.71]
[2.99]
[2.65]
[2.45]
[2.33]
[2.28]
[2.22]
[2.19]
[2.11]
[2.09]
[2.06]
[2.27]
[2.55]
[3.]
[3.19]
[2.98]