0.6928048729359492, 0.6942889385251642, 3.416720677810329, 25.951946233361085[9.878476]
[14.593301]
[24.569178]
[28.118612]
[8.931035]
[8.7366905]
[6.451578]
[5.696463]
[5.6171756]
[4.727234]
[4.2726917]
[4.0171885]
[3.5441072]
[3.0656803]
[3.0223405]
[3.0211914]
[3.0007024]
[2.9989607]
[2.9981337]
[2.994498]
[2.9512959]
[5.0174775]
[5.1538563]
[6.3240824]
[6.17344]
[5.8068857]
[6.1659074]
[6.1931653]
[6.4504914]
[7.955662]
[4.3500323]
[5.752868]
[4.7488055]
[4.2264795]
[4.7897687]
[5.059211]
[5.832496]
[6.5317655]
[5.2551374]
[7.682294]
[8.290466]
[7.2867336]
[6.9081006]
[8.02964]
[7.2562027]
[6.3143134]
[4.7212825]
[4.120988]
[4.0161424]
[4.0394707]
[4.1133623]
[4.30307]
[4.341166]
[4.109801]
[4.070098]
[4.018104]
[3.9210634]
[3.9049406]
[3.5881746]
[3.463693]
[2.9133387]
[3.1456995]
[3.4718764]
[2.3623564]
[1.8468432]
[1.9625862]
[1.6710994]
[1.3085786]
[1.1928992]
[1.1562636]
[0.939294]
[0.90325874]
[0.7407589]
[0.68073815]
[0.6681291]
[0.6478893]
[0.64502364]
[0.6392566]
[0.64799666]
[0.6686102]
[0.5943991]
[0.57110286]
[0.5270738]
[0.51902163]
[0.511835]
[0.40616947]
[0.98480755]
[0.76234794]
[0.6902404]
[0.6922431]
[0.85939]
[0.8308476]
[0.8115728]
[0.8026127]
[0.83808464]
[0.7939893]
[0.7101686]
[0.6813359]
[0.6659818]
[0.55762297]
[1.376735]
[0.88835925]
[0.6401964]
[0.5825575]
[0.60159636]
[0.5899906]
[0.5866717]
[0.58438796]
[0.5808331]
[0.66877854]
[0.6819244]
[0.6824891]
[0.68646544]
[0.6861182]
[0.68600154]
[0.6208553]
[0.6142598]
[0.5828729]
[0.5769667]
[0.43172562]
[0.40340322]
[0.07645243]
[-0.14123023]
[0.08324673]
[0.38501647]
[0.27838334]
[0.35389736]
[0.44199526]
[0.44473633]
[0.50336134]
[0.49395588]
[0.5982893]
[0.60469794]
[0.60220873]
[0.60306764]
[0.58473784]
[0.6061255]
[0.61842173]
[0.5978811]
[0.60421544]
[0.4109875]
[1.0909754]
[-5.671572]
[-0.31879923]
[-1.0212073]
[-0.49669695]
[0.15846914]
[0.43440703]
[0.22384605]
[0.30413967]
[0.23793831]
[0.5300243]
[0.58584726]
[0.5843495]
[0.5829604]
[0.59281915]
[0.07049185]
[1.1701266]
[-3.7786376]
[0.73785084]
[-0.73708206]
[-0.0130001]
[0.06340462]
[0.13268368]
[-2.3450856]
[-1.4085592]
[2.167074]
[0.4603131]
[-0.11356527]
[-0.05563744]
[-0.01378477]
[0.66491085]
[0.7337525]
[-1.6343431]
[2.852756]
[2.414321]
[1.2174428]
[-2.5368953]
[1.9303206]
[1.9585555]
[0.6112589]
[0.519862]
[0.3067137]
[0.78550106]
[0.48263514]
[1.1205584]
[1.590754]
[1.898397]
[0.48956332]
[3.9548905]
[2.8581057]
[2.1262126]
[1.5569814]
[-1.964711]
[1.3333713]
[2.8175957]
[-3.5514648]
[-1.4031832]
[6.4616356]
[4.022546]
[4.212256]
[1.0055696]
[2.2339194]
[2.5466774]
[-3.0731335]
[4.693]
[3.6485837]
[3.868464]
[2.853636]
[2.5807972]
[2.5070884]
[2.6813464]
[2.640232]
[2.6119215]
[2.166642]
[2.1644654]
[2.0305703]
[1.6808243]
[1.9958526]
[1.9901676]
[1.9847028]
[1.9604667]
[2.0271797]
[2.0979474]
[1.9624577]
[0.6832711]
[1.5097089]
[4.8768806]
[2.0272937]
[3.2082055]
[-1.9675845]
[5.8210707]
[3.6542063]
[3.0912154]
[1.5169061]
[6.0853367]
[3.9649017]
[3.6436927]
[2.4083948]
[1.9508705]
[0.80440605]
[8.755117]
[5.7597327]
[5.185824]
[4.3482056]
[3.9206474]
[3.7037797]
[3.5009832]
[2.8987098]
[2.8934648]
[2.4124136]
[2.2617276]
[2.1700933]
[2.0410945]
[2.9410594]
[8.141723]
[5.499793]
[4.340131]
[1.3860079][4.3]
[30.92]
[39.25]
[29.7]
[19.45]
[13.74]
[11.15]
[9.61]
[8.47]
[7.25]
[6.36]
[5.68]
[5.17]
[4.9]
[4.63]
[4.43]
[4.25]
[3.5]
[3.25]
[3.48]
[3.45]
[3.34]
[3.16]
[3.03]
[3.19]
[3.24]
[3.07]
[2.9]
[3.01]
[3.39]
[4.09]
[3.93]
[3.38]
[3.37]
[3.68]
[3.86]
[4.88]
[11.97]
[10.98]
[9.57]
[8.25]
[9.26]
[7.3]
[7.03]
[5.94]
[5.1]
[4.59]
[4.19]
[3.92]
[3.62]
[3.37]
[3.17]
[2.96]
[2.64]
[2.49]
[2.4]
[2.35]
[2.23]
[2.07]
[2.05]
[2.27]
[2.12]
[2.14]
[2.13]
[2.16]
[2.18]
[1.91]
[1.59]
[1.35]
[1.24]
[1.21]
[1.]
[0.83]
[0.7]
[0.64]
[0.65]
[0.76]
[0.78]
[0.85]
[0.9]
[0.64]
[0.59]
[0.65]
[0.65]
[0.65]
[0.67]
[0.16]
[0.]
[0.]
[0.]
[0.]
[0.]
[0.]
[0.]
[0.]
[0.]
[0.]
[0.]
[0.]
[0.]
[0.]
[0.]
[0.]
[0.]
[0.]
[0.]
[0.]
[0.]
[0.]
[0.]
[0.34]
[0.66]
[0.71]
[0.71]
[0.77]
[0.78]
[0.81]
[0.78]
[0.67]
[0.75]
[0.8]
[0.82]
[0.81]
[0.81]
[0.81]
[0.8]
[0.8]
[0.81]
[0.82]
[0.82]
[0.83]
[0.83]
[0.83]
[0.83]
[0.83]
[0.82]
[0.76]
[0.76]
[0.77]
[0.78]
[0.85]
[0.83]
[0.81]
[0.77]
[0.8]
[0.81]
[0.87]
[0.85]
[0.8]
[0.84]
[0.86]
[0.86]
[0.86]
[0.86]
[0.86]
[0.87]
[0.87]
[0.94]
[0.92]
[0.89]
[0.87]
[0.84]
[0.81]
[0.84]
[0.86]
[0.88]
[0.85]
[0.85]
[0.86]
[0.86]
[0.87]
[0.91]
[0.92]
[0.92]
[0.87]
[0.87]
[0.89]
[0.96]
[0.93]
[0.87]
[0.86]
[0.86]
[0.87]
[1.26]
[1.7]
[1.51]
[1.47]
[1.34]
[1.36]
[1.36]
[1.36]
[1.36]
[1.36]
[1.24]
[1.29]
[1.47]
[1.67]
[2.26]
[1.83]
[3.23]
[2.92]
[2.42]
[2.19]
[2.03]
[2.01]
[1.91]
[1.87]
[1.85]
[1.98]
[1.97]
[1.87]
[1.81]
[1.81]
[1.78]
[1.72]
[1.72]
[1.72]
[1.7]
[1.63]
[1.62]
[1.62]
[1.64]
[1.62]
[1.61]
[1.62]
[1.67]
[1.97]
[2.01]
[2.65]
[2.94]
[2.52]
[2.26]
[2.12]
[2.5]
[2.89]
[2.98]
[3.54]
[3.07]
[2.56]
[2.41]
[2.57]
[2.84]
[4.66]
[3.71]
[2.99]
[2.65]
[2.45]
[2.33]
[2.28]
[2.22]
[2.19]
[2.11]
[2.09]
[2.06]
[2.27]
[2.55]
[3.]
[3.19]
[2.98]