0.6840862702994686, 0.7102139447888279, 15.427098455272578, 26.317644856405114[16.36818]
[18.347786]
[23.553785]
[44.7924]
[12.360955]
[10.355302]
[7.064536]
[4.3058333]
[4.2271066]
[4.1815186]
[3.5839837]
[2.8784952]
[3.055163]
[3.479418]
[3.58796]
[3.6287627]
[3.5781727]
[3.5178802]
[3.5539646]
[3.4972959]
[2.9716775]
[4.3895864]
[5.0840206]
[4.2279563]
[4.6202188]
[4.35737]
[4.9376235]
[5.106909]
[6.239539]
[8.119646]
[4.7002406]
[2.1560912]
[4.198413]
[3.577722]
[2.1058297]
[2.443591]
[2.0502613]
[14.525385]
[4.8296785]
[4.462093]
[6.087777]
[4.436407]
[6.695168]
[11.416941]
[5.84815]
[3.8385537]
[3.8047016]
[3.922214]
[3.3239446]
[3.384205]
[3.079021]
[3.1595771]
[3.0361001]
[3.0596454]
[3.0224586]
[2.964711]
[2.8400755]
[2.785135]
[2.2616718]
[2.324753]
[2.5328977]
[2.215367]
[1.8004774]
[0.8430021]
[0.8664441]
[0.5154071]
[0.5047544]
[0.4805343]
[0.4337244]
[0.39693233]
[0.31552005]
[0.32845387]
[0.3481873]
[0.36902085]
[0.37889022]
[0.4009909]
[0.41086292]
[0.42115906]
[0.4047764]
[0.38617226]
[0.3551645]
[0.34027696]
[0.30949187]
[0.30406278]
[0.2990817]
[0.21227215]
[0.6086054]
[0.41390616]
[0.10536333]
[0.25417784]
[0.27077258]
[0.20979619]
[0.19711685]
[0.17503206]
[0.20934553]
[0.16553913]
[0.06605554]
[-0.00113459]
[-0.0222571]
[-0.17312606]
[0.39207852]
[0.127806]
[-0.07106577]
[-0.1715143]
[-0.1443583]
[-0.17579818]
[-0.17420763]
[-0.17363504]
[-0.17884144]
[-0.17332754]
[-0.17801435]
[-0.1776008]
[-0.17955188]
[-0.17963672]
[-0.18001844]
[-0.18104699]
[-0.17922316]
[-0.25358668]
[0.18663779]
[0.2274937]
[-0.23258081]
[-0.21388656]
[-0.11146574]
[0.07008758]
[-0.23153105]
[-0.17878842]
[-0.19574368]
[-0.10078785]
[-0.09571929]
[-0.14408262]
[-0.14784692]
[-0.17598905]
[-0.17168397]
[-0.17817341]
[-0.17492868]
[-0.1960724]
[-0.18196952]
[-0.12700011]
[-0.1750029]
[-0.1761481]
[-0.23360938]
[0.85640776]
[-1.3651266]
[1.316408]
[-0.7091414]
[-0.48158672]
[-0.45250085]
[-0.20431145]
[-0.358054]
[-0.3236769]
[-0.29380637]
[-0.05399387]
[-0.07650545]
[-0.0766433]
[-0.07609191]
[-0.08274041]
[-0.40130636]
[0.09808922]
[0.6929814]
[1.351652]
[-1.0451822]
[-0.10291918]
[-0.06326147]
[-0.0598683]
[0.434244]
[-0.83941805]
[1.2533692]
[-0.23005715]
[-0.18690023]
[0.27965313]
[0.21426563]
[0.5980468]
[0.57776463]
[1.2284983]
[1.867417]
[2.0780826]
[0.13628495]
[2.2184963]
[1.8474184]
[2.0675]
[0.25537604]
[0.70750445]
[0.5769587]
[0.21681581]
[0.16777518]
[0.26042473]
[0.93715996]
[0.21477991]
[0.6342914]
[1.768107]
[2.0412495]
[1.282361]
[1.0671808]
[0.56722325]
[2.1441329]
[2.1373584]
[0.5068062]
[1.8914396]
[3.9649203]
[2.6069431]
[3.432827]
[2.9213896]
[1.3878808]
[2.1152234]
[2.409768]
[1.8916516]
[3.25075]
[2.9642537]
[2.5273573]
[1.4774089]
[1.4948757]
[1.2921151]
[1.2410902]
[1.2349216]
[0.8643274]
[0.85863715]
[0.76430565]
[0.31910276]
[0.25743315]
[0.25640327]
[0.25543305]
[0.26842785]
[0.3345523]
[0.3645885]
[0.23669106]
[0.03680798]
[1.9518911]
[4.366159]
[2.262446]
[0.3204481]
[2.982692]
[3.1110904]
[3.1058033]
[3.9171243]
[1.2880168]
[4.4490905]
[3.3561902]
[2.9304888]
[3.5597727]
[3.1416197]
[2.4279268]
[12.364557]
[4.3604302]
[5.434884]
[5.5181746]
[3.2453554]
[3.1432846]
[3.0537844]
[2.8077395]
[2.648552]
[1.9685799]
[1.9480976]
[1.9314458]
[1.7674893]
[4.662978]
[2.4569807]
[4.184684]
[2.4697888]
[3.2376678][4.3]
[30.92]
[39.25]
[29.7]
[19.45]
[13.74]
[11.15]
[9.61]
[8.47]
[7.25]
[6.36]
[5.68]
[5.17]
[4.9]
[4.63]
[4.43]
[4.25]
[3.5]
[3.25]
[3.48]
[3.45]
[3.34]
[3.16]
[3.03]
[3.19]
[3.24]
[3.07]
[2.9]
[3.01]
[3.39]
[4.09]
[3.93]
[3.38]
[3.37]
[3.68]
[3.86]
[4.88]
[11.97]
[10.98]
[9.57]
[8.25]
[9.26]
[7.3]
[7.03]
[5.94]
[5.1]
[4.59]
[4.19]
[3.92]
[3.62]
[3.37]
[3.17]
[2.96]
[2.64]
[2.49]
[2.4]
[2.35]
[2.23]
[2.07]
[2.05]
[2.27]
[2.12]
[2.14]
[2.13]
[2.16]
[2.18]
[1.91]
[1.59]
[1.35]
[1.24]
[1.21]
[1.]
[0.83]
[0.7]
[0.64]
[0.65]
[0.76]
[0.78]
[0.85]
[0.9]
[0.64]
[0.59]
[0.65]
[0.65]
[0.65]
[0.67]
[0.16]
[0.]
[0.]
[0.]
[0.]
[0.]
[0.]
[0.]
[0.]
[0.]
[0.]
[0.]
[0.]
[0.]
[0.]
[0.]
[0.]
[0.]
[0.]
[0.]
[0.]
[0.]
[0.]
[0.]
[0.34]
[0.66]
[0.71]
[0.71]
[0.77]
[0.78]
[0.81]
[0.78]
[0.67]
[0.75]
[0.8]
[0.82]
[0.81]
[0.81]
[0.81]
[0.8]
[0.8]
[0.81]
[0.82]
[0.82]
[0.83]
[0.83]
[0.83]
[0.83]
[0.83]
[0.82]
[0.76]
[0.76]
[0.77]
[0.78]
[0.85]
[0.83]
[0.81]
[0.77]
[0.8]
[0.81]
[0.87]
[0.85]
[0.8]
[0.84]
[0.86]
[0.86]
[0.86]
[0.86]
[0.86]
[0.87]
[0.87]
[0.94]
[0.92]
[0.89]
[0.87]
[0.84]
[0.81]
[0.84]
[0.86]
[0.88]
[0.85]
[0.85]
[0.86]
[0.86]
[0.87]
[0.91]
[0.92]
[0.92]
[0.87]
[0.87]
[0.89]
[0.96]
[0.93]
[0.87]
[0.86]
[0.86]
[0.87]
[1.26]
[1.7]
[1.51]
[1.47]
[1.34]
[1.36]
[1.36]
[1.36]
[1.36]
[1.36]
[1.24]
[1.29]
[1.47]
[1.67]
[2.26]
[1.83]
[3.23]
[2.92]
[2.42]
[2.19]
[2.03]
[2.01]
[1.91]
[1.87]
[1.85]
[1.98]
[1.97]
[1.87]
[1.81]
[1.81]
[1.78]
[1.72]
[1.72]
[1.72]
[1.7]
[1.63]
[1.62]
[1.62]
[1.64]
[1.62]
[1.61]
[1.62]
[1.67]
[1.97]
[2.01]
[2.65]
[2.94]
[2.52]
[2.26]
[2.12]
[2.5]
[2.89]
[2.98]
[3.54]
[3.07]
[2.56]
[2.41]
[2.57]
[2.84]
[4.66]
[3.71]
[2.99]
[2.65]
[2.45]
[2.33]
[2.28]
[2.22]
[2.19]
[2.11]
[2.09]
[2.06]
[2.27]
[2.55]
[3.]
[3.19]
[2.98]