0.7651536297258773, 0.7867665413852458, -9.989133726267093, 22.69105548227264[5.7676697]
[16.359415]
[33.885113]
[46.008095]
[19.039663]
[10.535618]
[9.293496]
[7.144835]
[7.0542693]
[7.113761]
[5.2330394]
[4.205561]
[3.4432185]
[3.0126514]
[2.9599645]
[2.9781642]
[2.9465442]
[2.9540634]
[2.9484832]
[2.9690173]
[3.950001]
[4.1136365]
[6.066832]
[4.9011273]
[5.9238534]
[5.1340714]
[5.4944844]
[5.5282097]
[6.6353464]
[6.156962]
[6.501797]
[4.4598794]
[2.8891637]
[3.3534346]
[3.908176]
[2.894903]
[3.9993331]
[5.3239036]
[5.224999]
[5.824761]
[5.6135464]
[5.909626]
[5.526973]
[6.763779]
[6.675212]
[6.4430737]
[5.580979]
[5.4468875]
[5.433317]
[5.278162]
[4.9092946]
[4.80764]
[4.281107]
[3.7861543]
[3.7555814]
[3.7112184]
[3.6924179]
[3.7007842]
[3.6345034]
[3.563366]
[3.582527]
[3.0051625]
[3.7281125]
[2.7582004]
[2.5182183]
[2.7305858]
[2.7301776]
[2.5246017]
[2.2456644]
[1.9662418]
[1.3170615]
[1.2357075]
[0.79540354]
[0.603228]
[0.5771854]
[0.5339993]
[0.55194604]
[0.5325731]
[0.53370243]
[0.5533351]
[0.53038347]
[0.53468853]
[0.53184676]
[0.53114426]
[0.5306936]
[0.8132124]
[0.6959146]
[0.54727244]
[0.83483857]
[0.5634457]
[0.39707682]
[0.38305876]
[0.38095924]
[0.38214156]
[0.3867409]
[0.24670623]
[0.19369584]
[0.08696995]
[0.02176535]
[0.08948036]
[0.00723037]
[-0.13950184]
[-0.04436574]
[-0.1700616]
[-0.18911639]
[-0.18600951]
[-0.2059232]
[-0.2036222]
[-0.2016181]
[-0.20502189]
[-0.21270955]
[-0.21276256]
[-0.21624057]
[-0.21603909]
[-0.21586944]
[-0.3132747]
[-0.30269226]
[-0.12111507]
[-0.10399015]
[-0.18952993]
[-0.23387447]
[-0.49642125]
[-0.41426402]
[-0.27550447]
[-0.19624205]
[-0.21677075]
[-0.27782667]
[-0.275356]
[-0.27696776]
[-0.26883474]
[-0.2718462]
[-0.32722914]
[-0.3287879]
[-0.32602033]
[-0.3270701]
[-0.31453654]
[-0.32979524]
[-0.34103513]
[-0.3198172]
[-0.3242071]
[-0.27055255]
[-0.9483283]
[-0.6313423]
[0.03890883]
[-0.02593657]
[-0.53656673]
[0.01960485]
[0.21152061]
[0.19298805]
[0.18641378]
[0.24695806]
[0.42498302]
[0.39927444]
[0.39851096]
[0.396149]
[0.3842941]
[0.41302207]
[0.34405452]
[-0.00295842]
[1.0645882]
[0.18463501]
[0.38398394]
[0.9621276]
[0.93204236]
[-0.03525719]
[0.44577813]
[1.2799275]
[1.0220834]
[0.5549256]
[0.67956376]
[0.77282834]
[1.7158442]
[1.8379295]
[1.7381331]
[2.3277102]
[1.5575155]
[1.6875218]
[1.2122005]
[2.576162]
[2.592664]
[2.2319934]
[2.1542315]
[1.973052]
[1.4135311]
[1.1930914]
[1.6895258]
[2.1229799]
[2.133679]
[2.506618]
[2.8765745]
[3.055074]
[2.8490634]
[2.6970968]
[2.2064996]
[2.8988369]
[2.9101644]
[2.3019035]
[3.4580278]
[3.988858]
[4.2755337]
[3.6868033]
[3.6180491]
[3.8521185]
[3.8787932]
[2.612485]
[6.4164786]
[4.108596]
[3.484109]
[3.4054694]
[3.4858267]
[3.5231516]
[3.1383154]
[3.1605911]
[3.1442482]
[2.694043]
[2.69276]
[2.6370933]
[2.4364827]
[2.3648655]
[2.362949]
[2.3611302]
[2.4059892]
[2.4189653]
[2.3501396]
[2.2464542]
[2.5769176]
[3.3511455]
[2.5235121]
[2.984313]
[2.3928697]
[2.1681502]
[3.8596087]
[3.1848416]
[3.288034]
[2.4739547]
[4.289269]
[3.7994592]
[3.4739373]
[3.943049]
[3.5293906]
[4.7511554]
[10.338434]
[5.5766006]
[4.8000717]
[5.095882]
[4.493647]
[4.4821844]
[4.3677497]
[3.770392]
[3.4386404]
[2.968967]
[2.9864233]
[2.9774976]
[2.8907702]
[3.6292639]
[4.9650354]
[4.7807555]
[3.4864814]
[5.1455936][4.3]
[30.92]
[39.25]
[29.7]
[19.45]
[13.74]
[11.15]
[9.61]
[8.47]
[7.25]
[6.36]
[5.68]
[5.17]
[4.9]
[4.63]
[4.43]
[4.25]
[3.5]
[3.25]
[3.48]
[3.45]
[3.34]
[3.16]
[3.03]
[3.19]
[3.24]
[3.07]
[2.9]
[3.01]
[3.39]
[4.09]
[3.93]
[3.38]
[3.37]
[3.68]
[3.86]
[4.88]
[11.97]
[10.98]
[9.57]
[8.25]
[9.26]
[7.3]
[7.03]
[5.94]
[5.1]
[4.59]
[4.19]
[3.92]
[3.62]
[3.37]
[3.17]
[2.96]
[2.64]
[2.49]
[2.4]
[2.35]
[2.23]
[2.07]
[2.05]
[2.27]
[2.12]
[2.14]
[2.13]
[2.16]
[2.18]
[1.91]
[1.59]
[1.35]
[1.24]
[1.21]
[1.]
[0.83]
[0.7]
[0.64]
[0.65]
[0.76]
[0.78]
[0.85]
[0.9]
[0.64]
[0.59]
[0.65]
[0.65]
[0.65]
[0.67]
[0.16]
[0.]
[0.]
[0.]
[0.]
[0.]
[0.]
[0.]
[0.]
[0.]
[0.]
[0.]
[0.]
[0.]
[0.]
[0.]
[0.]
[0.]
[0.]
[0.]
[0.]
[0.]
[0.]
[0.]
[0.34]
[0.66]
[0.71]
[0.71]
[0.77]
[0.78]
[0.81]
[0.78]
[0.67]
[0.75]
[0.8]
[0.82]
[0.81]
[0.81]
[0.81]
[0.8]
[0.8]
[0.81]
[0.82]
[0.82]
[0.83]
[0.83]
[0.83]
[0.83]
[0.83]
[0.82]
[0.76]
[0.76]
[0.77]
[0.78]
[0.85]
[0.83]
[0.81]
[0.77]
[0.8]
[0.81]
[0.87]
[0.85]
[0.8]
[0.84]
[0.86]
[0.86]
[0.86]
[0.86]
[0.86]
[0.87]
[0.87]
[0.94]
[0.92]
[0.89]
[0.87]
[0.84]
[0.81]
[0.84]
[0.86]
[0.88]
[0.85]
[0.85]
[0.86]
[0.86]
[0.87]
[0.91]
[0.92]
[0.92]
[0.87]
[0.87]
[0.89]
[0.96]
[0.93]
[0.87]
[0.86]
[0.86]
[0.87]
[1.26]
[1.7]
[1.51]
[1.47]
[1.34]
[1.36]
[1.36]
[1.36]
[1.36]
[1.36]
[1.24]
[1.29]
[1.47]
[1.67]
[2.26]
[1.83]
[3.23]
[2.92]
[2.42]
[2.19]
[2.03]
[2.01]
[1.91]
[1.87]
[1.85]
[1.98]
[1.97]
[1.87]
[1.81]
[1.81]
[1.78]
[1.72]
[1.72]
[1.72]
[1.7]
[1.63]
[1.62]
[1.62]
[1.64]
[1.62]
[1.61]
[1.62]
[1.67]
[1.97]
[2.01]
[2.65]
[2.94]
[2.52]
[2.26]
[2.12]
[2.5]
[2.89]
[2.98]
[3.54]
[3.07]
[2.56]
[2.41]
[2.57]
[2.84]
[4.66]
[3.71]
[2.99]
[2.65]
[2.45]
[2.33]
[2.28]
[2.22]
[2.19]
[2.11]
[2.09]
[2.06]
[2.27]
[2.55]
[3.]
[3.19]
[2.98]