0.7242098547257849, 0.749246747558622, 5.737265161375663, 24.589638461234532[10.372422]
[11.696027]
[22.947672]
[24.515236]
[10.527043]
[8.173743]
[4.9506774]
[3.9003758]
[4.366001]
[4.20644]
[3.6663244]
[3.260117]
[2.3518262]
[2.879473]
[2.9340675]
[2.9097636]
[2.886121]
[2.8987296]
[2.898279]
[2.8724673]
[2.5634472]
[5.426344]
[5.0542917]
[5.1866026]
[4.9808397]
[4.6131773]
[4.74476]
[4.960412]
[5.9968505]
[7.009667]
[5.5949683]
[5.223959]
[4.3914986]
[2.9643323]
[3.915732]
[3.5600598]
[3.3405824]
[17.262901]
[5.821402]
[6.489011]
[6.4770317]
[6.4030404]
[6.550567]
[7.4691005]
[6.074151]
[6.265658]
[5.116599]
[4.5912204]
[4.472172]
[4.2863297]
[3.6428182]
[3.3647988]
[2.9538474]
[2.8232746]
[2.7947838]
[2.7757668]
[2.704367]
[2.6817064]
[2.3685117]
[2.3881001]
[3.2699666]
[3.1587205]
[2.3876958]
[1.6671051]
[1.8427628]
[1.6914796]
[1.5024673]
[1.3655792]
[1.3357717]
[1.2094628]
[0.96788144]
[0.9407314]
[0.8006656]
[0.7433939]
[0.73567706]
[0.72009367]
[0.72854346]
[0.75445086]
[0.72860175]
[0.733329]
[0.7048131]
[0.70319074]
[0.6911927]
[0.6889328]
[0.6869903]
[0.7135426]
[1.0822241]
[0.74085164]
[0.80258423]
[0.66944456]
[0.5682975]
[0.56129247]
[0.54971856]
[0.5437235]
[0.53032714]
[0.52318424]
[0.46383154]
[0.44391388]
[0.42392993]
[0.36266991]
[0.6936143]
[0.5541642]
[0.48892114]
[0.47556713]
[0.43334866]
[0.4164663]
[0.42172438]
[0.4166651]
[0.41551858]
[0.39239463]
[0.3957878]
[0.39599457]
[0.39692506]
[0.39739823]
[0.39684817]
[0.3565688]
[0.36075065]
[0.42190465]
[0.7845659]
[0.47012877]
[0.25444624]
[0.08134404]
[0.30141783]
[0.18297885]
[0.25786856]
[0.16586056]
[0.20412123]
[0.19683917]
[0.19813149]
[0.29806176]
[0.317717]
[0.35763848]
[0.35743964]
[0.3566868]
[0.35859942]
[0.35907528]
[0.36236903]
[0.3546575]
[0.34373972]
[0.35336784]
[0.35352823]
[0.10924891]
[0.85893077]
[0.07944598]
[0.4706497]
[-0.33326262]
[-0.01480272]
[0.13592641]
[0.14329198]
[0.15491493]
[0.18407236]
[0.40522242]
[0.4982749]
[0.49856517]
[0.49614885]
[0.53055906]
[0.5795772]
[1.0910802]
[1.6423748]
[-0.18310411]
[0.5391156]
[-0.18381456]
[0.08695934]
[-0.02190717]
[-0.70899296]
[-0.38593104]
[0.36863646]
[0.6616628]
[0.355641]
[0.17942066]
[0.02214642]
[0.7868623]
[0.8788935]
[0.87334645]
[2.6986005]
[1.1635761]
[1.1722426]
[1.1229806]
[1.1444702]
[1.3474119]
[1.2665205]
[1.0737472]
[0.829501]
[0.59784]
[0.727892]
[0.56623644]
[0.9627599]
[1.298698]
[1.8719414]
[2.9440324]
[2.0443213]
[1.8009697]
[1.898662]
[1.4901272]
[2.3240592]
[2.6930199]
[1.4925231]
[4.1871524]
[5.428035]
[2.8050697]
[3.6427667]
[2.5138197]
[2.343561]
[2.6825883]
[1.8350705]
[4.4118404]
[3.05744]
[2.3371189]
[2.4167233]
[2.1371796]
[2.1233795]
[1.9439039]
[1.9589671]
[1.9381123]
[1.9359478]
[1.9323326]
[1.9128656]
[1.564858]
[1.67896]
[1.6767498]
[1.6746788]
[1.7252284]
[1.805976]
[1.6648346]
[1.5016959]
[1.8918816]
[3.6068213]
[4.3898215]
[2.5144246]
[2.9415805]
[1.7543708]
[5.0430565]
[2.7213342]
[3.3703475]
[2.2476697]
[5.6864367]
[3.0040915]
[3.4548528]
[2.8352294]
[3.0041702]
[4.7062697]
[6.7263045]
[4.57565]
[5.1254997]
[3.552121]
[3.0566056]
[2.9393616]
[2.8468287]
[2.3843212]
[2.1701224]
[2.19174]
[2.244323]
[2.2742558]
[2.2184632]
[3.5344744]
[5.1722293]
[3.6281621]
[2.860888]
[5.0078483][4.3]
[30.92]
[39.25]
[29.7]
[19.45]
[13.74]
[11.15]
[9.61]
[8.47]
[7.25]
[6.36]
[5.68]
[5.17]
[4.9]
[4.63]
[4.43]
[4.25]
[3.5]
[3.25]
[3.48]
[3.45]
[3.34]
[3.16]
[3.03]
[3.19]
[3.24]
[3.07]
[2.9]
[3.01]
[3.39]
[4.09]
[3.93]
[3.38]
[3.37]
[3.68]
[3.86]
[4.88]
[11.97]
[10.98]
[9.57]
[8.25]
[9.26]
[7.3]
[7.03]
[5.94]
[5.1]
[4.59]
[4.19]
[3.92]
[3.62]
[3.37]
[3.17]
[2.96]
[2.64]
[2.49]
[2.4]
[2.35]
[2.23]
[2.07]
[2.05]
[2.27]
[2.12]
[2.14]
[2.13]
[2.16]
[2.18]
[1.91]
[1.59]
[1.35]
[1.24]
[1.21]
[1.]
[0.83]
[0.7]
[0.64]
[0.65]
[0.76]
[0.78]
[0.85]
[0.9]
[0.64]
[0.59]
[0.65]
[0.65]
[0.65]
[0.67]
[0.16]
[0.]
[0.]
[0.]
[0.]
[0.]
[0.]
[0.]
[0.]
[0.]
[0.]
[0.]
[0.]
[0.]
[0.]
[0.]
[0.]
[0.]
[0.]
[0.]
[0.]
[0.]
[0.]
[0.]
[0.34]
[0.66]
[0.71]
[0.71]
[0.77]
[0.78]
[0.81]
[0.78]
[0.67]
[0.75]
[0.8]
[0.82]
[0.81]
[0.81]
[0.81]
[0.8]
[0.8]
[0.81]
[0.82]
[0.82]
[0.83]
[0.83]
[0.83]
[0.83]
[0.83]
[0.82]
[0.76]
[0.76]
[0.77]
[0.78]
[0.85]
[0.83]
[0.81]
[0.77]
[0.8]
[0.81]
[0.87]
[0.85]
[0.8]
[0.84]
[0.86]
[0.86]
[0.86]
[0.86]
[0.86]
[0.87]
[0.87]
[0.94]
[0.92]
[0.89]
[0.87]
[0.84]
[0.81]
[0.84]
[0.86]
[0.88]
[0.85]
[0.85]
[0.86]
[0.86]
[0.87]
[0.91]
[0.92]
[0.92]
[0.87]
[0.87]
[0.89]
[0.96]
[0.93]
[0.87]
[0.86]
[0.86]
[0.87]
[1.26]
[1.7]
[1.51]
[1.47]
[1.34]
[1.36]
[1.36]
[1.36]
[1.36]
[1.36]
[1.24]
[1.29]
[1.47]
[1.67]
[2.26]
[1.83]
[3.23]
[2.92]
[2.42]
[2.19]
[2.03]
[2.01]
[1.91]
[1.87]
[1.85]
[1.98]
[1.97]
[1.87]
[1.81]
[1.81]
[1.78]
[1.72]
[1.72]
[1.72]
[1.7]
[1.63]
[1.62]
[1.62]
[1.64]
[1.62]
[1.61]
[1.62]
[1.67]
[1.97]
[2.01]
[2.65]
[2.94]
[2.52]
[2.26]
[2.12]
[2.5]
[2.89]
[2.98]
[3.54]
[3.07]
[2.56]
[2.41]
[2.57]
[2.84]
[4.66]
[3.71]
[2.99]
[2.65]
[2.45]
[2.33]
[2.28]
[2.22]
[2.19]
[2.11]
[2.09]
[2.06]
[2.27]
[2.55]
[3.]
[3.19]
[2.98]