0.8705013660902903, 0.8764027526364906, -11.126742209717657, 16.849823852016822[6.348659]
[21.650827]
[43.63905]
[31.682621]
[14.346249]
[8.956557]
[8.366323]
[7.205292]
[6.2731786]
[5.9231]
[4.360739]
[3.6329088]
[3.7691023]
[3.8160348]
[3.7207973]
[3.7151165]
[3.7032304]
[3.7001545]
[3.7048984]
[3.7062578]
[4.4108696]
[5.201413]
[6.310347]
[6.1360655]
[5.5979533]
[5.9368443]
[5.561582]
[6.4531627]
[5.248445]
[7.4268556]
[5.623408]
[4.875939]
[5.5742116]
[4.2314672]
[3.8062994]
[3.79982]
[3.836148]
[6.4819245]
[6.9269457]
[5.992303]
[5.7488365]
[7.20241]
[5.5407596]
[7.303256]
[7.578722]
[6.8620353]
[5.5040994]
[4.5728874]
[4.7986884]
[4.643197]
[4.655374]
[4.700291]
[4.224091]
[3.8822765]
[3.8396459]
[3.7789347]
[3.7428827]
[3.7525442]
[3.4463181]
[3.4631891]
[3.4386597]
[3.432163]
[3.1896975]
[2.3496068]
[2.4921334]
[2.3759694]
[2.436142]
[1.9826517]
[1.7771579]
[1.527372]
[1.278329]
[1.2281485]
[0.9791651]
[0.9446369]
[0.9401621]
[0.92862135]
[0.9328681]
[0.9674719]
[0.9398573]
[0.9383953]
[0.893449]
[0.8741583]
[0.8406136]
[0.83459336]
[0.8291484]
[0.7809216]
[1.239894]
[0.86740375]
[0.7869007]
[0.8022919]
[0.6548652]
[0.6185675]
[0.60001904]
[0.5781265]
[0.5560085]
[0.524733]
[0.3937022]
[0.32553256]
[0.2900699]
[0.23735379]
[0.6219037]
[0.37205747]
[0.10062084]
[0.23292014]
[0.16680495]
[0.10877904]
[0.1369437]
[0.12545595]
[0.12235305]
[0.11224246]
[0.10848611]
[0.10827801]
[0.10800629]
[0.10866638]
[0.10877771]
[0.06346825]
[0.0647155]
[0.09514935]
[0.6019542]
[0.2451634]
[-0.06292216]
[0.04183014]
[0.09333215]
[0.04369241]
[-0.07845653]
[0.0125839]
[-0.03475882]
[-0.03694317]
[-0.03543745]
[0.00852137]
[0.01838676]
[0.01298949]
[0.0168426]
[0.01393454]
[0.01622891]
[0.04118332]
[0.01547075]
[0.03763109]
[0.00762669]
[0.0140313]
[0.12391444]
[-0.5612096]
[1.120667]
[0.8579652]
[-0.10235719]
[0.36721689]
[0.19328098]
[0.28871796]
[0.1596223]
[0.293365]
[0.24397314]
[0.26805142]
[0.26449388]
[0.26516324]
[0.2614599]
[0.2598919]
[0.39181077]
[0.49374115]
[1.3501735]
[1.2690719]
[0.07445364]
[1.1812451]
[0.86851186]
[0.7466532]
[0.667746]
[0.5354427]
[1.199089]
[0.9839924]
[1.071132]
[0.75041884]
[0.65598124]
[1.0312489]
[1.1035408]
[1.110229]
[3.282272]
[1.8431896]
[0.6185463]
[1.6448865]
[1.6359575]
[2.099543]
[1.5415809]
[1.9906243]
[1.4497048]
[1.2732259]
[1.2881347]
[1.2575809]
[1.9362023]
[1.8858303]
[1.5913671]
[3.0710053]
[2.9323857]
[2.048539]
[2.5673318]
[1.7794662]
[2.1689668]
[3.1194065]
[1.9852045]
[3.7895973]
[6.067776]
[3.930844]
[3.3140638]
[3.0113604]
[3.3577065]
[3.3650827]
[1.8152715]
[4.638507]
[3.827844]
[2.7620616]
[3.5023599]
[3.103741]
[3.1894298]
[2.9416902]
[2.9561894]
[2.9310846]
[2.313384]
[2.3147147]
[2.2044015]
[1.8377645]
[1.8276321]
[1.8162178]
[1.805253]
[1.8385737]
[1.903089]
[1.9449503]
[1.8287461]
[1.4608486]
[2.7156765]
[4.2092004]
[2.9681704]
[2.9776227]
[2.2758265]
[4.180124]
[4.1775045]
[2.614122]
[2.2311008]
[5.3914814]
[4.5958033]
[3.3633]
[3.7520869]
[2.9719207]
[4.095505]
[6.9249496]
[5.8745193]
[4.698504]
[4.5059166]
[3.7027333]
[3.589854]
[3.4540448]
[3.0810192]
[3.0136812]
[2.7457929]
[2.5769932]
[2.4635592]
[2.3446841]
[4.17241]
[6.1458626]
[4.847807]
[1.8909154]
[4.6006527][4.3]
[30.92]
[39.25]
[29.7]
[19.45]
[13.74]
[11.15]
[9.61]
[8.47]
[7.25]
[6.36]
[5.68]
[5.17]
[4.9]
[4.63]
[4.43]
[4.25]
[3.5]
[3.25]
[3.48]
[3.45]
[3.34]
[3.16]
[3.03]
[3.19]
[3.24]
[3.07]
[2.9]
[3.01]
[3.39]
[4.09]
[3.93]
[3.38]
[3.37]
[3.68]
[3.86]
[4.88]
[11.97]
[10.98]
[9.57]
[8.25]
[9.26]
[7.3]
[7.03]
[5.94]
[5.1]
[4.59]
[4.19]
[3.92]
[3.62]
[3.37]
[3.17]
[2.96]
[2.64]
[2.49]
[2.4]
[2.35]
[2.23]
[2.07]
[2.05]
[2.27]
[2.12]
[2.14]
[2.13]
[2.16]
[2.18]
[1.91]
[1.59]
[1.35]
[1.24]
[1.21]
[1.]
[0.83]
[0.7]
[0.64]
[0.65]
[0.76]
[0.78]
[0.85]
[0.9]
[0.64]
[0.59]
[0.65]
[0.65]
[0.65]
[0.67]
[0.16]
[0.]
[0.]
[0.]
[0.]
[0.]
[0.]
[0.]
[0.]
[0.]
[0.]
[0.]
[0.]
[0.]
[0.]
[0.]
[0.]
[0.]
[0.]
[0.]
[0.]
[0.]
[0.]
[0.]
[0.34]
[0.66]
[0.71]
[0.71]
[0.77]
[0.78]
[0.81]
[0.78]
[0.67]
[0.75]
[0.8]
[0.82]
[0.81]
[0.81]
[0.81]
[0.8]
[0.8]
[0.81]
[0.82]
[0.82]
[0.83]
[0.83]
[0.83]
[0.83]
[0.83]
[0.82]
[0.76]
[0.76]
[0.77]
[0.78]
[0.85]
[0.83]
[0.81]
[0.77]
[0.8]
[0.81]
[0.87]
[0.85]
[0.8]
[0.84]
[0.86]
[0.86]
[0.86]
[0.86]
[0.86]
[0.87]
[0.87]
[0.94]
[0.92]
[0.89]
[0.87]
[0.84]
[0.81]
[0.84]
[0.86]
[0.88]
[0.85]
[0.85]
[0.86]
[0.86]
[0.87]
[0.91]
[0.92]
[0.92]
[0.87]
[0.87]
[0.89]
[0.96]
[0.93]
[0.87]
[0.86]
[0.86]
[0.87]
[1.26]
[1.7]
[1.51]
[1.47]
[1.34]
[1.36]
[1.36]
[1.36]
[1.36]
[1.36]
[1.24]
[1.29]
[1.47]
[1.67]
[2.26]
[1.83]
[3.23]
[2.92]
[2.42]
[2.19]
[2.03]
[2.01]
[1.91]
[1.87]
[1.85]
[1.98]
[1.97]
[1.87]
[1.81]
[1.81]
[1.78]
[1.72]
[1.72]
[1.72]
[1.7]
[1.63]
[1.62]
[1.62]
[1.64]
[1.62]
[1.61]
[1.62]
[1.67]
[1.97]
[2.01]
[2.65]
[2.94]
[2.52]
[2.26]
[2.12]
[2.5]
[2.89]
[2.98]
[3.54]
[3.07]
[2.56]
[2.41]
[2.57]
[2.84]
[4.66]
[3.71]
[2.99]
[2.65]
[2.45]
[2.33]
[2.28]
[2.22]
[2.19]
[2.11]
[2.09]
[2.06]
[2.27]
[2.55]
[3.]
[3.19]
[2.98]