0.7675064841088576, 0.8370516289561025, 41.92212751821299, 22.577101954320405[6.519387]
[15.037042]
[32.010323]
[36.3029]
[14.322033]
[6.0242066]
[5.414783]
[4.8650603]
[4.3892646]
[4.250257]
[4.170206]
[3.186279]
[2.1015375]
[1.3221561]
[1.28936]
[1.2716581]
[1.2550462]
[1.2635351]
[1.267311]
[1.2555325]
[2.2073379]
[3.8288877]
[4.257122]
[3.7937994]
[4.255615]
[3.5478237]
[3.8527603]
[4.0432644]
[4.84297]
[6.1524916]
[5.2606454]
[2.0732267]
[2.7203743]
[2.5863283]
[2.7097304]
[2.1497612]
[1.3501536]
[4.5453053]
[4.755401]
[4.013656]
[3.5681968]
[5.3593636]
[4.2863965]
[5.430435]
[5.7315674]
[4.5365124]
[3.6224887]
[3.2133927]
[2.923349]
[2.9003954]
[2.6137457]
[2.6851532]
[2.6203268]
[2.2239745]
[2.188931]
[2.1430542]
[2.067539]
[2.0566247]
[1.8628563]
[1.8674484]
[2.1582658]
[1.921573]
[1.0902072]
[0.1514287]
[0.6798493]
[0.38997236]
[0.19099887]
[-0.03517236]
[-0.07215795]
[-0.07215795]
[-0.07215795]
[-0.07215795]
[-0.07215795]
[-0.07215795]
[-0.07215795]
[-0.07215795]
[-0.07215795]
[-0.07215795]
[-0.07215795]
[-0.07215795]
[-0.07215795]
[-0.07215795]
[-0.07215795]
[-0.07215795]
[-0.07215795]
[-0.07215795]
[-0.07215795]
[-0.07215795]
[-0.07215795]
[-0.07215795]
[-0.07215795]
[-0.07215795]
[-0.07215795]
[-0.07215795]
[-0.07215795]
[-0.07215795]
[-0.07215795]
[-0.07215795]
[-0.07215795]
[-0.07215795]
[-0.07215795]
[-0.07215795]
[-0.07215795]
[-0.07215795]
[-0.07215795]
[-0.07215795]
[-0.07215795]
[-0.07215795]
[-0.07215795]
[-0.07215795]
[-0.07215795]
[-0.07215795]
[-0.07215795]
[-0.07215795]
[-0.07215795]
[-0.07215795]
[-0.07215795]
[-0.07215795]
[-0.07215795]
[-0.07215795]
[-0.07215795]
[-0.07215795]
[-0.07215795]
[-0.07215795]
[-0.07215795]
[-0.07215795]
[-0.07215795]
[-0.07215795]
[-0.07215795]
[-0.07215795]
[-0.07215795]
[-0.07215795]
[-0.07215795]
[-0.07215795]
[-0.07215795]
[-0.07215795]
[-0.07215795]
[-0.07215795]
[-0.07215795]
[-0.07215795]
[-0.07215795]
[-0.07215795]
[-0.07215795]
[-0.07215795]
[-0.07215795]
[-0.07215795]
[-0.07215795]
[-0.07215795]
[-0.07215795]
[-0.07215795]
[-0.07215795]
[-0.07215795]
[-0.07215795]
[-0.07215795]
[-0.07215795]
[-0.07215795]
[-0.07215795]
[-0.07215795]
[-0.07215795]
[-0.07215795]
[-0.07215795]
[-0.07215795]
[-0.07215795]
[-0.07215795]
[-0.07215795]
[-0.07215795]
[-0.07215795]
[-0.07215795]
[-0.07215795]
[-0.07215795]
[-0.07215795]
[-0.07215795]
[-0.07215795]
[-0.07215795]
[1.2924986]
[0.04293884]
[-0.07215795]
[-0.07215795]
[0.26573652]
[0.28858796]
[-0.07215795]
[0.21053044]
[-0.06033486]
[-0.07215795]
[-0.07215795]
[-0.07215795]
[-0.05836258]
[-0.07215795]
[0.1176879]
[1.0158691]
[0.5250275]
[0.26734006]
[0.5932061]
[-0.01478151]
[0.95627415]
[0.7996508]
[0.28195965]
[0.7885388]
[2.5991368]
[1.8417672]
[1.8325402]
[1.3432198]
[1.9029756]
[1.3815502]
[-0.07215795]
[2.8528028]
[1.9596528]
[1.1117245]
[1.6064026]
[1.2369747]
[1.2079972]
[0.99543965]
[1.0353979]
[1.0057255]
[0.5293184]
[0.52807635]
[0.4064658]
[-0.07215795]
[-0.07215795]
[-0.07215795]
[-0.07215795]
[-0.07215795]
[-0.03468459]
[-0.03423924]
[-0.07215795]
[0.0976153]
[2.1742737]
[1.1857249]
[0.75814575]
[1.931422]
[0.38270456]
[2.7005675]
[1.4822319]
[1.1481813]
[-0.07215795]
[2.7907925]
[1.7524562]
[1.6804508]
[1.7749491]
[1.7732853]
[1.1785687]
[4.6041584]
[3.3769088]
[2.9856088]
[3.1875877]
[2.525439]
[2.4458208]
[2.3554404]
[2.0465817]
[1.9322442]
[1.0595717]
[0.96210355]
[0.8993481]
[0.74947816]
[1.5285603]
[3.8544688]
[2.849253]
[0.9223496]
[1.9147875][4.3]
[30.92]
[39.25]
[29.7]
[19.45]
[13.74]
[11.15]
[9.61]
[8.47]
[7.25]
[6.36]
[5.68]
[5.17]
[4.9]
[4.63]
[4.43]
[4.25]
[3.5]
[3.25]
[3.48]
[3.45]
[3.34]
[3.16]
[3.03]
[3.19]
[3.24]
[3.07]
[2.9]
[3.01]
[3.39]
[4.09]
[3.93]
[3.38]
[3.37]
[3.68]
[3.86]
[4.88]
[11.97]
[10.98]
[9.57]
[8.25]
[9.26]
[7.3]
[7.03]
[5.94]
[5.1]
[4.59]
[4.19]
[3.92]
[3.62]
[3.37]
[3.17]
[2.96]
[2.64]
[2.49]
[2.4]
[2.35]
[2.23]
[2.07]
[2.05]
[2.27]
[2.12]
[2.14]
[2.13]
[2.16]
[2.18]
[1.91]
[1.59]
[1.35]
[1.24]
[1.21]
[1.]
[0.83]
[0.7]
[0.64]
[0.65]
[0.76]
[0.78]
[0.85]
[0.9]
[0.64]
[0.59]
[0.65]
[0.65]
[0.65]
[0.67]
[0.16]
[0.]
[0.]
[0.]
[0.]
[0.]
[0.]
[0.]
[0.]
[0.]
[0.]
[0.]
[0.]
[0.]
[0.]
[0.]
[0.]
[0.]
[0.]
[0.]
[0.]
[0.]
[0.]
[0.]
[0.34]
[0.66]
[0.71]
[0.71]
[0.77]
[0.78]
[0.81]
[0.78]
[0.67]
[0.75]
[0.8]
[0.82]
[0.81]
[0.81]
[0.81]
[0.8]
[0.8]
[0.81]
[0.82]
[0.82]
[0.83]
[0.83]
[0.83]
[0.83]
[0.83]
[0.82]
[0.76]
[0.76]
[0.77]
[0.78]
[0.85]
[0.83]
[0.81]
[0.77]
[0.8]
[0.81]
[0.87]
[0.85]
[0.8]
[0.84]
[0.86]
[0.86]
[0.86]
[0.86]
[0.86]
[0.87]
[0.87]
[0.94]
[0.92]
[0.89]
[0.87]
[0.84]
[0.81]
[0.84]
[0.86]
[0.88]
[0.85]
[0.85]
[0.86]
[0.86]
[0.87]
[0.91]
[0.92]
[0.92]
[0.87]
[0.87]
[0.89]
[0.96]
[0.93]
[0.87]
[0.86]
[0.86]
[0.87]
[1.26]
[1.7]
[1.51]
[1.47]
[1.34]
[1.36]
[1.36]
[1.36]
[1.36]
[1.36]
[1.24]
[1.29]
[1.47]
[1.67]
[2.26]
[1.83]
[3.23]
[2.92]
[2.42]
[2.19]
[2.03]
[2.01]
[1.91]
[1.87]
[1.85]
[1.98]
[1.97]
[1.87]
[1.81]
[1.81]
[1.78]
[1.72]
[1.72]
[1.72]
[1.7]
[1.63]
[1.62]
[1.62]
[1.64]
[1.62]
[1.61]
[1.62]
[1.67]
[1.97]
[2.01]
[2.65]
[2.94]
[2.52]
[2.26]
[2.12]
[2.5]
[2.89]
[2.98]
[3.54]
[3.07]
[2.56]
[2.41]
[2.57]
[2.84]
[4.66]
[3.71]
[2.99]
[2.65]
[2.45]
[2.33]
[2.28]
[2.22]
[2.19]
[2.11]
[2.09]
[2.06]
[2.27]
[2.55]
[3.]
[3.19]
[2.98]