0.7387694694745628, 0.7950073216462304, 33.473548337505896, 23.931765452383903[7.091105]
[13.840525]
[31.886147]
[21.335594]
[10.9400425]
[8.406506]
[5.6715126]
[3.2659757]
[3.4910226]
[3.4231327]
[2.9366522]
[2.4700725]
[2.2720013]
[2.39542]
[2.4448543]
[2.4529555]
[2.411596]
[2.4087436]
[2.420572]
[2.40192]
[2.0857453]
[3.7848341]
[3.3900464]
[4.0665417]
[4.2513056]
[3.867988]
[4.805026]
[4.955129]
[6.428047]
[8.149372]
[5.2891474]
[3.944711]
[2.500309]
[2.867694]
[3.2704318]
[2.7038276]
[3.8386133]
[3.2534978]
[5.9240685]
[5.7285023]
[5.084369]
[6.1059847]
[5.342759]
[5.953703]
[5.9642773]
[6.4514813]
[3.8104236]
[3.2952206]
[3.2833073]
[3.3805456]
[3.921102]
[3.804178]
[2.7422078]
[2.063239]
[2.0182424]
[1.9530033]
[1.8994018]
[1.9004409]
[1.9397328]
[1.7295655]
[1.49721]
[3.2512789]
[1.7371737]
[1.1333559]
[1.3742684]
[1.2305968]
[1.2620207]
[1.1621209]
[1.0704708]
[0.9483112]
[0.32938847]
[0.2744774]
[-0.1648552]
[-0.3773951]
[-0.3982525]
[-0.41431704]
[-0.38911214]
[-0.39927045]
[-0.391095]
[-0.4028545]
[-0.4185267]
[-0.41227055]
[-0.4127795]
[-0.412981]
[-0.4130234]
[0.15896635]
[-0.14154834]
[0.0954557]
[-0.02469594]
[-0.3500058]
[-0.45155713]
[-0.4337642]
[-0.43107083]
[-0.43553498]
[-0.46526766]
[-0.51548666]
[-0.5106832]
[-0.53960997]
[-0.56464523]
[-0.2221362]
[-0.28190908]
[-0.5306287]
[-0.5768925]
[-0.5092941]
[-0.51328105]
[-0.5237893]
[-0.5262812]
[-0.5300879]
[-0.52764904]
[-0.6435471]
[-0.6817097]
[-0.68158245]
[-0.69564295]
[-0.69542027]
[-0.6963003]
[-0.69749856]
[-0.68072355]
[-0.5394827]
[-0.25553775]
[-0.7438366]
[-0.75087744]
[-0.64657974]
[-0.62741894]
[-0.8529695]
[-0.8202042]
[-0.7047621]
[-0.7830383]
[-0.7030761]
[-0.70781595]
[-0.6451589]
[-0.63703644]
[-0.6880825]
[-0.701634]
[-0.6949113]
[-0.69572777]
[-0.7122907]
[-0.64242315]
[-0.699227]
[-0.6824626]
[-0.6885279]
[-0.70084935]
[-0.52035373]
[-0.7695399]
[-1.0107203]
[-0.9465045]
[-0.53813607]
[-0.9492508]
[-1.0001484]
[-1.0930047]
[-0.9619646]
[-0.92825556]
[-0.4211564]
[-0.45605308]
[-0.45451555]
[-0.460443]
[-0.46257433]
[-0.4930811]
[0.75350064]
[0.74080276]
[-0.11447718]
[-1.2056581]
[-0.00976598]
[-0.620113]
[-0.660513]
[-0.595714]
[-0.6004114]
[-0.16067736]
[-0.10786049]
[-0.62969875]
[-0.28618234]
[-0.17373046]
[0.56923014]
[0.6688092]
[1.3249004]
[2.3081944]
[1.3626654]
[0.43410763]
[-0.08390681]
[1.556018]
[0.93051296]
[0.75221765]
[0.4860285]
[0.48969737]
[0.45257923]
[-0.19613601]
[1.131524]
[1.2743316]
[1.0392112]
[1.1197566]
[3.4018457]
[1.7126235]
[1.5037737]
[1.549486]
[1.07072]
[1.684879]
[2.7755191]
[1.9306719]
[3.0659003]
[4.9061666]
[2.8121388]
[1.3633838]
[2.3416913]
[3.1564186]
[2.236853]
[1.6394105]
[4.2894044]
[2.989978]
[2.4100902]
[2.0496955]
[2.6050732]
[2.4606352]
[2.0501118]
[2.075868]
[2.0646944]
[0.580197]
[0.57926124]
[0.50811327]
[0.46432278]
[0.2709994]
[0.26508784]
[0.25935125]
[0.23656929]
[0.3101375]
[0.4786563]
[0.27193516]
[0.83524966]
[2.5305982]
[2.5718095]
[1.1008662]
[1.3769989]
[1.8723253]
[3.523833]
[1.7764045]
[1.322626]
[2.5955722]
[4.367235]
[2.631585]
[1.6930068]
[1.8743771]
[2.4549942]
[5.1686683]
[6.5870094]
[4.6507506]
[3.3620024]
[3.1619325]
[3.4870195]
[3.3133156]
[3.2935557]
[2.962891]
[2.8865392]
[2.0603602]
[1.9146869]
[1.7908785]
[1.8565497]
[2.9206724]
[5.0144114]
[4.0708337]
[1.7717072]
[4.2874956][4.3]
[30.92]
[39.25]
[29.7]
[19.45]
[13.74]
[11.15]
[9.61]
[8.47]
[7.25]
[6.36]
[5.68]
[5.17]
[4.9]
[4.63]
[4.43]
[4.25]
[3.5]
[3.25]
[3.48]
[3.45]
[3.34]
[3.16]
[3.03]
[3.19]
[3.24]
[3.07]
[2.9]
[3.01]
[3.39]
[4.09]
[3.93]
[3.38]
[3.37]
[3.68]
[3.86]
[4.88]
[11.97]
[10.98]
[9.57]
[8.25]
[9.26]
[7.3]
[7.03]
[5.94]
[5.1]
[4.59]
[4.19]
[3.92]
[3.62]
[3.37]
[3.17]
[2.96]
[2.64]
[2.49]
[2.4]
[2.35]
[2.23]
[2.07]
[2.05]
[2.27]
[2.12]
[2.14]
[2.13]
[2.16]
[2.18]
[1.91]
[1.59]
[1.35]
[1.24]
[1.21]
[1.]
[0.83]
[0.7]
[0.64]
[0.65]
[0.76]
[0.78]
[0.85]
[0.9]
[0.64]
[0.59]
[0.65]
[0.65]
[0.65]
[0.67]
[0.16]
[0.]
[0.]
[0.]
[0.]
[0.]
[0.]
[0.]
[0.]
[0.]
[0.]
[0.]
[0.]
[0.]
[0.]
[0.]
[0.]
[0.]
[0.]
[0.]
[0.]
[0.]
[0.]
[0.]
[0.34]
[0.66]
[0.71]
[0.71]
[0.77]
[0.78]
[0.81]
[0.78]
[0.67]
[0.75]
[0.8]
[0.82]
[0.81]
[0.81]
[0.81]
[0.8]
[0.8]
[0.81]
[0.82]
[0.82]
[0.83]
[0.83]
[0.83]
[0.83]
[0.83]
[0.82]
[0.76]
[0.76]
[0.77]
[0.78]
[0.85]
[0.83]
[0.81]
[0.77]
[0.8]
[0.81]
[0.87]
[0.85]
[0.8]
[0.84]
[0.86]
[0.86]
[0.86]
[0.86]
[0.86]
[0.87]
[0.87]
[0.94]
[0.92]
[0.89]
[0.87]
[0.84]
[0.81]
[0.84]
[0.86]
[0.88]
[0.85]
[0.85]
[0.86]
[0.86]
[0.87]
[0.91]
[0.92]
[0.92]
[0.87]
[0.87]
[0.89]
[0.96]
[0.93]
[0.87]
[0.86]
[0.86]
[0.87]
[1.26]
[1.7]
[1.51]
[1.47]
[1.34]
[1.36]
[1.36]
[1.36]
[1.36]
[1.36]
[1.24]
[1.29]
[1.47]
[1.67]
[2.26]
[1.83]
[3.23]
[2.92]
[2.42]
[2.19]
[2.03]
[2.01]
[1.91]
[1.87]
[1.85]
[1.98]
[1.97]
[1.87]
[1.81]
[1.81]
[1.78]
[1.72]
[1.72]
[1.72]
[1.7]
[1.63]
[1.62]
[1.62]
[1.64]
[1.62]
[1.61]
[1.62]
[1.67]
[1.97]
[2.01]
[2.65]
[2.94]
[2.52]
[2.26]
[2.12]
[2.5]
[2.89]
[2.98]
[3.54]
[3.07]
[2.56]
[2.41]
[2.57]
[2.84]
[4.66]
[3.71]
[2.99]
[2.65]
[2.45]
[2.33]
[2.28]
[2.22]
[2.19]
[2.11]
[2.09]
[2.06]
[2.27]
[2.55]
[3.]
[3.19]
[2.98]