0.6371937088026578, 0.6797953083714259, 2.3633298327240695, 28.203316183188704[6.4903307]
[9.182217]
[24.070139]
[11.744365]
[10.734552]
[9.8335085]
[7.885573]
[5.570762]
[5.2376466]
[4.855529]
[3.6736403]
[2.81003]
[2.6821828]
[2.8033602]
[2.841678]
[2.838583]
[2.8138473]
[2.8063505]
[2.818257]
[2.7992551]
[2.4273038]
[4.663486]
[4.9000816]
[5.306173]
[4.718621]
[4.637268]
[4.7526665]
[5.426051]
[5.3352547]
[9.7525015]
[4.949127]
[3.7823622]
[3.806793]
[3.4225879]
[3.5644782]
[3.2827003]
[4.1873455]
[6.7836905]
[6.575543]
[5.839558]
[5.8700624]
[7.329913]
[5.697464]
[8.354681]
[6.0236497]
[4.1887836]
[3.807232]
[3.5908546]
[3.382189]
[3.6798513]
[3.819003]
[3.6927361]
[3.436806]
[3.1405249]
[3.0987465]
[3.033579]
[2.9450278]
[2.9125726]
[2.582006]
[2.5407088]
[2.3763652]
[3.7716937]
[3.0465035]
[2.2285461]
[2.1475937]
[2.2794993]
[1.9025337]
[1.6802357]
[1.6085749]
[1.4883386]
[1.108787]
[1.0832493]
[0.9679835]
[0.92065805]
[0.914325]
[0.90326536]
[0.9083313]
[0.93211263]
[0.90558887]
[0.9084969]
[0.8697883]
[0.86647725]
[0.8444561]
[0.84041613]
[0.8368745]
[0.7785795]
[1.1848749]
[0.9437966]
[0.9051568]
[0.78299326]
[0.6220468]
[0.599074]
[0.58715683]
[0.5750289]
[0.57622313]
[0.5775936]
[0.5009251]
[0.46216345]
[0.4381117]
[0.44686103]
[0.76478416]
[0.541683]
[0.4902433]
[0.4298514]
[0.43981886]
[0.44522145]
[0.44046172]
[0.4413617]
[0.44165862]
[0.3699712]
[0.3567206]
[0.35675374]
[0.3522856]
[0.35265806]
[0.35235718]
[0.31351462]
[0.31268224]
[0.3112892]
[0.7980213]
[0.5655532]
[0.38607022]
[0.17232019]
[0.42432693]
[0.4551849]
[0.38453004]
[0.35410678]
[0.4438125]
[0.44410807]
[0.44158703]
[0.45296213]
[0.44569728]
[0.30171806]
[0.3026379]
[0.302341]
[0.30300242]
[0.27987316]
[0.3241355]
[0.32084307]
[0.31595215]
[0.30066565]
[0.2856177]
[-0.731144]
[0.11157973]
[0.27887908]
[-0.0945847]
[-0.52748996]
[0.24449404]
[0.3499727]
[0.37139738]
[0.3684005]
[0.43805602]
[0.61627716]
[0.51405644]
[0.51526]
[0.5113896]
[0.47862035]
[0.34793678]
[0.888635]
[0.54945415]
[0.50796336]
[-0.01656293]
[-0.14013806]
[0.6382612]
[0.49410036]
[-0.24434029]
[0.26209876]
[1.1399286]
[1.1987418]
[0.5362844]
[0.6778937]
[0.8175665]
[1.2545238]
[1.2933239]
[0.37779936]
[3.1423302]
[2.0249066]
[1.1204324]
[0.875163]
[2.793744]
[2.3184612]
[1.8279939]
[1.241472]
[1.1286913]
[1.2377195]
[1.2987635]
[1.7457703]
[1.9232824]
[1.8345058]
[1.9399302]
[4.3068714]
[2.6139655]
[1.9508439]
[1.7702463]
[2.2627468]
[3.9216123]
[3.0872827]
[2.8199854]
[4.3931932]
[6.02949]
[3.481939]
[3.5279167]
[2.0250802]
[3.3985147]
[3.183434]
[2.6566517]
[5.9925613]
[3.5146701]
[2.5600922]
[2.2725394]
[2.5646703]
[2.5069096]
[2.4139404]
[2.4165955]
[2.4127886]
[2.131545]
[2.1275673]
[2.0641427]
[1.8176963]
[1.7536913]
[1.7437451]
[1.7341951]
[1.7011647]
[1.7489767]
[1.8043437]
[1.6789607]
[1.4056816]
[4.443469]
[5.257458]
[3.4408832]
[2.8775673]
[2.6589687]
[6.7713556]
[3.2859476]
[3.4446924]
[2.8556125]
[7.051531]
[3.3534877]
[3.1320367]
[2.2304838]
[3.5866544]
[4.103419]
[7.5466266]
[4.9779096]
[5.4998856]
[2.8175294]
[3.0918887]
[3.0953374]
[3.017895]
[2.655565]
[2.6767762]
[2.5386012]
[2.3833356]
[2.2916472]
[2.1421435]
[2.9931698]
[7.758166]
[5.16514]
[2.58829]
[4.7728496][4.3]
[30.92]
[39.25]
[29.7]
[19.45]
[13.74]
[11.15]
[9.61]
[8.47]
[7.25]
[6.36]
[5.68]
[5.17]
[4.9]
[4.63]
[4.43]
[4.25]
[3.5]
[3.25]
[3.48]
[3.45]
[3.34]
[3.16]
[3.03]
[3.19]
[3.24]
[3.07]
[2.9]
[3.01]
[3.39]
[4.09]
[3.93]
[3.38]
[3.37]
[3.68]
[3.86]
[4.88]
[11.97]
[10.98]
[9.57]
[8.25]
[9.26]
[7.3]
[7.03]
[5.94]
[5.1]
[4.59]
[4.19]
[3.92]
[3.62]
[3.37]
[3.17]
[2.96]
[2.64]
[2.49]
[2.4]
[2.35]
[2.23]
[2.07]
[2.05]
[2.27]
[2.12]
[2.14]
[2.13]
[2.16]
[2.18]
[1.91]
[1.59]
[1.35]
[1.24]
[1.21]
[1.]
[0.83]
[0.7]
[0.64]
[0.65]
[0.76]
[0.78]
[0.85]
[0.9]
[0.64]
[0.59]
[0.65]
[0.65]
[0.65]
[0.67]
[0.16]
[0.]
[0.]
[0.]
[0.]
[0.]
[0.]
[0.]
[0.]
[0.]
[0.]
[0.]
[0.]
[0.]
[0.]
[0.]
[0.]
[0.]
[0.]
[0.]
[0.]
[0.]
[0.]
[0.]
[0.34]
[0.66]
[0.71]
[0.71]
[0.77]
[0.78]
[0.81]
[0.78]
[0.67]
[0.75]
[0.8]
[0.82]
[0.81]
[0.81]
[0.81]
[0.8]
[0.8]
[0.81]
[0.82]
[0.82]
[0.83]
[0.83]
[0.83]
[0.83]
[0.83]
[0.82]
[0.76]
[0.76]
[0.77]
[0.78]
[0.85]
[0.83]
[0.81]
[0.77]
[0.8]
[0.81]
[0.87]
[0.85]
[0.8]
[0.84]
[0.86]
[0.86]
[0.86]
[0.86]
[0.86]
[0.87]
[0.87]
[0.94]
[0.92]
[0.89]
[0.87]
[0.84]
[0.81]
[0.84]
[0.86]
[0.88]
[0.85]
[0.85]
[0.86]
[0.86]
[0.87]
[0.91]
[0.92]
[0.92]
[0.87]
[0.87]
[0.89]
[0.96]
[0.93]
[0.87]
[0.86]
[0.86]
[0.87]
[1.26]
[1.7]
[1.51]
[1.47]
[1.34]
[1.36]
[1.36]
[1.36]
[1.36]
[1.36]
[1.24]
[1.29]
[1.47]
[1.67]
[2.26]
[1.83]
[3.23]
[2.92]
[2.42]
[2.19]
[2.03]
[2.01]
[1.91]
[1.87]
[1.85]
[1.98]
[1.97]
[1.87]
[1.81]
[1.81]
[1.78]
[1.72]
[1.72]
[1.72]
[1.7]
[1.63]
[1.62]
[1.62]
[1.64]
[1.62]
[1.61]
[1.62]
[1.67]
[1.97]
[2.01]
[2.65]
[2.94]
[2.52]
[2.26]
[2.12]
[2.5]
[2.89]
[2.98]
[3.54]
[3.07]
[2.56]
[2.41]
[2.57]
[2.84]
[4.66]
[3.71]
[2.99]
[2.65]
[2.45]
[2.33]
[2.28]
[2.22]
[2.19]
[2.11]
[2.09]
[2.06]
[2.27]
[2.55]
[3.]
[3.19]
[2.98]