0.7481538713453827, 0.7611739991485148, 9.900934704216965, 23.497973585232625[8.683291]
[14.289529]
[52.74095]
[20.676908]
[9.431521]
[7.9199924]
[5.3713307]
[5.1112423]
[5.208443]
[4.9547167]
[3.99449]
[3.6538868]
[2.323392]
[2.6205053]
[2.6483877]
[2.6417828]
[2.607895]
[2.625734]
[2.6239116]
[2.6540222]
[3.5535617]
[5.0093775]
[5.29677]
[5.0764375]
[4.873907]
[4.4320583]
[4.2930813]
[5.178127]
[5.039457]
[8.655353]
[4.8797536]
[2.9291713]
[3.8506155]
[3.6736946]
[3.7871153]
[3.0742574]
[3.4769237]
[6.773559]
[6.1753597]
[5.310391]
[5.2901344]
[6.4622936]
[6.1659007]
[7.1194515]
[6.1319637]
[5.5922437]
[4.8386135]
[4.5165906]
[4.330313]
[4.2919865]
[3.8757858]
[3.8344567]
[3.6068928]
[3.5157635]
[3.489208]
[3.4486568]
[3.3635597]
[3.321495]
[2.759551]
[2.7291093]
[2.380893]
[3.89505]
[2.863076]
[1.7488296]
[1.9538435]
[2.1306105]
[1.7891712]
[1.5347614]
[1.4800797]
[1.323946]
[0.76507837]
[0.74404335]
[0.528545]
[0.40940094]
[0.39252385]
[0.3585749]
[0.35477218]
[0.3855374]
[0.3867939]
[0.3644851]
[0.34723958]
[0.34663254]
[0.33412814]
[0.331851]
[0.3298668]
[0.24824244]
[0.635825]
[0.5488802]
[0.33808994]
[0.31360212]
[0.13592443]
[0.12533931]
[0.12215954]
[0.11034705]
[0.10286484]
[0.04702461]
[0.01041147]
[-0.02983872]
[-0.04171482]
[-0.09594198]
[0.23784289]
[0.12497084]
[0.06526954]
[-0.06483082]
[-0.04286002]
[-0.05290169]
[-0.05571166]
[-0.05799145]
[-0.05759912]
[-0.05615702]
[-0.0607378]
[-0.06056814]
[-0.06199964]
[-0.06115134]
[-0.06164972]
[-0.12164526]
[-0.12236631]
[-0.09050229]
[0.24526678]
[0.04115813]
[-0.22230586]
[-0.34901968]
[-0.1373917]
[-0.19762053]
[-0.2695346]
[-0.3014092]
[-0.2989916]
[-0.2545304]
[-0.2534064]
[-0.18790758]
[-0.17097351]
[-0.12706374]
[-0.12387203]
[-0.12763633]
[-0.12461428]
[-0.12100904]
[-0.10974795]
[-0.10824223]
[-0.14504755]
[-0.12979949]
[-0.08911321]
[0.15955071]
[0.8092877]
[0.5247436]
[0.10881482]
[-0.4592766]
[-0.46290305]
[-0.38853955]
[-0.3904376]
[-0.41488966]
[-0.40861228]
[0.07654787]
[0.10452299]
[0.10461577]
[0.10231876]
[0.11021849]
[0.3544249]
[0.866745]
[1.1760937]
[0.9990324]
[-0.3441632]
[-0.30038065]
[-0.40949237]
[-0.3797703]
[-0.91978323]
[0.6531593]
[0.5089216]
[0.60772794]
[-0.26473114]
[0.0530846]
[0.12715916]
[0.7640803]
[0.82117444]
[0.7492246]
[2.271304]
[1.5568753]
[1.3818353]
[0.4748746]
[1.8069243]
[1.4051859]
[1.0101119]
[0.56373996]
[0.5626544]
[0.908375]
[0.78533936]
[1.3344873]
[1.2835897]
[1.217562]
[1.2819726]
[3.1312375]
[2.171636]
[1.6668473]
[1.6044738]
[1.125835]
[2.6897101]
[2.278622]
[1.2380072]
[2.057961]
[4.9886904]
[3.5631182]
[2.1596222]
[1.7016803]
[2.8038306]
[2.322859]
[1.3178316]
[4.694907]
[2.7598083]
[2.6214173]
[2.2123356]
[2.5858684]
[2.5416484]
[2.4159844]
[2.430656]
[2.43648]
[2.2760332]
[2.2733028]
[2.208541]
[1.8087522]
[1.8162397]
[1.809855]
[1.8037354]
[1.7835009]
[1.8353621]
[1.8820884]
[1.6646484]
[1.5248629]
[2.3483384]
[4.0988474]
[3.6155016]
[2.0008588]
[0.6574008]
[4.52806]
[2.480741]
[2.2981777]
[1.384701]
[5.4023376]
[3.1389213]
[2.4683812]
[2.0375845]
[2.888477]
[3.6596222]
[7.127252]
[5.128132]
[4.0834746]
[3.0637782]
[3.3263636]
[3.3493338]
[3.3230166]
[2.9383488]
[2.8057792]
[2.4169307]
[2.444817]
[2.4534643]
[2.3030155]
[3.509013]
[5.3432274]
[4.1086597]
[3.0292144]
[2.975964][4.3]
[30.92]
[39.25]
[29.7]
[19.45]
[13.74]
[11.15]
[9.61]
[8.47]
[7.25]
[6.36]
[5.68]
[5.17]
[4.9]
[4.63]
[4.43]
[4.25]
[3.5]
[3.25]
[3.48]
[3.45]
[3.34]
[3.16]
[3.03]
[3.19]
[3.24]
[3.07]
[2.9]
[3.01]
[3.39]
[4.09]
[3.93]
[3.38]
[3.37]
[3.68]
[3.86]
[4.88]
[11.97]
[10.98]
[9.57]
[8.25]
[9.26]
[7.3]
[7.03]
[5.94]
[5.1]
[4.59]
[4.19]
[3.92]
[3.62]
[3.37]
[3.17]
[2.96]
[2.64]
[2.49]
[2.4]
[2.35]
[2.23]
[2.07]
[2.05]
[2.27]
[2.12]
[2.14]
[2.13]
[2.16]
[2.18]
[1.91]
[1.59]
[1.35]
[1.24]
[1.21]
[1.]
[0.83]
[0.7]
[0.64]
[0.65]
[0.76]
[0.78]
[0.85]
[0.9]
[0.64]
[0.59]
[0.65]
[0.65]
[0.65]
[0.67]
[0.16]
[0.]
[0.]
[0.]
[0.]
[0.]
[0.]
[0.]
[0.]
[0.]
[0.]
[0.]
[0.]
[0.]
[0.]
[0.]
[0.]
[0.]
[0.]
[0.]
[0.]
[0.]
[0.]
[0.]
[0.34]
[0.66]
[0.71]
[0.71]
[0.77]
[0.78]
[0.81]
[0.78]
[0.67]
[0.75]
[0.8]
[0.82]
[0.81]
[0.81]
[0.81]
[0.8]
[0.8]
[0.81]
[0.82]
[0.82]
[0.83]
[0.83]
[0.83]
[0.83]
[0.83]
[0.82]
[0.76]
[0.76]
[0.77]
[0.78]
[0.85]
[0.83]
[0.81]
[0.77]
[0.8]
[0.81]
[0.87]
[0.85]
[0.8]
[0.84]
[0.86]
[0.86]
[0.86]
[0.86]
[0.86]
[0.87]
[0.87]
[0.94]
[0.92]
[0.89]
[0.87]
[0.84]
[0.81]
[0.84]
[0.86]
[0.88]
[0.85]
[0.85]
[0.86]
[0.86]
[0.87]
[0.91]
[0.92]
[0.92]
[0.87]
[0.87]
[0.89]
[0.96]
[0.93]
[0.87]
[0.86]
[0.86]
[0.87]
[1.26]
[1.7]
[1.51]
[1.47]
[1.34]
[1.36]
[1.36]
[1.36]
[1.36]
[1.36]
[1.24]
[1.29]
[1.47]
[1.67]
[2.26]
[1.83]
[3.23]
[2.92]
[2.42]
[2.19]
[2.03]
[2.01]
[1.91]
[1.87]
[1.85]
[1.98]
[1.97]
[1.87]
[1.81]
[1.81]
[1.78]
[1.72]
[1.72]
[1.72]
[1.7]
[1.63]
[1.62]
[1.62]
[1.64]
[1.62]
[1.61]
[1.62]
[1.67]
[1.97]
[2.01]
[2.65]
[2.94]
[2.52]
[2.26]
[2.12]
[2.5]
[2.89]
[2.98]
[3.54]
[3.07]
[2.56]
[2.41]
[2.57]
[2.84]
[4.66]
[3.71]
[2.99]
[2.65]
[2.45]
[2.33]
[2.28]
[2.22]
[2.19]
[2.11]
[2.09]
[2.06]
[2.27]
[2.55]
[3.]
[3.19]
[2.98]