0.7596551608100541, 0.78669367492133, 2.968580552377654, 22.9551519653124[9.284202]
[26.245352]
[33.9714]
[49.916683]
[13.518068]
[8.2536545]
[6.459655]
[5.6191664]
[5.2263966]
[4.7458625]
[3.001379]
[2.472213]
[2.2026227]
[2.3678226]
[2.3957598]
[2.4068282]
[2.3829367]
[2.3793614]
[2.38068]
[2.3883042]
[3.2345371]
[2.9376557]
[4.794931]
[4.8853827]
[4.6961174]
[4.4715314]
[3.947957]
[4.601531]
[5.9075174]
[7.170525]
[5.040867]
[3.288733]
[2.754851]
[2.3333566]
[2.2835631]
[2.2900639]
[2.3302968]
[5.422286]
[4.186192]
[4.1835485]
[4.0851703]
[5.2822175]
[4.7411656]
[6.014131]
[6.187533]
[5.040273]
[3.8591917]
[3.5642533]
[3.5092092]
[3.4346163]
[3.2906086]
[3.4167802]
[3.3438463]
[3.4461107]
[3.41772]
[3.3705356]
[3.272112]
[3.2181876]
[2.7251296]
[2.6951857]
[2.6253278]
[3.8331385]
[2.3656204]
[1.8839773]
[1.8132938]
[1.8758118]
[1.6101382]
[1.3433493]
[1.2836415]
[1.1165886]
[0.68989307]
[0.6820782]
[0.3678571]
[0.37440485]
[0.37549174]
[0.38044763]
[0.3846891]
[0.40167484]
[0.38623193]
[0.36402255]
[0.3613279]
[0.3678876]
[0.36232197]
[0.36136368]
[0.36053127]
[0.3281954]
[0.6958868]
[0.52021056]
[0.27418032]
[0.28924415]
[0.41529524]
[0.40745384]
[0.4013607]
[0.39284196]
[0.4094473]
[0.34121007]
[0.31436026]
[0.28864902]
[0.28651902]
[0.3303029]
[0.71098244]
[0.4556369]
[0.32773414]
[0.30065104]
[0.31625965]
[0.3146585]
[0.3226868]
[0.32342508]
[0.32057932]
[0.24971104]
[0.23814641]
[0.23847646]
[0.23432778]
[0.23497857]
[0.23406532]
[0.23233694]
[0.23235284]
[0.2365943]
[0.60291123]
[0.23735246]
[0.15898077]
[0.05122499]
[0.22996436]
[0.28000572]
[0.18379733]
[0.27520093]
[0.28664362]
[0.26244605]
[0.26345736]
[0.2787439]
[0.2900646]
[0.2727276]
[0.2693053]
[0.26762062]
[0.26909456]
[0.24245946]
[0.29377326]
[0.281811]
[0.26305443]
[0.26550654]
[0.1782357]
[-0.34771544]
[0.5204796]
[0.14173126]
[0.10965384]
[0.2555762]
[0.5700584]
[0.6952294]
[0.6109753]
[0.6325405]
[0.58545494]
[0.35992423]
[0.38270488]
[0.3830296]
[0.38355583]
[0.3868191]
[-0.10595183]
[0.637332]
[1.3862677]
[-0.4499878]
[-0.02723021]
[0.8380449]
[0.6521997]
[0.5894446]
[0.23722257]
[1.2649246]
[1.7845103]
[0.266323]
[0.01288345]
[0.59238046]
[0.5820074]
[0.78440624]
[0.81505877]
[0.8172577]
[2.407029]
[0.6421196]
[1.2810156]
[-0.12684105]
[1.9403888]
[1.8483477]
[1.2708752]
[1.2193362]
[1.2615877]
[0.972449]
[0.44496164]
[1.2905563]
[1.1407994]
[0.9950295]
[0.996624]
[3.222197]
[1.7100049]
[1.9985723]
[2.0849266]
[1.2348341]
[2.174842]
[2.317261]
[1.6932352]
[3.0561874]
[5.6638265]
[2.669587]
[3.2440248]
[2.832203]
[3.403032]
[3.0002358]
[2.038808]
[5.576189]
[3.4975173]
[3.260823]
[3.032021]
[3.0615673]
[2.9384377]
[2.6866078]
[2.6975548]
[2.6928308]
[2.041429]
[2.0425715]
[1.8926027]
[1.420882]
[1.3719288]
[1.3564979]
[1.3417522]
[1.3102499]
[1.3518866]
[1.3569094]
[1.104857]
[1.3561095]
[3.6107366]
[5.463367]
[1.9257358]
[1.8884089]
[1.6053023]
[5.2161894]
[2.6032617]
[3.0992947]
[1.265189]
[6.593546]
[2.4646063]
[3.11275]
[3.1951165]
[3.7523174]
[2.8189986]
[7.7467136]
[4.407086]
[4.5776014]
[4.039521]
[4.0223403]
[4.049164]
[3.9331093]
[3.5929768]
[3.6659844]
[2.719358]
[2.6458864]
[2.6339693]
[2.5016065]
[3.6084788]
[5.720941]
[3.8617275]
[2.8089888]
[2.913804][4.3]
[30.92]
[39.25]
[29.7]
[19.45]
[13.74]
[11.15]
[9.61]
[8.47]
[7.25]
[6.36]
[5.68]
[5.17]
[4.9]
[4.63]
[4.43]
[4.25]
[3.5]
[3.25]
[3.48]
[3.45]
[3.34]
[3.16]
[3.03]
[3.19]
[3.24]
[3.07]
[2.9]
[3.01]
[3.39]
[4.09]
[3.93]
[3.38]
[3.37]
[3.68]
[3.86]
[4.88]
[11.97]
[10.98]
[9.57]
[8.25]
[9.26]
[7.3]
[7.03]
[5.94]
[5.1]
[4.59]
[4.19]
[3.92]
[3.62]
[3.37]
[3.17]
[2.96]
[2.64]
[2.49]
[2.4]
[2.35]
[2.23]
[2.07]
[2.05]
[2.27]
[2.12]
[2.14]
[2.13]
[2.16]
[2.18]
[1.91]
[1.59]
[1.35]
[1.24]
[1.21]
[1.]
[0.83]
[0.7]
[0.64]
[0.65]
[0.76]
[0.78]
[0.85]
[0.9]
[0.64]
[0.59]
[0.65]
[0.65]
[0.65]
[0.67]
[0.16]
[0.]
[0.]
[0.]
[0.]
[0.]
[0.]
[0.]
[0.]
[0.]
[0.]
[0.]
[0.]
[0.]
[0.]
[0.]
[0.]
[0.]
[0.]
[0.]
[0.]
[0.]
[0.]
[0.]
[0.34]
[0.66]
[0.71]
[0.71]
[0.77]
[0.78]
[0.81]
[0.78]
[0.67]
[0.75]
[0.8]
[0.82]
[0.81]
[0.81]
[0.81]
[0.8]
[0.8]
[0.81]
[0.82]
[0.82]
[0.83]
[0.83]
[0.83]
[0.83]
[0.83]
[0.82]
[0.76]
[0.76]
[0.77]
[0.78]
[0.85]
[0.83]
[0.81]
[0.77]
[0.8]
[0.81]
[0.87]
[0.85]
[0.8]
[0.84]
[0.86]
[0.86]
[0.86]
[0.86]
[0.86]
[0.87]
[0.87]
[0.94]
[0.92]
[0.89]
[0.87]
[0.84]
[0.81]
[0.84]
[0.86]
[0.88]
[0.85]
[0.85]
[0.86]
[0.86]
[0.87]
[0.91]
[0.92]
[0.92]
[0.87]
[0.87]
[0.89]
[0.96]
[0.93]
[0.87]
[0.86]
[0.86]
[0.87]
[1.26]
[1.7]
[1.51]
[1.47]
[1.34]
[1.36]
[1.36]
[1.36]
[1.36]
[1.36]
[1.24]
[1.29]
[1.47]
[1.67]
[2.26]
[1.83]
[3.23]
[2.92]
[2.42]
[2.19]
[2.03]
[2.01]
[1.91]
[1.87]
[1.85]
[1.98]
[1.97]
[1.87]
[1.81]
[1.81]
[1.78]
[1.72]
[1.72]
[1.72]
[1.7]
[1.63]
[1.62]
[1.62]
[1.64]
[1.62]
[1.61]
[1.62]
[1.67]
[1.97]
[2.01]
[2.65]
[2.94]
[2.52]
[2.26]
[2.12]
[2.5]
[2.89]
[2.98]
[3.54]
[3.07]
[2.56]
[2.41]
[2.57]
[2.84]
[4.66]
[3.71]
[2.99]
[2.65]
[2.45]
[2.33]
[2.28]
[2.22]
[2.19]
[2.11]
[2.09]
[2.06]
[2.27]
[2.55]
[3.]
[3.19]
[2.98]