0.8704885185119968, 0.8781479953198045, 13.79317319635345, 16.850659668023766[5.066726]
[26.180155]
[34.385986]
[34.856174]
[10.589846]
[6.5217466]
[5.1333423]
[5.207095]
[5.505808]
[5.358714]
[4.7678313]
[3.8685322]
[2.7520173]
[2.6989207]
[2.6796248]
[2.6729405]
[2.660499]
[2.6682456]
[2.668011]
[2.6921887]
[3.6955972]
[4.6962366]
[4.847005]
[4.380184]
[4.7636137]
[4.167522]
[4.54093]
[5.145261]
[4.843566]
[7.226283]
[5.9351544]
[4.426753]
[3.9620101]
[2.8994586]
[3.2101579]
[3.8301992]
[5.3736086]
[5.337315]
[5.2588487]
[4.751476]
[6.2154417]
[6.1112847]
[5.680697]
[6.080136]
[6.5528092]
[5.3331847]
[4.7967973]
[4.694245]
[4.416915]
[4.2954984]
[3.747785]
[3.7649834]
[3.192766]
[2.7452521]
[2.6995497]
[2.6331575]
[2.567617]
[2.5523403]
[2.4643438]
[2.5358052]
[2.3314645]
[2.7488832]
[2.0679562]
[1.1263002]
[1.2766443]
[1.2525952]
[1.1847835]
[1.1673125]
[1.1053739]
[1.0223511]
[0.84529644]
[0.8325363]
[0.67585117]
[0.60762054]
[0.59802425]
[0.58624625]
[0.60827535]
[0.5914009]
[0.5830943]
[0.58752793]
[0.5309441]
[0.50872284]
[0.46653348]
[0.4589227]
[0.45205417]
[0.777372]
[0.5385854]
[0.38425168]
[0.39856532]
[0.4430225]
[0.22972976]
[0.18616194]
[0.17284904]
[0.16000402]
[0.16688713]
[0.13598937]
[0.04235104]
[-0.0066485]
[-0.02769678]
[0.14050654]
[-0.03374087]
[-0.13515434]
[-0.10768023]
[-0.09615405]
[-0.15621321]
[-0.17100532]
[-0.17089929]
[-0.179308]
[-0.17842789]
[-0.17311546]
[-0.1793292]
[-0.17897928]
[-0.1807819]
[-0.18140753]
[-0.1815984]
[-0.19067512]
[-0.17277613]
[-0.02143001]
[-0.07981379]
[-0.25386238]
[-0.23296255]
[-0.0673651]
[-0.18112123]
[-0.344142]
[-0.21571039]
[-0.1616635]
[-0.22611257]
[-0.22778796]
[-0.23000413]
[-0.22282544]
[-0.21723731]
[-0.2403427]
[-0.24003519]
[-0.23891121]
[-0.23808412]
[-0.21955952]
[-0.2253067]
[-0.23530596]
[-0.23492423]
[-0.2244372]
[-0.14971316]
[-0.09529515]
[0.15912789]
[-0.5862131]
[0.0801836]
[0.5366105]
[-0.04033635]
[-0.0902266]
[-0.08841337]
[-0.09777641]
[-0.08844518]
[-0.07962293]
[-0.13439086]
[-0.13430604]
[-0.13573754]
[-0.1558739]
[0.25512156]
[0.7294183]
[0.8656621]
[0.21378052]
[0.6772575]
[0.8860927]
[0.03975182]
[0.09615538]
[0.12553284]
[0.7596175]
[0.7062771]
[0.33191597]
[0.8388203]
[0.47622657]
[0.27235517]
[0.4124402]
[0.42022726]
[1.2922397]
[1.5557275]
[1.2184713]
[0.6664789]
[1.6335491]
[1.1634303]
[1.6605183]
[0.89287907]
[0.914488]
[0.89721334]
[0.57187164]
[0.82708335]
[0.7872202]
[1.0535777]
[1.0704387]
[1.6295662]
[1.9236887]
[1.4461161]
[1.0726271]
[1.2056568]
[1.4810458]
[1.7691541]
[1.9801068]
[2.0916991]
[3.15716]
[4.1480246]
[3.0573797]
[2.5588284]
[2.4455554]
[2.7136214]
[2.8241904]
[2.4294498]
[3.5204265]
[3.4824588]
[1.9471612]
[1.9582486]
[2.3337364]
[2.3100665]
[1.9500401]
[1.9631436]
[1.9649534]
[1.1598516]
[1.1629055]
[1.0520891]
[0.7526376]
[0.7764972]
[0.76513934]
[0.75426793]
[0.8190643]
[0.8871531]
[0.91615015]
[0.72409785]
[1.446678]
[2.8143973]
[2.917585]
[1.8040707]
[2.108506]
[2.696161]
[3.5925944]
[2.9659238]
[1.8465636]
[3.4006913]
[4.3871264]
[3.2054505]
[2.2412121]
[2.2781699]
[2.8311238]
[3.4645326]
[5.418486]
[4.9892035]
[3.4820611]
[3.132011]
[3.818469]
[3.8724344]
[3.7926862]
[3.380466]
[3.2629647]
[2.0245984]
[1.9715364]
[1.9410269]
[1.7514778]
[1.6325073]
[4.3194633]
[4.0646815]
[2.025584]
[3.7568088][4.3]
[30.92]
[39.25]
[29.7]
[19.45]
[13.74]
[11.15]
[9.61]
[8.47]
[7.25]
[6.36]
[5.68]
[5.17]
[4.9]
[4.63]
[4.43]
[4.25]
[3.5]
[3.25]
[3.48]
[3.45]
[3.34]
[3.16]
[3.03]
[3.19]
[3.24]
[3.07]
[2.9]
[3.01]
[3.39]
[4.09]
[3.93]
[3.38]
[3.37]
[3.68]
[3.86]
[4.88]
[11.97]
[10.98]
[9.57]
[8.25]
[9.26]
[7.3]
[7.03]
[5.94]
[5.1]
[4.59]
[4.19]
[3.92]
[3.62]
[3.37]
[3.17]
[2.96]
[2.64]
[2.49]
[2.4]
[2.35]
[2.23]
[2.07]
[2.05]
[2.27]
[2.12]
[2.14]
[2.13]
[2.16]
[2.18]
[1.91]
[1.59]
[1.35]
[1.24]
[1.21]
[1.]
[0.83]
[0.7]
[0.64]
[0.65]
[0.76]
[0.78]
[0.85]
[0.9]
[0.64]
[0.59]
[0.65]
[0.65]
[0.65]
[0.67]
[0.16]
[0.]
[0.]
[0.]
[0.]
[0.]
[0.]
[0.]
[0.]
[0.]
[0.]
[0.]
[0.]
[0.]
[0.]
[0.]
[0.]
[0.]
[0.]
[0.]
[0.]
[0.]
[0.]
[0.]
[0.34]
[0.66]
[0.71]
[0.71]
[0.77]
[0.78]
[0.81]
[0.78]
[0.67]
[0.75]
[0.8]
[0.82]
[0.81]
[0.81]
[0.81]
[0.8]
[0.8]
[0.81]
[0.82]
[0.82]
[0.83]
[0.83]
[0.83]
[0.83]
[0.83]
[0.82]
[0.76]
[0.76]
[0.77]
[0.78]
[0.85]
[0.83]
[0.81]
[0.77]
[0.8]
[0.81]
[0.87]
[0.85]
[0.8]
[0.84]
[0.86]
[0.86]
[0.86]
[0.86]
[0.86]
[0.87]
[0.87]
[0.94]
[0.92]
[0.89]
[0.87]
[0.84]
[0.81]
[0.84]
[0.86]
[0.88]
[0.85]
[0.85]
[0.86]
[0.86]
[0.87]
[0.91]
[0.92]
[0.92]
[0.87]
[0.87]
[0.89]
[0.96]
[0.93]
[0.87]
[0.86]
[0.86]
[0.87]
[1.26]
[1.7]
[1.51]
[1.47]
[1.34]
[1.36]
[1.36]
[1.36]
[1.36]
[1.36]
[1.24]
[1.29]
[1.47]
[1.67]
[2.26]
[1.83]
[3.23]
[2.92]
[2.42]
[2.19]
[2.03]
[2.01]
[1.91]
[1.87]
[1.85]
[1.98]
[1.97]
[1.87]
[1.81]
[1.81]
[1.78]
[1.72]
[1.72]
[1.72]
[1.7]
[1.63]
[1.62]
[1.62]
[1.64]
[1.62]
[1.61]
[1.62]
[1.67]
[1.97]
[2.01]
[2.65]
[2.94]
[2.52]
[2.26]
[2.12]
[2.5]
[2.89]
[2.98]
[3.54]
[3.07]
[2.56]
[2.41]
[2.57]
[2.84]
[4.66]
[3.71]
[2.99]
[2.65]
[2.45]
[2.33]
[2.28]
[2.22]
[2.19]
[2.11]
[2.09]
[2.06]
[2.27]
[2.55]
[3.]
[3.19]
[2.98]