0.7313345441336128, 0.7563605181380786, 15.782860331601986, 24.269939097440115[12.07735]
[25.114223]
[25.642332]
[46.899284]
[10.522061]
[7.0166016]
[6.4663663]
[5.2109385]
[5.0488906]
[4.477909]
[4.3637443]
[3.4919968]
[2.7320704]
[3.1374035]
[3.1730278]
[3.1649213]
[3.1123457]
[3.1140025]
[3.1370642]
[3.1530042]
[3.7596903]
[4.7112556]
[5.2620955]
[4.359765]
[4.692255]
[4.0212092]
[4.0154877]
[4.7227135]
[4.4934063]
[6.4629107]
[5.448343]
[4.54132]
[3.8217866]
[2.9205956]
[3.967438]
[3.3916893]
[3.0483353]
[5.0735826]
[4.7980995]
[5.5017333]
[5.652445]
[5.1888456]
[5.281255]
[6.446507]
[5.1858945]
[5.5666637]
[5.005748]
[4.7391014]
[4.3540363]
[4.3154516]
[3.868152]
[3.7181895]
[3.305033]
[2.7469766]
[2.719607]
[2.683263]
[2.644459]
[2.6498284]
[2.5871117]
[2.5699258]
[2.2899823]
[2.7609627]
[2.0006666]
[1.5162328]
[1.6153255]
[1.4716762]
[1.4831997]
[1.23294]
[1.1338421]
[1.0026006]
[0.57520914]
[0.55115473]
[0.27907258]
[0.16292666]
[0.14529806]
[0.11396158]
[0.1225638]
[0.12963115]
[0.14105925]
[0.11453418]
[0.11434066]
[0.10206956]
[0.09168858]
[0.08993102]
[0.08823708]
[0.223687]
[0.28171292]
[0.32460737]
[0.16418453]
[0.20587416]
[-2.1207332e-05]
[-0.01830193]
[-0.02209804]
[-0.03468459]
[-0.03718706]
[-0.14569438]
[-0.19238232]
[-0.23158407]
[-0.24741535]
[-0.22514765]
[-0.03054916]
[-0.162533]
[-0.10333273]
[-0.20601863]
[-0.2397595]
[-0.24474323]
[-0.23953682]
[-0.2493134]
[-0.24658826]
[-0.3091817]
[-0.32516143]
[-0.32476908]
[-0.33077076]
[-0.33094043]
[-0.33152363]
[-0.34470397]
[-0.33130094]
[-0.4330007]
[-0.16585195]
[-0.32215]
[-0.2189445]
[-0.51467013]
[-0.37003615]
[-0.41787988]
[-0.23536958]
[-0.3371648]
[-0.30006254]
[-0.42911977]
[-0.4367968]
[-0.37581515]
[-0.3542367]
[-0.38567656]
[-0.3887092]
[-0.38684297]
[-0.38732013]
[-0.36639908]
[-0.36574167]
[-0.41058457]
[-0.4011685]
[-0.38936663]
[-0.31312627]
[-0.5509665]
[-0.5227395]
[-1.1542939]
[-0.13316084]
[-1.353611]
[-1.1063653]
[-0.93020666]
[-0.912191]
[-1.0030326]
[-0.84668154]
[-0.2068033]
[-0.12197398]
[-0.12179371]
[-0.12428557]
[-0.10085147]
[-0.575514]
[0.9329994]
[-0.08997211]
[-0.69896185]
[0.11199062]
[-0.832356]
[-0.3698983]
[-0.44930914]
[-2.133553]
[-1.2730762]
[0.4981841]
[0.10056915]
[-0.30363598]
[-0.12891938]
[-0.22392823]
[0.57211685]
[0.65607405]
[-0.52788234]
[1.662578]
[1.3132085]
[1.7266122]
[0.14756063]
[1.4290044]
[2.2094316]
[1.3451334]
[0.85051745]
[0.7131204]
[0.39242047]
[0.47680447]
[0.86331207]
[0.96316814]
[0.9999814]
[1.0323822]
[2.74425]
[1.6672105]
[1.9014083]
[1.7374346]
[0.98335487]
[1.9368724]
[3.0350742]
[1.7857555]
[2.1529896]
[5.379621]
[2.8468802]
[3.4860508]
[1.4582838]
[2.7059972]
[3.3831341]
[1.360453]
[4.1402545]
[3.6915464]
[2.978269]
[2.4818344]
[2.3511853]
[2.2781143]
[1.9150407]
[1.9812897]
[1.9793785]
[1.4432213]
[1.4423544]
[1.4066347]
[1.1894888]
[1.0939405]
[1.0941247]
[1.0939524]
[1.0935707]
[1.1104146]
[1.2148077]
[1.0199852]
[0.7259204]
[3.0063794]
[4.252454]
[2.8828638]
[2.9562888]
[1.0429859]
[4.7832994]
[3.38137]
[2.306092]
[1.6457725]
[6.1836214]
[3.654411]
[3.8780644]
[2.7057388]
[2.6753488]
[3.4383342]
[7.881121]
[4.9353895]
[5.0957246]
[3.3594582]
[2.9106135]
[3.1067588]
[2.9345489]
[2.3653479]
[2.1346161]
[1.9681253]
[1.9529806]
[1.9512933]
[1.9148339]
[3.05733]
[5.1772547]
[4.2019997]
[3.4598663]
[4.550529][4.3]
[30.92]
[39.25]
[29.7]
[19.45]
[13.74]
[11.15]
[9.61]
[8.47]
[7.25]
[6.36]
[5.68]
[5.17]
[4.9]
[4.63]
[4.43]
[4.25]
[3.5]
[3.25]
[3.48]
[3.45]
[3.34]
[3.16]
[3.03]
[3.19]
[3.24]
[3.07]
[2.9]
[3.01]
[3.39]
[4.09]
[3.93]
[3.38]
[3.37]
[3.68]
[3.86]
[4.88]
[11.97]
[10.98]
[9.57]
[8.25]
[9.26]
[7.3]
[7.03]
[5.94]
[5.1]
[4.59]
[4.19]
[3.92]
[3.62]
[3.37]
[3.17]
[2.96]
[2.64]
[2.49]
[2.4]
[2.35]
[2.23]
[2.07]
[2.05]
[2.27]
[2.12]
[2.14]
[2.13]
[2.16]
[2.18]
[1.91]
[1.59]
[1.35]
[1.24]
[1.21]
[1.]
[0.83]
[0.7]
[0.64]
[0.65]
[0.76]
[0.78]
[0.85]
[0.9]
[0.64]
[0.59]
[0.65]
[0.65]
[0.65]
[0.67]
[0.16]
[0.]
[0.]
[0.]
[0.]
[0.]
[0.]
[0.]
[0.]
[0.]
[0.]
[0.]
[0.]
[0.]
[0.]
[0.]
[0.]
[0.]
[0.]
[0.]
[0.]
[0.]
[0.]
[0.]
[0.34]
[0.66]
[0.71]
[0.71]
[0.77]
[0.78]
[0.81]
[0.78]
[0.67]
[0.75]
[0.8]
[0.82]
[0.81]
[0.81]
[0.81]
[0.8]
[0.8]
[0.81]
[0.82]
[0.82]
[0.83]
[0.83]
[0.83]
[0.83]
[0.83]
[0.82]
[0.76]
[0.76]
[0.77]
[0.78]
[0.85]
[0.83]
[0.81]
[0.77]
[0.8]
[0.81]
[0.87]
[0.85]
[0.8]
[0.84]
[0.86]
[0.86]
[0.86]
[0.86]
[0.86]
[0.87]
[0.87]
[0.94]
[0.92]
[0.89]
[0.87]
[0.84]
[0.81]
[0.84]
[0.86]
[0.88]
[0.85]
[0.85]
[0.86]
[0.86]
[0.87]
[0.91]
[0.92]
[0.92]
[0.87]
[0.87]
[0.89]
[0.96]
[0.93]
[0.87]
[0.86]
[0.86]
[0.87]
[1.26]
[1.7]
[1.51]
[1.47]
[1.34]
[1.36]
[1.36]
[1.36]
[1.36]
[1.36]
[1.24]
[1.29]
[1.47]
[1.67]
[2.26]
[1.83]
[3.23]
[2.92]
[2.42]
[2.19]
[2.03]
[2.01]
[1.91]
[1.87]
[1.85]
[1.98]
[1.97]
[1.87]
[1.81]
[1.81]
[1.78]
[1.72]
[1.72]
[1.72]
[1.7]
[1.63]
[1.62]
[1.62]
[1.64]
[1.62]
[1.61]
[1.62]
[1.67]
[1.97]
[2.01]
[2.65]
[2.94]
[2.52]
[2.26]
[2.12]
[2.5]
[2.89]
[2.98]
[3.54]
[3.07]
[2.56]
[2.41]
[2.57]
[2.84]
[4.66]
[3.71]
[2.99]
[2.65]
[2.45]
[2.33]
[2.28]
[2.22]
[2.19]
[2.11]
[2.09]
[2.06]
[2.27]
[2.55]
[3.]
[3.19]
[2.98]