0.8328869027175818, 0.8503743438499576, 9.126764503274071, 19.141149525285048[18.040207]
[25.256428]
[49.655]
[28.98218]
[15.116009]
[7.812926]
[6.5040755]
[5.550708]
[5.278419]
[4.9274163]
[3.6273644]
[3.2769399]
[2.4014692]
[2.1527233]
[2.1141975]
[2.1046648]
[2.087052]
[2.0878606]
[2.0936449]
[2.059814]
[1.4659847]
[3.5355499]
[4.388896]
[4.2239265]
[4.601653]
[4.0698476]
[4.037867]
[4.444735]
[5.979857]
[6.558772]
[4.4692082]
[3.474799]
[3.4989727]
[3.3389473]
[3.1766849]
[3.5783622]
[6.1125274]
[6.3593807]
[5.6230145]
[5.7728972]
[8.131147]
[5.798836]
[6.220287]
[6.2867293]
[4.484485]
[4.3443685]
[3.7105079]
[3.6903872]
[3.441962]
[3.4501958]
[3.4388657]
[3.5568712]
[3.2215488]
[2.9340835]
[2.9031367]
[2.851481]
[2.7874877]
[2.7685657]
[2.570961]
[2.5858698]
[2.876747]
[2.1508834]
[2.015305]
[1.8455695]
[1.6263334]
[1.7154889]
[1.5421138]
[1.1278073]
[0.83157265]
[0.6781376]
[0.4979442]
[0.4586364]
[0.26819456]
[0.24298964]
[0.23962829]
[0.23961237]
[0.2570607]
[0.23643127]
[0.2558466]
[0.24215195]
[0.27015623]
[0.27429166]
[0.29617232]
[0.3001169]
[0.3036373]
[0.7263843]
[0.32082054]
[0.61052334]
[0.5033308]
[0.49702698]
[0.36399868]
[0.34624815]
[0.3522604]
[0.35316703]
[0.3924536]
[0.3249878]
[0.34014574]
[0.33459473]
[0.32975945]
[0.5844807]
[0.40584075]
[0.47650358]
[0.5398446]
[0.3831383]
[0.386277]
[0.38338217]
[0.3700587]
[0.36821362]
[0.36845222]
[0.3860384]
[0.37607625]
[0.3762194]
[0.37268308]
[0.3724233]
[0.37299058]
[0.33816814]
[0.35815075]
[0.4286068]
[0.5382487]
[0.4907337]
[0.37006927]
[0.15422104]
[0.36313447]
[0.13836856]
[0.3221301]
[0.23716822]
[0.2663283]
[0.29241863]
[0.28350624]
[0.32030097]
[0.33462653]
[0.33850747]
[0.3398011]
[0.34025177]
[0.33963674]
[0.3371714]
[0.34161964]
[0.33010936]
[0.34359723]
[0.33615875]
[0.373823]
[-0.61267984]
[0.46203488]
[-0.4381965]
[0.3223475]
[-0.3852206]
[-0.22721536]
[-0.21556193]
[-0.14511117]
[-0.1674425]
[-0.07646304]
[0.4849441]
[0.47984374]
[0.47958395]
[0.4783115]
[0.47578254]
[0.5295643]
[0.17444488]
[0.8706127]
[0.49678308]
[0.8254013]
[-0.14274655]
[-0.01919264]
[0.12874573]
[-1.137731]
[-0.6547658]
[-1.0786049]
[0.54643214]
[-0.01133532]
[-0.1668699]
[-0.07753401]
[0.5133248]
[0.6326691]
[0.9575495]
[1.8893095]
[0.8821177]
[0.94268316]
[0.4278725]
[1.3185593]
[0.6833811]
[0.8098272]
[0.5672418]
[0.41527802]
[0.59321284]
[0.18884732]
[0.94205755]
[0.58800644]
[1.2506508]
[1.7790765]
[2.138925]
[1.8228829]
[1.923358]
[1.6565273]
[1.1858941]
[1.4566455]
[1.4597869]
[2.091577]
[1.2972194]
[3.6641564]
[2.6472304]
[2.9972947]
[2.6593108]
[2.4209669]
[1.6403116]
[2.47025]
[3.2799644]
[1.8021209]
[2.8664691]
[2.5031345]
[2.305811]
[2.3568888]
[2.1992707]
[2.2119632]
[2.1919646]
[1.7704637]
[1.7733638]
[1.641873]
[1.329436]
[1.2771493]
[1.2634282]
[1.2502903]
[1.3207463]
[1.3447795]
[1.3235774]
[1.213294]
[2.494116]
[2.2224026]
[2.3942535]
[3.9318302]
[2.4214969]
[1.3063492]
[4.5154853]
[2.4558794]
[3.8827088]
[0.42023256]
[4.8400607]
[2.5864635]
[2.6389623]
[2.6559572]
[3.5141227]
[3.189123]
[7.289847]
[3.983258]
[3.989355]
[3.1330771]
[2.8226945]
[2.7794557]
[2.6646867]
[2.0623243]
[2.0809152]
[2.2418814]
[2.2128222]
[2.1774378]
[2.106022]
[2.4637394]
[5.955609]
[2.8286777]
[2.942487]
[3.8290064][4.3]
[30.92]
[39.25]
[29.7]
[19.45]
[13.74]
[11.15]
[9.61]
[8.47]
[7.25]
[6.36]
[5.68]
[5.17]
[4.9]
[4.63]
[4.43]
[4.25]
[3.5]
[3.25]
[3.48]
[3.45]
[3.34]
[3.16]
[3.03]
[3.19]
[3.24]
[3.07]
[2.9]
[3.01]
[3.39]
[4.09]
[3.93]
[3.38]
[3.37]
[3.68]
[3.86]
[4.88]
[11.97]
[10.98]
[9.57]
[8.25]
[9.26]
[7.3]
[7.03]
[5.94]
[5.1]
[4.59]
[4.19]
[3.92]
[3.62]
[3.37]
[3.17]
[2.96]
[2.64]
[2.49]
[2.4]
[2.35]
[2.23]
[2.07]
[2.05]
[2.27]
[2.12]
[2.14]
[2.13]
[2.16]
[2.18]
[1.91]
[1.59]
[1.35]
[1.24]
[1.21]
[1.]
[0.83]
[0.7]
[0.64]
[0.65]
[0.76]
[0.78]
[0.85]
[0.9]
[0.64]
[0.59]
[0.65]
[0.65]
[0.65]
[0.67]
[0.16]
[0.]
[0.]
[0.]
[0.]
[0.]
[0.]
[0.]
[0.]
[0.]
[0.]
[0.]
[0.]
[0.]
[0.]
[0.]
[0.]
[0.]
[0.]
[0.]
[0.]
[0.]
[0.]
[0.]
[0.34]
[0.66]
[0.71]
[0.71]
[0.77]
[0.78]
[0.81]
[0.78]
[0.67]
[0.75]
[0.8]
[0.82]
[0.81]
[0.81]
[0.81]
[0.8]
[0.8]
[0.81]
[0.82]
[0.82]
[0.83]
[0.83]
[0.83]
[0.83]
[0.83]
[0.82]
[0.76]
[0.76]
[0.77]
[0.78]
[0.85]
[0.83]
[0.81]
[0.77]
[0.8]
[0.81]
[0.87]
[0.85]
[0.8]
[0.84]
[0.86]
[0.86]
[0.86]
[0.86]
[0.86]
[0.87]
[0.87]
[0.94]
[0.92]
[0.89]
[0.87]
[0.84]
[0.81]
[0.84]
[0.86]
[0.88]
[0.85]
[0.85]
[0.86]
[0.86]
[0.87]
[0.91]
[0.92]
[0.92]
[0.87]
[0.87]
[0.89]
[0.96]
[0.93]
[0.87]
[0.86]
[0.86]
[0.87]
[1.26]
[1.7]
[1.51]
[1.47]
[1.34]
[1.36]
[1.36]
[1.36]
[1.36]
[1.36]
[1.24]
[1.29]
[1.47]
[1.67]
[2.26]
[1.83]
[3.23]
[2.92]
[2.42]
[2.19]
[2.03]
[2.01]
[1.91]
[1.87]
[1.85]
[1.98]
[1.97]
[1.87]
[1.81]
[1.81]
[1.78]
[1.72]
[1.72]
[1.72]
[1.7]
[1.63]
[1.62]
[1.62]
[1.64]
[1.62]
[1.61]
[1.62]
[1.67]
[1.97]
[2.01]
[2.65]
[2.94]
[2.52]
[2.26]
[2.12]
[2.5]
[2.89]
[2.98]
[3.54]
[3.07]
[2.56]
[2.41]
[2.57]
[2.84]
[4.66]
[3.71]
[2.99]
[2.65]
[2.45]
[2.33]
[2.28]
[2.22]
[2.19]
[2.11]
[2.09]
[2.06]
[2.27]
[2.55]
[3.]
[3.19]
[2.98]