0.7320234988137743, 0.8137016878890351, -14.708720399417412, 24.23880070372485[8.053344]
[18.900507]
[22.498268]
[14.79382]
[10.470936]
[8.785751]
[6.672308]
[6.0340805]
[5.4820642]
[5.2623544]
[4.1120825]
[3.2389495]
[2.8240826]
[2.8558705]
[2.8238547]
[2.810474]
[2.7918499]
[2.8013587]
[2.8009925]
[2.8147576]
[3.5603507]
[5.5163984]
[5.7599435]
[5.709548]
[5.478359]
[5.1699247]
[5.341296]
[5.7863855]
[6.1612034]
[8.094976]
[5.2524786]
[4.4681783]
[4.986158]
[4.009624]
[4.462381]
[4.558104]
[4.483747]
[13.479687]
[5.7651734]
[6.4843354]
[6.3436475]
[6.742594]
[6.226266]
[7.4915133]
[6.568174]
[5.9347396]
[5.351868]
[5.10874]
[4.888046]
[4.6418204]
[4.1361213]
[4.2104115]
[4.0105815]
[3.9643016]
[3.9390347]
[3.8994315]
[3.820969]
[3.785213]
[3.3573525]
[3.3610995]
[3.2307558]
[3.896916]
[2.9142077]
[2.766062]
[2.8008854]
[2.7266705]
[2.5711565]
[2.3258698]
[2.2230453]
[2.0792696]
[1.6272025]
[1.6165568]
[1.432717]
[1.3295255]
[1.3149945]
[1.2880207]
[1.3023711]
[1.2974467]
[1.2889582]
[1.287248]
[1.276871]
[1.2687068]
[1.2562187]
[1.2536669]
[1.2513506]
[1.3576424]
[1.4271269]
[1.301559]
[1.2769395]
[1.2943567]
[1.0386536]
[1.0188539]
[1.0122074]
[1.006166]
[1.0134792]
[0.9692374]
[0.92301935]
[0.89531726]
[0.88704973]
[0.94878954]
[1.1004658]
[0.9281482]
[0.9323267]
[0.91869766]
[0.90574795]
[0.89881116]
[0.8960343]
[0.89540803]
[0.89496267]
[0.8535408]
[0.84705734]
[0.8472482]
[0.845093]
[0.8451924]
[0.84485704]
[0.7981512]
[0.806827]
[0.80712986]
[1.0595455]
[0.8867985]
[0.6906638]
[0.65544045]
[0.92669684]
[0.79075515]
[0.73390496]
[0.75591815]
[0.76514864]
[0.7428372]
[0.7454563]
[0.80286986]
[0.8115224]
[0.75461656]
[0.7563211]
[0.7563655]
[0.7573238]
[0.75507385]
[0.76831514]
[0.76180845]
[0.7616229]
[0.75824434]
[0.71046686]
[0.09831852]
[1.2698109]
[0.8595073]
[1.0270506]
[0.6766544]
[0.7115007]
[0.78511995]
[0.7637238]
[0.7622976]
[0.8058263]
[0.91084766]
[0.850988]
[0.85127294]
[0.8479924]
[0.8314507]
[0.6296431]
[0.64583814]
[1.5277478]
[0.9687238]
[0.9887415]
[0.7973917]
[0.8736374]
[0.8395632]
[0.2451276]
[1.0432165]
[1.083252]
[1.4911764]
[1.4312872]
[1.340139]
[1.2191472]
[1.6906863]
[1.7376795]
[1.483818]
[2.601407]
[1.8211638]
[2.1242232]
[1.8694506]
[2.4955575]
[2.2163212]
[2.0453165]
[2.0238125]
[1.8941293]
[1.7853867]
[1.7594823]
[2.069596]
[2.0533261]
[2.2448]
[2.16669]
[3.5739958]
[2.6027765]
[2.8053715]
[2.8710265]
[2.5139914]
[3.4545376]
[2.9298046]
[2.9894142]
[3.4841845]
[4.6081777]
[3.3653896]
[4.1229124]
[3.4754455]
[3.096824]
[3.3310497]
[3.076736]
[4.278979]
[3.4856994]
[3.5392902]
[3.656379]
[3.3259716]
[3.2838182]
[3.2076368]
[3.1900067]
[3.1893506]
[2.811392]
[2.8088043]
[2.7416842]
[2.3328884]
[2.4102812]
[2.3983421]
[2.386925]
[2.3836148]
[2.4257047]
[2.4074225]
[2.2362075]
[2.0973957]
[3.2279208]
[3.4046788]
[3.0914538]
[3.4776037]
[3.347479]
[4.101923]
[3.3965256]
[2.9829564]
[2.9561226]
[3.8148906]
[3.3609984]
[3.605464]
[4.02804]
[3.534475]
[4.6366196]
[5.4860826]
[4.319544]
[4.6373014]
[4.435969]
[3.8521016]
[3.789498]
[3.6966717]
[3.4019365]
[3.3570883]
[2.9753788]
[2.8995674]
[2.8570313]
[2.7133594]
[3.745073]
[5.4251285]
[3.8647707]
[3.840366]
[4.882958][4.3]
[30.92]
[39.25]
[29.7]
[19.45]
[13.74]
[11.15]
[9.61]
[8.47]
[7.25]
[6.36]
[5.68]
[5.17]
[4.9]
[4.63]
[4.43]
[4.25]
[3.5]
[3.25]
[3.48]
[3.45]
[3.34]
[3.16]
[3.03]
[3.19]
[3.24]
[3.07]
[2.9]
[3.01]
[3.39]
[4.09]
[3.93]
[3.38]
[3.37]
[3.68]
[3.86]
[4.88]
[11.97]
[10.98]
[9.57]
[8.25]
[9.26]
[7.3]
[7.03]
[5.94]
[5.1]
[4.59]
[4.19]
[3.92]
[3.62]
[3.37]
[3.17]
[2.96]
[2.64]
[2.49]
[2.4]
[2.35]
[2.23]
[2.07]
[2.05]
[2.27]
[2.12]
[2.14]
[2.13]
[2.16]
[2.18]
[1.91]
[1.59]
[1.35]
[1.24]
[1.21]
[1.]
[0.83]
[0.7]
[0.64]
[0.65]
[0.76]
[0.78]
[0.85]
[0.9]
[0.64]
[0.59]
[0.65]
[0.65]
[0.65]
[0.67]
[0.16]
[0.]
[0.]
[0.]
[0.]
[0.]
[0.]
[0.]
[0.]
[0.]
[0.]
[0.]
[0.]
[0.]
[0.]
[0.]
[0.]
[0.]
[0.]
[0.]
[0.]
[0.]
[0.]
[0.]
[0.34]
[0.66]
[0.71]
[0.71]
[0.77]
[0.78]
[0.81]
[0.78]
[0.67]
[0.75]
[0.8]
[0.82]
[0.81]
[0.81]
[0.81]
[0.8]
[0.8]
[0.81]
[0.82]
[0.82]
[0.83]
[0.83]
[0.83]
[0.83]
[0.83]
[0.82]
[0.76]
[0.76]
[0.77]
[0.78]
[0.85]
[0.83]
[0.81]
[0.77]
[0.8]
[0.81]
[0.87]
[0.85]
[0.8]
[0.84]
[0.86]
[0.86]
[0.86]
[0.86]
[0.86]
[0.87]
[0.87]
[0.94]
[0.92]
[0.89]
[0.87]
[0.84]
[0.81]
[0.84]
[0.86]
[0.88]
[0.85]
[0.85]
[0.86]
[0.86]
[0.87]
[0.91]
[0.92]
[0.92]
[0.87]
[0.87]
[0.89]
[0.96]
[0.93]
[0.87]
[0.86]
[0.86]
[0.87]
[1.26]
[1.7]
[1.51]
[1.47]
[1.34]
[1.36]
[1.36]
[1.36]
[1.36]
[1.36]
[1.24]
[1.29]
[1.47]
[1.67]
[2.26]
[1.83]
[3.23]
[2.92]
[2.42]
[2.19]
[2.03]
[2.01]
[1.91]
[1.87]
[1.85]
[1.98]
[1.97]
[1.87]
[1.81]
[1.81]
[1.78]
[1.72]
[1.72]
[1.72]
[1.7]
[1.63]
[1.62]
[1.62]
[1.64]
[1.62]
[1.61]
[1.62]
[1.67]
[1.97]
[2.01]
[2.65]
[2.94]
[2.52]
[2.26]
[2.12]
[2.5]
[2.89]
[2.98]
[3.54]
[3.07]
[2.56]
[2.41]
[2.57]
[2.84]
[4.66]
[3.71]
[2.99]
[2.65]
[2.45]
[2.33]
[2.28]
[2.22]
[2.19]
[2.11]
[2.09]
[2.06]
[2.27]
[2.55]
[3.]
[3.19]
[2.98]