0.7878723169915478, 0.8403754228509236, 34.45669240467774, 21.56559504163781[4.8809376]
[32.093166]
[23.16645]
[25.030941]
[19.670607]
[5.0081577]
[3.945225]
[4.085862]
[4.1759367]
[4.021059]
[3.276884]
[2.7845845]
[2.0764802]
[1.8348411]
[1.8344909]
[1.8219739]
[1.8202224]
[1.8176384]
[1.8258201]
[1.817941]
[2.7609687]
[3.1885967]
[3.8730712]
[4.1269646]
[4.1612287]
[4.052136]
[3.8776772]
[4.231345]
[4.539647]
[7.1016665]
[4.421289]
[2.887827]
[2.4878306]
[1.9062523]
[2.403983]
[1.9102558]
[1.9903167]
[6.3601375]
[3.428191]
[3.4313564]
[3.2653756]
[5.3924947]
[3.4200313]
[6.314527]
[4.2277913]
[4.326146]
[4.0447283]
[3.9433749]
[3.945199]
[3.8712063]
[3.5050678]
[3.341243]
[2.9832666]
[2.774617]
[2.7450166]
[2.7033525]
[2.6041827]
[2.568705]
[2.151028]
[2.1452725]
[2.2734158]
[2.1704807]
[1.6855011]
[1.1503798]
[1.1549491]
[1.2522615]
[1.2515892]
[0.98716027]
[0.87549007]
[0.7171253]
[0.34723428]
[0.31210798]
[0.05644133]
[-0.06758777]
[-0.08435217]
[-0.11525125]
[-0.11174144]
[-0.10385231]
[-0.10692737]
[-0.10607908]
[-0.12744546]
[-0.13020241]
[-0.14236483]
[-0.1446234]
[-0.14658508]
[-0.09493463]
[-0.00442173]
[-0.08172245]
[-0.09305777]
[-0.17918076]
[-0.33076015]
[-0.34611428]
[-0.3536535]
[-0.3606413]
[-0.37007856]
[-0.41776323]
[-0.4699651]
[-0.49649546]
[-0.5109377]
[-0.47440803]
[-0.34478882]
[-0.4032044]
[-0.47109967]
[-0.4992524]
[-0.500949]
[-0.49909335]
[-0.50624025]
[-0.5046391]
[-0.5045012]
[-0.52593124]
[-0.53206015]
[-0.5319647]
[-0.53438234]
[-0.5340431]
[-0.53409606]
[-0.581399]
[-0.5789602]
[-0.5021578]
[-0.27694654]
[-0.40940756]
[-0.6192011]
[-0.6872872]
[-0.51926154]
[-0.55060595]
[-0.57187694]
[-0.6122451]
[-0.579607]
[-0.59182245]
[-0.5895214]
[-0.55736053]
[-0.5493441]
[-0.6022458]
[-0.60306233]
[-0.602723]
[-0.60159904]
[-0.59196025]
[-0.59003043]
[-0.5980998]
[-0.60121727]
[-0.5986936]
[-0.5477748]
[0.3986054]
[0.50642645]
[-0.14654267]
[-0.42643705]
[-0.5002279]
[-0.25564378]
[-0.16376302]
[-0.14844072]
[-0.15864146]
[-0.13868535]
[-0.3577677]
[-0.39549553]
[-0.39537892]
[-0.3971391]
[-0.40733984]
[-0.08844518]
[1.3904157]
[0.7599548]
[0.6023406]
[-0.39091477]
[-0.20869076]
[0.27625135]
[0.2207902]
[-0.63347363]
[0.02197676]
[0.5840009]
[0.052233]
[0.25415596]
[0.22703113]
[0.24693353]
[0.5965043]
[0.629546]
[0.7984998]
[1.764797]
[1.2254587]
[0.34478915]
[0.6003935]
[1.0647552]
[1.3608245]
[0.9294392]
[0.9713969]
[0.9523779]
[0.60838336]
[0.5559111]
[0.8414914]
[0.89888006]
[0.8619793]
[1.1910641]
[1.678002]
[1.4888687]
[1.3174542]
[1.2751817]
[1.2079043]
[1.2882587]
[1.6351556]
[0.96223867]
[1.9332744]
[2.7133899]
[2.4265344]
[1.8059989]
[1.5585746]
[2.336872]
[2.087976]
[0.6757332]
[2.7303195]
[2.6735687]
[2.0006697]
[1.9439248]
[2.0232806]
[2.0058107]
[1.7895797]
[1.7779989]
[1.7794576]
[1.3332652]
[1.3366034]
[1.2192762]
[0.80283904]
[0.91268307]
[0.9004007]
[0.88853455]
[0.9094055]
[0.93093896]
[1.0436732]
[0.8686464]
[1.3692392]
[2.3690455]
[2.0113103]
[1.3925686]
[1.6729792]
[0.8513289]
[2.4907248]
[2.058718]
[1.3418624]
[0.11484499]
[3.5570223]
[2.4190097]
[1.8173246]
[1.9129744]
[1.8994168]
[2.1478198]
[6.7495213]
[3.6689162]
[2.5361934]
[2.5204258]
[2.6543012]
[2.627724]
[2.583199]
[2.2632735]
[2.1930363]
[1.3264729]
[1.2538444]
[1.21145]
[1.1038284]
[2.7902043]
[5.0923367]
[3.1187155]
[1.2975633]
[2.649891][4.3]
[30.92]
[39.25]
[29.7]
[19.45]
[13.74]
[11.15]
[9.61]
[8.47]
[7.25]
[6.36]
[5.68]
[5.17]
[4.9]
[4.63]
[4.43]
[4.25]
[3.5]
[3.25]
[3.48]
[3.45]
[3.34]
[3.16]
[3.03]
[3.19]
[3.24]
[3.07]
[2.9]
[3.01]
[3.39]
[4.09]
[3.93]
[3.38]
[3.37]
[3.68]
[3.86]
[4.88]
[11.97]
[10.98]
[9.57]
[8.25]
[9.26]
[7.3]
[7.03]
[5.94]
[5.1]
[4.59]
[4.19]
[3.92]
[3.62]
[3.37]
[3.17]
[2.96]
[2.64]
[2.49]
[2.4]
[2.35]
[2.23]
[2.07]
[2.05]
[2.27]
[2.12]
[2.14]
[2.13]
[2.16]
[2.18]
[1.91]
[1.59]
[1.35]
[1.24]
[1.21]
[1.]
[0.83]
[0.7]
[0.64]
[0.65]
[0.76]
[0.78]
[0.85]
[0.9]
[0.64]
[0.59]
[0.65]
[0.65]
[0.65]
[0.67]
[0.16]
[0.]
[0.]
[0.]
[0.]
[0.]
[0.]
[0.]
[0.]
[0.]
[0.]
[0.]
[0.]
[0.]
[0.]
[0.]
[0.]
[0.]
[0.]
[0.]
[0.]
[0.]
[0.]
[0.]
[0.34]
[0.66]
[0.71]
[0.71]
[0.77]
[0.78]
[0.81]
[0.78]
[0.67]
[0.75]
[0.8]
[0.82]
[0.81]
[0.81]
[0.81]
[0.8]
[0.8]
[0.81]
[0.82]
[0.82]
[0.83]
[0.83]
[0.83]
[0.83]
[0.83]
[0.82]
[0.76]
[0.76]
[0.77]
[0.78]
[0.85]
[0.83]
[0.81]
[0.77]
[0.8]
[0.81]
[0.87]
[0.85]
[0.8]
[0.84]
[0.86]
[0.86]
[0.86]
[0.86]
[0.86]
[0.87]
[0.87]
[0.94]
[0.92]
[0.89]
[0.87]
[0.84]
[0.81]
[0.84]
[0.86]
[0.88]
[0.85]
[0.85]
[0.86]
[0.86]
[0.87]
[0.91]
[0.92]
[0.92]
[0.87]
[0.87]
[0.89]
[0.96]
[0.93]
[0.87]
[0.86]
[0.86]
[0.87]
[1.26]
[1.7]
[1.51]
[1.47]
[1.34]
[1.36]
[1.36]
[1.36]
[1.36]
[1.36]
[1.24]
[1.29]
[1.47]
[1.67]
[2.26]
[1.83]
[3.23]
[2.92]
[2.42]
[2.19]
[2.03]
[2.01]
[1.91]
[1.87]
[1.85]
[1.98]
[1.97]
[1.87]
[1.81]
[1.81]
[1.78]
[1.72]
[1.72]
[1.72]
[1.7]
[1.63]
[1.62]
[1.62]
[1.64]
[1.62]
[1.61]
[1.62]
[1.67]
[1.97]
[2.01]
[2.65]
[2.94]
[2.52]
[2.26]
[2.12]
[2.5]
[2.89]
[2.98]
[3.54]
[3.07]
[2.56]
[2.41]
[2.57]
[2.84]
[4.66]
[3.71]
[2.99]
[2.65]
[2.45]
[2.33]
[2.28]
[2.22]
[2.19]
[2.11]
[2.09]
[2.06]
[2.27]
[2.55]
[3.]
[3.19]
[2.98]