0.7912960327419736, 0.8289986068617815, 26.785746724134558, 21.390854020142207[11.061531]
[33.60449]
[31.227184]
[41.16378]
[11.289978]
[8.375948]
[4.037956]
[1.6266377]
[2.2738378]
[1.9783508]
[2.7972133]
[3.092043]
[2.5522184]
[2.1536877]
[2.1520758]
[2.1343784]
[2.126012]
[2.12808]
[2.1361492]
[2.109921]
[3.2964923]
[3.7414594]
[4.974056]
[3.7167952]
[3.893346]
[3.621423]
[4.1866436]
[4.200911]
[5.8594646]
[6.120975]
[3.7076573]
[3.6664145]
[3.4792306]
[3.009064]
[2.6017907]
[3.2523413]
[4.1005235]
[8.38118]
[5.0407224]
[4.750492]
[5.1107745]
[4.8270655]
[5.1489105]
[5.278251]
[5.0089526]
[4.5844083]
[3.851581]
[3.7419708]
[3.535263]
[3.5475898]
[3.2182372]
[2.9803176]
[2.553581]
[2.3114543]
[2.2865515]
[2.2510903]
[2.11078]
[2.0471897]
[1.8206477]
[1.8721417]
[2.81046]
[1.6291217]
[1.6850467]
[0.76921993]
[1.1379863]
[1.23431]
[0.9028155]
[0.7112444]
[0.55049014]
[0.41847453]
[0.12046378]
[0.10271855]
[-0.05694169]
[-0.05657056]
[-0.0563903]
[-0.04605172]
[-0.00822845]
[-0.04167241]
[-0.0413543]
[-0.06003796]
[-0.09867772]
[-0.11495434]
[-0.14827107]
[-0.15419851]
[-0.15960638]
[0.1794175]
[-0.22497799]
[-0.04643346]
[-0.2782296]
[-0.16207704]
[-0.19651775]
[-0.253873]
[-0.2524627]
[-0.27285355]
[-0.24618532]
[-0.35970816]
[-0.4289607]
[-0.49593347]
[-0.51530635]
[-0.29927787]
[-0.5942507]
[-0.4266385]
[-0.5188374]
[-0.566416]
[-0.5669038]
[-0.58057195]
[-0.5774863]
[-0.5778892]
[-0.5795434]
[-0.6045786]
[-0.6131464]
[-0.6128813]
[-0.6137296]
[-0.6139947]
[-0.6143552]
[-0.6516695]
[-0.6429003]
[-0.2935625]
[-0.38364065]
[-0.5123267]
[-0.6533449]
[-0.5544021]
[-0.6810099]
[-0.7169669]
[-0.64954877]
[-0.7484916]
[-0.6779984]
[-0.6653907]
[-0.6658042]
[-0.62697357]
[-0.6207917]
[-0.66910195]
[-0.66863537]
[-0.66940945]
[-0.66737354]
[-0.6509803]
[-0.6578196]
[-0.6654119]
[-0.67633367]
[-0.66684335]
[-0.57453847]
[1.1007117]
[-1.5347853]
[-0.9078753]
[-0.03053856]
[-0.86004215]
[-0.6682006]
[-0.3907557]
[-0.36517966]
[-0.40487978]
[-0.31911734]
[-0.4907483]
[-0.5119026]
[-0.51144665]
[-0.5144793]
[-0.5218806]
[0.10558683]
[1.8173553]
[0.56039137]
[-0.10976915]
[0.27999064]
[-0.41714823]
[0.03496112]
[-0.07364246]
[-0.36104423]
[-0.3702058]
[0.04504255]
[0.04066059]
[-0.23347153]
[-0.06208447]
[-0.16215126]
[0.4534825]
[0.55285746]
[1.7664735]
[1.0692984]
[0.22283952]
[0.57884437]
[1.6724774]
[0.73865485]
[1.0664062]
[1.3557856]
[0.89120716]
[0.84986615]
[0.19482994]
[0.34967262]
[0.35185963]
[0.6152441]
[0.7978313]
[2.1090965]
[1.0957757]
[1.3244677]
[1.2950637]
[1.3318611]
[1.4874911]
[1.2766398]
[1.7256123]
[1.3574477]
[3.1615846]
[4.6201744]
[3.3995652]
[2.9110942]
[2.442094]
[1.9649105]
[2.4674792]
[1.9827565]
[3.8022208]
[3.2692728]
[1.9326038]
[1.9404161]
[1.9975407]
[1.9638741]
[1.6400037]
[1.6652457]
[1.650891]
[1.3642129]
[1.3583437]
[1.3424965]
[0.8053387]
[0.9869821]
[0.98593503]
[0.98495686]
[1.0248028]
[1.1045874]
[0.8812954]
[0.71153337]
[2.3948414]
[3.1996171]
[2.8076687]
[1.8929461]
[1.681016]
[3.2045069]
[1.9733537]
[2.53907]
[1.7564504]
[2.999074]
[3.7969322]
[2.8499057]
[2.3732789]
[1.8287383]
[1.9919181]
[3.8727274]
[6.926998]
[4.167597]
[4.251628]
[2.7426894]
[3.0664961]
[3.0863514]
[2.9794664]
[2.4463012]
[2.0556965]
[1.3383001]
[1.3129388]
[1.3035625]
[1.1443485]
[3.6447194]
[3.3707604]
[2.2677486]
[2.0604124]
[5.9832373][4.3]
[30.92]
[39.25]
[29.7]
[19.45]
[13.74]
[11.15]
[9.61]
[8.47]
[7.25]
[6.36]
[5.68]
[5.17]
[4.9]
[4.63]
[4.43]
[4.25]
[3.5]
[3.25]
[3.48]
[3.45]
[3.34]
[3.16]
[3.03]
[3.19]
[3.24]
[3.07]
[2.9]
[3.01]
[3.39]
[4.09]
[3.93]
[3.38]
[3.37]
[3.68]
[3.86]
[4.88]
[11.97]
[10.98]
[9.57]
[8.25]
[9.26]
[7.3]
[7.03]
[5.94]
[5.1]
[4.59]
[4.19]
[3.92]
[3.62]
[3.37]
[3.17]
[2.96]
[2.64]
[2.49]
[2.4]
[2.35]
[2.23]
[2.07]
[2.05]
[2.27]
[2.12]
[2.14]
[2.13]
[2.16]
[2.18]
[1.91]
[1.59]
[1.35]
[1.24]
[1.21]
[1.]
[0.83]
[0.7]
[0.64]
[0.65]
[0.76]
[0.78]
[0.85]
[0.9]
[0.64]
[0.59]
[0.65]
[0.65]
[0.65]
[0.67]
[0.16]
[0.]
[0.]
[0.]
[0.]
[0.]
[0.]
[0.]
[0.]
[0.]
[0.]
[0.]
[0.]
[0.]
[0.]
[0.]
[0.]
[0.]
[0.]
[0.]
[0.]
[0.]
[0.]
[0.]
[0.34]
[0.66]
[0.71]
[0.71]
[0.77]
[0.78]
[0.81]
[0.78]
[0.67]
[0.75]
[0.8]
[0.82]
[0.81]
[0.81]
[0.81]
[0.8]
[0.8]
[0.81]
[0.82]
[0.82]
[0.83]
[0.83]
[0.83]
[0.83]
[0.83]
[0.82]
[0.76]
[0.76]
[0.77]
[0.78]
[0.85]
[0.83]
[0.81]
[0.77]
[0.8]
[0.81]
[0.87]
[0.85]
[0.8]
[0.84]
[0.86]
[0.86]
[0.86]
[0.86]
[0.86]
[0.87]
[0.87]
[0.94]
[0.92]
[0.89]
[0.87]
[0.84]
[0.81]
[0.84]
[0.86]
[0.88]
[0.85]
[0.85]
[0.86]
[0.86]
[0.87]
[0.91]
[0.92]
[0.92]
[0.87]
[0.87]
[0.89]
[0.96]
[0.93]
[0.87]
[0.86]
[0.86]
[0.87]
[1.26]
[1.7]
[1.51]
[1.47]
[1.34]
[1.36]
[1.36]
[1.36]
[1.36]
[1.36]
[1.24]
[1.29]
[1.47]
[1.67]
[2.26]
[1.83]
[3.23]
[2.92]
[2.42]
[2.19]
[2.03]
[2.01]
[1.91]
[1.87]
[1.85]
[1.98]
[1.97]
[1.87]
[1.81]
[1.81]
[1.78]
[1.72]
[1.72]
[1.72]
[1.7]
[1.63]
[1.62]
[1.62]
[1.64]
[1.62]
[1.61]
[1.62]
[1.67]
[1.97]
[2.01]
[2.65]
[2.94]
[2.52]
[2.26]
[2.12]
[2.5]
[2.89]
[2.98]
[3.54]
[3.07]
[2.56]
[2.41]
[2.57]
[2.84]
[4.66]
[3.71]
[2.99]
[2.65]
[2.45]
[2.33]
[2.28]
[2.22]
[2.19]
[2.11]
[2.09]
[2.06]
[2.27]
[2.55]
[3.]
[3.19]
[2.98]