0.715097540845381, 0.8173861507556953, 27.066349450735274, 24.992567317143845[8.739545]
[21.371374]
[50.398487]
[46.583145]
[17.647514]
[4.2250986]
[3.6139302]
[3.7069118]
[3.989371]
[3.9346387]
[3.3464124]
[2.7712138]
[2.806959]
[3.1990426]
[3.2154226]
[3.2099884]
[3.2119658]
[3.2032363]
[3.21287]
[3.2052271]
[3.0741565]
[4.1243505]
[4.440056]
[4.8064113]
[4.3360195]
[4.584996]
[4.581448]
[4.850145]
[4.545536]
[2.9230638]
[3.7461693]
[3.5421917]
[2.4472241]
[2.317992]
[2.7098212]
[1.8626546]
[2.6155508]
[4.0840883]
[5.9194875]
[4.0590463]
[4.5181985]
[5.550033]
[4.3662214]
[6.9746675]
[4.536368]
[4.879615]
[4.2826576]
[4.071901]
[3.9909403]
[3.852899]
[3.6997716]
[3.8429024]
[3.6543138]
[3.4538355]
[3.4247575]
[3.4024475]
[3.334613]
[3.2969515]
[2.9596012]
[2.9548826]
[2.8257883]
[2.7801554]
[1.6527842]
[1.593006]
[0.9394676]
[1.2413911]
[1.1549236]
[0.84213656]
[0.71082604]
[0.5009424]
[0.42306906]
[0.38861245]
[0.19452293]
[0.10695521]
[0.0952196]
[0.07315337]
[0.08039568]
[0.08474053]
[0.07582549]
[0.08043808]
[0.01850472]
[0.00883153]
[-0.02976449]
[-0.03680532]
[-0.04304028]
[0.02783595]
[0.00511229]
[-0.11862321]
[-0.14110298]
[-0.2952273]
[-0.38664147]
[-0.44179115]
[-0.45853433]
[-0.47872373]
[-0.5012989]
[-0.48753536]
[-0.6222125]
[-0.69299203]
[-0.73448414]
[-0.69695777]
[-0.63907236]
[-0.5571697]
[-0.6542462]
[-0.80022687]
[-0.7272419]
[-0.71624583]
[-0.7265314]
[-0.71823937]
[-0.7198299]
[-0.67404324]
[-0.6712651]
[-0.67120147]
[-0.6692504]
[-0.6689959]
[-0.6692398]
[-0.71419936]
[-0.7123437]
[-0.875216]
[-0.4341565]
[-0.5158154]
[-0.851994]
[-1.0290647]
[-0.78338826]
[-0.7197239]
[-0.9618904]
[-0.9697689]
[-0.90309304]
[-0.82063895]
[-0.82296115]
[-0.80036473]
[-0.7881493]
[-0.7096928]
[-0.7083461]
[-0.7088763]
[-0.7112197]
[-0.7005524]
[-0.7050696]
[-0.7032033]
[-0.7105623]
[-0.74250054]
[-0.72552407]
[-1.5818125]
[-0.44032785]
[0.04888688]
[-0.9408633]
[-1.0442066]
[-1.029001]
[-1.0470484]
[-1.1058669]
[-1.0296054]
[-1.0498478]
[-0.7459361]
[-0.6591345]
[-0.6588906]
[-0.6600676]
[-0.61974186]
[-0.36685506]
[-1.1683862]
[0.32214865]
[0.09959494]
[-0.8338087]
[-0.8425461]
[-0.8545919]
[-0.85788965]
[-1.4753729]
[-0.779624]
[-0.13918373]
[-0.28942707]
[-0.74366695]
[-0.6101562]
[-0.53549576]
[-0.14750761]
[-0.09756433]
[-0.54822016]
[1.2062267]
[0.5565533]
[0.7875515]
[0.24410568]
[0.80432916]
[0.41167808]
[0.2514991]
[-0.27565292]
[-0.25442436]
[-0.02345531]
[0.2674682]
[0.14590247]
[0.24107568]
[0.8486366]
[0.79881793]
[1.7450387]
[1.002859]
[1.3329935]
[0.7507595]
[0.89439404]
[0.89254636]
[1.3705173]
[0.8319968]
[1.8896039]
[3.8358326]
[2.609203]
[2.5909834]
[1.5195067]
[2.1541202]
[2.1169093]
[0.6687719]
[5.0029993]
[2.5335617]
[2.7638974]
[1.9173324]
[2.2196748]
[2.1673403]
[1.9101167]
[1.8854313]
[1.8975009]
[1.659727]
[1.6571105]
[1.5368781]
[1.0682836]
[1.041186]
[1.0323955]
[1.0240425]
[1.0449396]
[1.0801941]
[1.0064563]
[0.83320826]
[1.3216397]
[1.8054796]
[2.9506915]
[1.5797832]
[1.5806912]
[-0.34080184]
[5.4192834]
[1.7817937]
[1.6166072]
[1.670259]
[5.2241178]
[2.641674]
[2.867564]
[2.1899447]
[2.063679]
[3.2909975]
[7.5525446]
[3.9605927]
[3.980652]
[2.9421184]
[3.1573703]
[3.183153]
[3.1278365]
[2.6097307]
[2.6150615]
[2.2442355]
[2.3005967]
[2.337985]
[2.1240535]
[1.8111446]
[7.011355]
[2.9997864]
[2.8625247]
[3.066396][4.3]
[30.92]
[39.25]
[29.7]
[19.45]
[13.74]
[11.15]
[9.61]
[8.47]
[7.25]
[6.36]
[5.68]
[5.17]
[4.9]
[4.63]
[4.43]
[4.25]
[3.5]
[3.25]
[3.48]
[3.45]
[3.34]
[3.16]
[3.03]
[3.19]
[3.24]
[3.07]
[2.9]
[3.01]
[3.39]
[4.09]
[3.93]
[3.38]
[3.37]
[3.68]
[3.86]
[4.88]
[11.97]
[10.98]
[9.57]
[8.25]
[9.26]
[7.3]
[7.03]
[5.94]
[5.1]
[4.59]
[4.19]
[3.92]
[3.62]
[3.37]
[3.17]
[2.96]
[2.64]
[2.49]
[2.4]
[2.35]
[2.23]
[2.07]
[2.05]
[2.27]
[2.12]
[2.14]
[2.13]
[2.16]
[2.18]
[1.91]
[1.59]
[1.35]
[1.24]
[1.21]
[1.]
[0.83]
[0.7]
[0.64]
[0.65]
[0.76]
[0.78]
[0.85]
[0.9]
[0.64]
[0.59]
[0.65]
[0.65]
[0.65]
[0.67]
[0.16]
[0.]
[0.]
[0.]
[0.]
[0.]
[0.]
[0.]
[0.]
[0.]
[0.]
[0.]
[0.]
[0.]
[0.]
[0.]
[0.]
[0.]
[0.]
[0.]
[0.]
[0.]
[0.]
[0.]
[0.34]
[0.66]
[0.71]
[0.71]
[0.77]
[0.78]
[0.81]
[0.78]
[0.67]
[0.75]
[0.8]
[0.82]
[0.81]
[0.81]
[0.81]
[0.8]
[0.8]
[0.81]
[0.82]
[0.82]
[0.83]
[0.83]
[0.83]
[0.83]
[0.83]
[0.82]
[0.76]
[0.76]
[0.77]
[0.78]
[0.85]
[0.83]
[0.81]
[0.77]
[0.8]
[0.81]
[0.87]
[0.85]
[0.8]
[0.84]
[0.86]
[0.86]
[0.86]
[0.86]
[0.86]
[0.87]
[0.87]
[0.94]
[0.92]
[0.89]
[0.87]
[0.84]
[0.81]
[0.84]
[0.86]
[0.88]
[0.85]
[0.85]
[0.86]
[0.86]
[0.87]
[0.91]
[0.92]
[0.92]
[0.87]
[0.87]
[0.89]
[0.96]
[0.93]
[0.87]
[0.86]
[0.86]
[0.87]
[1.26]
[1.7]
[1.51]
[1.47]
[1.34]
[1.36]
[1.36]
[1.36]
[1.36]
[1.36]
[1.24]
[1.29]
[1.47]
[1.67]
[2.26]
[1.83]
[3.23]
[2.92]
[2.42]
[2.19]
[2.03]
[2.01]
[1.91]
[1.87]
[1.85]
[1.98]
[1.97]
[1.87]
[1.81]
[1.81]
[1.78]
[1.72]
[1.72]
[1.72]
[1.7]
[1.63]
[1.62]
[1.62]
[1.64]
[1.62]
[1.61]
[1.62]
[1.67]
[1.97]
[2.01]
[2.65]
[2.94]
[2.52]
[2.26]
[2.12]
[2.5]
[2.89]
[2.98]
[3.54]
[3.07]
[2.56]
[2.41]
[2.57]
[2.84]
[4.66]
[3.71]
[2.99]
[2.65]
[2.45]
[2.33]
[2.28]
[2.22]
[2.19]
[2.11]
[2.09]
[2.06]
[2.27]
[2.55]
[3.]
[3.19]
[2.98]