0.6993049601108425, 0.7738007362259351, 43.306842993401375, 25.67591348917973[9.738873]
[11.129772]
[29.379599]
[27.601974]
[21.591808]
[6.5919294]
[3.6471496]
[4.1059117]
[3.3965638]
[3.4731143]
[3.0545955]
[2.0544364]
[1.5225699]
[1.1800104]
[1.1720312]
[1.1302395]
[1.1332403]
[1.1252478]
[1.1349872]
[1.0450231]
[1.738145]
[2.833138]
[5.0859265]
[5.7817287]
[5.3195133]
[4.673827]
[4.8243275]
[5.4714828]
[4.583847]
[7.8922477]
[4.381479]
[4.009445]
[3.7206104]
[0.893958]
[1.2826513]
[1.8693521]
[4.2626605]
[6.9350185]
[3.721468]
[3.7588885]
[5.22631]
[3.9326804]
[4.665731]
[5.0712523]
[3.4154754]
[2.690341]
[2.7390292]
[2.8524842]
[2.766054]
[2.8799505]
[3.4396782]
[3.5703366]
[3.2517335]
[2.7243338]
[2.674401]
[2.5938954]
[2.558365]
[2.5546618]
[2.5107918]
[2.3590028]
[0.9220922]
[3.0064733]
[1.7731318]
[1.1923478]
[1.0133553]
[0.8045081]
[1.0369298]
[0.6830961]
[0.49654582]
[0.2299405]
[0.34565565]
[0.2892574]
[-0.01399684]
[-0.07024929]
[-0.04154516]
[0.01542038]
[0.01919794]
[0.13276586]
[-0.03501331]
[0.01230025]
[-0.05927449]
[-0.09374701]
[-0.14756063]
[-0.15696608]
[-0.16558686]
[-0.5706575]
[0.5058744]
[-0.5485701]
[-0.40827295]
[-0.30737907]
[-0.39032096]
[-0.4271263]
[-0.45739976]
[-0.4653525]
[-0.4780239]
[-0.40933332]
[-0.5579543]
[-0.59561855]
[-0.6410447]
[-0.6253724]
[-0.29462287]
[-0.618777]
[-0.5541264]
[-0.62276393]
[-0.62112033]
[-0.63350546]
[-0.6374182]
[-0.64052504]
[-0.6414264]
[-0.6612234]
[-0.7135207]
[-0.7137328]
[-0.73245883]
[-0.7326285]
[-0.7317378]
[-0.7531784]
[-0.736414]
[-0.51781946]
[-0.47881916]
[-0.67954654]
[-0.83341634]
[-0.6528253]
[-0.6628564]
[-0.84530306]
[-0.8988516]
[-0.87936205]
[-0.8693946]
[-0.75538397]
[-0.75559604]
[-0.707975]
[-0.71301174]
[-0.78477734]
[-0.785]
[-0.78222185]
[-0.7827414]
[-0.7866648]
[-0.7875555]
[-0.7653514]
[-0.7348871]
[-0.7652454]
[-0.7130436]
[-1.6805327]
[-0.3895893]
[-1.6956217]
[-1.0313869]
[-1.3536428]
[-0.98948115]
[-0.8176699]
[-0.84080714]
[-0.815475]
[-0.81496596]
[-0.5402462]
[-0.50630385]
[-0.5050526]
[-0.50803226]
[-0.513175]
[-0.5258464]
[-1.4429257]
[0.29739308]
[-1.2400988]
[-1.162077]
[-0.68792343]
[-0.6140053]
[-0.80302626]
[-0.79053515]
[-0.3094574]
[-0.25323677]
[-0.14384934]
[-0.42360586]
[-0.3618395]
[-0.35005882]
[0.1038152]
[0.18688962]
[-0.56676596]
[1.4373747]
[-0.05677203]
[0.09374701]
[0.5078732]
[1.1268065]
[0.41091064]
[0.3953206]
[0.18110797]
[0.19524]
[0.13784766]
[0.0156245]
[0.66480213]
[0.61308277]
[0.9824482]
[1.042807]
[1.7070869]
[1.1750162]
[1.1209375]
[0.9987593]
[1.2947766]
[2.0158312]
[1.5234817]
[1.9431458]
[1.5880157]
[3.527275]
[1.8671412]
[1.2566723]
[1.6131092]
[2.428815]
[1.852389]
[1.8030474]
[4.886941]
[1.6528809]
[1.7604631]
[1.506818]
[1.5703791]
[1.6773542]
[1.3455098]
[1.3490541]
[1.3312452]
[1.1612817]
[1.16292]
[1.0593832]
[0.6540182]
[0.7436908]
[0.73148865]
[0.71984845]
[0.7864633]
[0.84190196]
[0.93414056]
[0.7740252]
[0.8939182]
[0.828658]
[2.9488611]
[2.3336709]
[1.3443116]
[1.4604084]
[3.1575599]
[1.788295]
[2.3681512]
[-0.3371966]
[3.2208107]
[2.266401]
[1.4004607]
[1.3534281]
[2.0809908]
[2.0828729]
[5.026899]
[2.9760542]
[3.0487714]
[2.2398973]
[2.3275259]
[2.2920089]
[2.2079432]
[1.7637396]
[1.7050563]
[1.5964562]
[1.5250458]
[1.4722846]
[1.4415101]
[1.9059268]
[4.26265]
[2.2080147]
[1.1187133]
[1.9105077][4.3]
[30.92]
[39.25]
[29.7]
[19.45]
[13.74]
[11.15]
[9.61]
[8.47]
[7.25]
[6.36]
[5.68]
[5.17]
[4.9]
[4.63]
[4.43]
[4.25]
[3.5]
[3.25]
[3.48]
[3.45]
[3.34]
[3.16]
[3.03]
[3.19]
[3.24]
[3.07]
[2.9]
[3.01]
[3.39]
[4.09]
[3.93]
[3.38]
[3.37]
[3.68]
[3.86]
[4.88]
[11.97]
[10.98]
[9.57]
[8.25]
[9.26]
[7.3]
[7.03]
[5.94]
[5.1]
[4.59]
[4.19]
[3.92]
[3.62]
[3.37]
[3.17]
[2.96]
[2.64]
[2.49]
[2.4]
[2.35]
[2.23]
[2.07]
[2.05]
[2.27]
[2.12]
[2.14]
[2.13]
[2.16]
[2.18]
[1.91]
[1.59]
[1.35]
[1.24]
[1.21]
[1.]
[0.83]
[0.7]
[0.64]
[0.65]
[0.76]
[0.78]
[0.85]
[0.9]
[0.64]
[0.59]
[0.65]
[0.65]
[0.65]
[0.67]
[0.16]
[0.]
[0.]
[0.]
[0.]
[0.]
[0.]
[0.]
[0.]
[0.]
[0.]
[0.]
[0.]
[0.]
[0.]
[0.]
[0.]
[0.]
[0.]
[0.]
[0.]
[0.]
[0.]
[0.]
[0.34]
[0.66]
[0.71]
[0.71]
[0.77]
[0.78]
[0.81]
[0.78]
[0.67]
[0.75]
[0.8]
[0.82]
[0.81]
[0.81]
[0.81]
[0.8]
[0.8]
[0.81]
[0.82]
[0.82]
[0.83]
[0.83]
[0.83]
[0.83]
[0.83]
[0.82]
[0.76]
[0.76]
[0.77]
[0.78]
[0.85]
[0.83]
[0.81]
[0.77]
[0.8]
[0.81]
[0.87]
[0.85]
[0.8]
[0.84]
[0.86]
[0.86]
[0.86]
[0.86]
[0.86]
[0.87]
[0.87]
[0.94]
[0.92]
[0.89]
[0.87]
[0.84]
[0.81]
[0.84]
[0.86]
[0.88]
[0.85]
[0.85]
[0.86]
[0.86]
[0.87]
[0.91]
[0.92]
[0.92]
[0.87]
[0.87]
[0.89]
[0.96]
[0.93]
[0.87]
[0.86]
[0.86]
[0.87]
[1.26]
[1.7]
[1.51]
[1.47]
[1.34]
[1.36]
[1.36]
[1.36]
[1.36]
[1.36]
[1.24]
[1.29]
[1.47]
[1.67]
[2.26]
[1.83]
[3.23]
[2.92]
[2.42]
[2.19]
[2.03]
[2.01]
[1.91]
[1.87]
[1.85]
[1.98]
[1.97]
[1.87]
[1.81]
[1.81]
[1.78]
[1.72]
[1.72]
[1.72]
[1.7]
[1.63]
[1.62]
[1.62]
[1.64]
[1.62]
[1.61]
[1.62]
[1.67]
[1.97]
[2.01]
[2.65]
[2.94]
[2.52]
[2.26]
[2.12]
[2.5]
[2.89]
[2.98]
[3.54]
[3.07]
[2.56]
[2.41]
[2.57]
[2.84]
[4.66]
[3.71]
[2.99]
[2.65]
[2.45]
[2.33]
[2.28]
[2.22]
[2.19]
[2.11]
[2.09]
[2.06]
[2.27]
[2.55]
[3.]
[3.19]
[2.98]