0.7300645337379145, 0.76091410727849, 8.165673370275421, 24.327234767819927[19.344921]
[16.640797]
[44.822937]
[36.16916]
[12.8663645]
[7.0330772]
[6.713875]
[3.554089]
[3.749851]
[3.61291]
[3.2199378]
[2.9808874]
[2.9625282]
[2.5510967]
[2.5425754]
[2.544325]
[2.5145307]
[2.510643]
[2.5226395]
[2.515321]
[2.4033306]
[4.213747]
[5.1284103]
[4.2051578]
[5.4663506]
[3.7057104]
[4.9751134]
[5.2334185]
[4.3581376]
[6.470761]
[6.0733294]
[7.366176]
[5.056272]
[4.788753]
[4.825761]
[4.498811]
[5.48859]
[8.020252]
[6.998454]
[6.2450304]
[5.702775]
[4.9294915]
[6.3917727]
[6.087946]
[7.167284]
[5.4622374]
[4.68818]
[5.13051]
[4.649412]
[4.3785768]
[3.866431]
[3.9467638]
[3.7226722]
[3.6299012]
[3.602703]
[3.5560343]
[3.526563]
[3.5129197]
[3.203169]
[3.2531536]
[2.7786214]
[3.3545673]
[2.4245756]
[0.34310785]
[0.81921244]
[0.5290205]
[0.34310785]
[0.34310785]
[0.34310785]
[0.34310785]
[0.34310785]
[0.34310785]
[0.34310785]
[0.34310785]
[0.34310785]
[0.34310785]
[0.34310785]
[0.34310785]
[0.34310785]
[0.34310785]
[0.34310785]
[0.34310785]
[0.34310785]
[0.34310785]
[0.34310785]
[0.34310785]
[0.34310785]
[0.34310785]
[0.34310785]
[0.34310785]
[0.34310785]
[0.34310785]
[0.34310785]
[0.34310785]
[0.34310785]
[0.34310785]
[0.34310785]
[0.34310785]
[0.34310785]
[0.34310785]
[0.34310785]
[0.34310785]
[0.34310785]
[0.34310785]
[0.34310785]
[0.34310785]
[0.34310785]
[0.34310785]
[0.34310785]
[0.34310785]
[0.34310785]
[0.34310785]
[0.34310785]
[0.34310785]
[0.34310785]
[0.34310785]
[0.34310785]
[0.34310785]
[0.34310785]
[0.34310785]
[0.34310785]
[0.34310785]
[0.34310785]
[0.34310785]
[0.34310785]
[0.34310785]
[0.34310785]
[0.34310785]
[0.34310785]
[0.34310785]
[0.34310785]
[0.34310785]
[0.34310785]
[0.34310785]
[0.34310785]
[0.34310785]
[0.34310785]
[0.34310785]
[0.34310785]
[0.34310785]
[0.34310785]
[0.34310785]
[0.34310785]
[0.34310785]
[0.34310785]
[0.34310785]
[0.34310785]
[0.34310785]
[0.34310785]
[0.34310785]
[0.34310785]
[0.34310785]
[0.34310785]
[0.34310785]
[0.34310785]
[0.34310785]
[0.34310785]
[0.34310785]
[0.34310785]
[0.34310785]
[0.34310785]
[0.34310785]
[0.34310785]
[0.34310785]
[0.34310785]
[0.34310785]
[0.34310785]
[0.34310785]
[0.34310785]
[0.34310785]
[0.34310785]
[0.34310785]
[0.34310785]
[0.34310785]
[1.3949118]
[0.34310785]
[0.34310785]
[0.34310785]
[0.34310785]
[0.34310785]
[0.34310785]
[0.34310785]
[0.34310785]
[0.34310785]
[0.34310785]
[0.34310785]
[0.34310785]
[0.34310785]
[0.34310785]
[1.196388]
[0.34310785]
[0.34310785]
[0.34310785]
[0.4416563]
[1.2650688]
[1.0903816]
[0.81270796]
[2.291858]
[5.158899]
[1.2657251]
[1.1169282]
[0.68802303]
[3.455623]
[1.7393106]
[2.7944472]
[6.867391]
[1.6936126]
[1.1993707]
[2.2825143]
[2.3943522]
[2.4508364]
[1.8152839]
[2.0417106]
[1.9938829]
[0.98053306]
[0.979933]
[0.6910715]
[0.34310785]
[0.34310785]
[0.34310785]
[0.34310785]
[0.34310785]
[0.34310785]
[0.34310785]
[0.34310785]
[0.34310785]
[0.6202467]
[2.819618]
[0.91610444]
[0.34310785]
[1.6916375]
[5.078236]
[1.9527406]
[0.34310785]
[1.8600105]
[8.489803]
[1.4081554]
[1.1460872]
[1.9023616]
[3.163062]
[6.2950606]
[10.611055]
[4.232529]
[3.560496]
[3.240506]
[4.641089]
[5.025151]
[4.726044]
[3.9575613]
[3.856135]
[2.2393904]
[2.142684]
[2.0823903]
[1.7786801]
[5.12053]
[6.6079497]
[3.8493114]
[1.5980489]
[6.480449][4.3]
[30.92]
[39.25]
[29.7]
[19.45]
[13.74]
[11.15]
[9.61]
[8.47]
[7.25]
[6.36]
[5.68]
[5.17]
[4.9]
[4.63]
[4.43]
[4.25]
[3.5]
[3.25]
[3.48]
[3.45]
[3.34]
[3.16]
[3.03]
[3.19]
[3.24]
[3.07]
[2.9]
[3.01]
[3.39]
[4.09]
[3.93]
[3.38]
[3.37]
[3.68]
[3.86]
[4.88]
[11.97]
[10.98]
[9.57]
[8.25]
[9.26]
[7.3]
[7.03]
[5.94]
[5.1]
[4.59]
[4.19]
[3.92]
[3.62]
[3.37]
[3.17]
[2.96]
[2.64]
[2.49]
[2.4]
[2.35]
[2.23]
[2.07]
[2.05]
[2.27]
[2.12]
[2.14]
[2.13]
[2.16]
[2.18]
[1.91]
[1.59]
[1.35]
[1.24]
[1.21]
[1.]
[0.83]
[0.7]
[0.64]
[0.65]
[0.76]
[0.78]
[0.85]
[0.9]
[0.64]
[0.59]
[0.65]
[0.65]
[0.65]
[0.67]
[0.16]
[0.]
[0.]
[0.]
[0.]
[0.]
[0.]
[0.]
[0.]
[0.]
[0.]
[0.]
[0.]
[0.]
[0.]
[0.]
[0.]
[0.]
[0.]
[0.]
[0.]
[0.]
[0.]
[0.]
[0.34]
[0.66]
[0.71]
[0.71]
[0.77]
[0.78]
[0.81]
[0.78]
[0.67]
[0.75]
[0.8]
[0.82]
[0.81]
[0.81]
[0.81]
[0.8]
[0.8]
[0.81]
[0.82]
[0.82]
[0.83]
[0.83]
[0.83]
[0.83]
[0.83]
[0.82]
[0.76]
[0.76]
[0.77]
[0.78]
[0.85]
[0.83]
[0.81]
[0.77]
[0.8]
[0.81]
[0.87]
[0.85]
[0.8]
[0.84]
[0.86]
[0.86]
[0.86]
[0.86]
[0.86]
[0.87]
[0.87]
[0.94]
[0.92]
[0.89]
[0.87]
[0.84]
[0.81]
[0.84]
[0.86]
[0.88]
[0.85]
[0.85]
[0.86]
[0.86]
[0.87]
[0.91]
[0.92]
[0.92]
[0.87]
[0.87]
[0.89]
[0.96]
[0.93]
[0.87]
[0.86]
[0.86]
[0.87]
[1.26]
[1.7]
[1.51]
[1.47]
[1.34]
[1.36]
[1.36]
[1.36]
[1.36]
[1.36]
[1.24]
[1.29]
[1.47]
[1.67]
[2.26]
[1.83]
[3.23]
[2.92]
[2.42]
[2.19]
[2.03]
[2.01]
[1.91]
[1.87]
[1.85]
[1.98]
[1.97]
[1.87]
[1.81]
[1.81]
[1.78]
[1.72]
[1.72]
[1.72]
[1.7]
[1.63]
[1.62]
[1.62]
[1.64]
[1.62]
[1.61]
[1.62]
[1.67]
[1.97]
[2.01]
[2.65]
[2.94]
[2.52]
[2.26]
[2.12]
[2.5]
[2.89]
[2.98]
[3.54]
[3.07]
[2.56]
[2.41]
[2.57]
[2.84]
[4.66]
[3.71]
[2.99]
[2.65]
[2.45]
[2.33]
[2.28]
[2.22]
[2.19]
[2.11]
[2.09]
[2.06]
[2.27]
[2.55]
[3.]
[3.19]
[2.98]