0.7621822289126182, 0.8143522022740298, 14.655500151841292, 22.83415389917484[9.297951]
[23.021353]
[41.82244]
[49.141834]
[12.578074]
[7.024208]
[7.2691617]
[5.7067356]
[5.2184863]
[4.957049]
[4.2222753]
[3.743195]
[2.692927]
[2.3259022]
[2.4112935]
[2.3927014]
[2.3798273]
[2.3816762]
[2.3923342]
[2.3390243]
[3.3176856]
[4.2905073]
[4.5011277]
[4.1159735]
[4.343699]
[3.8980973]
[3.7538927]
[4.2196417]
[4.906343]
[6.886414]
[4.569613]
[3.4395258]
[3.0465977]
[2.3205607]
[2.3896077]
[1.74695]
[5.046675]
[4.9825025]
[4.6848893]
[4.018369]
[4.302047]
[5.664199]
[4.2536726]
[6.286058]
[6.4480104]
[5.3015337]
[4.2366934]
[3.8354297]
[3.7129626]
[3.6340911]
[3.3364568]
[3.279197]
[3.137682]
[3.093719]
[3.061578]
[3.0094066]
[2.9283707]
[2.8892248]
[2.488039]
[2.4094286]
[2.078524]
[3.168357]
[2.5325968]
[1.8355887]
[1.9405425]
[1.6152685]
[1.2582709]
[1.0115885]
[0.9335653]
[0.7842803]
[0.4670146]
[0.44179645]
[0.18601482]
[0.06714639]
[0.05107786]
[0.01857497]
[0.02485764]
[0.04350552]
[0.04680458]
[0.01945508]
[0.00788117]
[0.00662199]
[-0.00546089]
[-0.00763464]
[-0.0095539]
[0.06160333]
[0.17318438]
[0.252521]
[-0.10050155]
[-0.0691359]
[-0.24918616]
[-0.2571177]
[-0.2597262]
[-0.2753666]
[-0.29076314]
[-0.27816597]
[-0.31081468]
[-0.35787374]
[-0.36522207]
[-0.32753664]
[-0.2359846]
[-0.18816206]
[-0.26503864]
[-0.40421176]
[-0.3574178]
[-0.38053378]
[-0.36723676]
[-0.37065116]
[-0.37300518]
[-0.38858196]
[-0.40127453]
[-0.40127453]
[-0.40621585]
[-0.40515548]
[-0.4054948]
[-0.43277803]
[-0.42571598]
[-0.40276965]
[-0.22629285]
[-0.25520903]
[-0.44441026]
[-0.4878429]
[-0.55310845]
[-0.4439331]
[-0.48999542]
[-0.55706364]
[-0.5246694]
[-0.5139809]
[-0.5137158]
[-0.4656282]
[-0.4537839]
[-0.45587283]
[-0.4595947]
[-0.46110043]
[-0.45662567]
[-0.4373058]
[-0.44208807]
[-0.44839725]
[-0.46838516]
[-0.47254178]
[-0.37293094]
[-0.45372027]
[-1.3079728]
[0.3880584]
[0.09544758]
[-1.0008271]
[-0.53145576]
[-0.4942051]
[-0.40193197]
[-0.49613494]
[-0.41518655]
[-0.30924532]
[-0.2973374]
[-0.2958529]
[-0.30009437]
[-0.28365868]
[0.20509213]
[0.67896205]
[-0.01916083]
[1.117918]
[-0.31995502]
[-0.27051014]
[-0.34807596]
[-0.3933854]
[-0.75242555]
[-0.6729299]
[0.64324623]
[0.06390034]
[-0.29927787]
[-0.14446434]
[-0.15613899]
[0.48802978]
[0.5373766]
[0.7475784]
[1.8500588]
[1.7241256]
[1.3429027]
[0.6950067]
[0.8959197]
[1.3497725]
[0.9653657]
[0.7121104]
[0.6587912]
[0.2981645]
[0.3810759]
[0.7006863]
[0.90036523]
[0.6079029]
[1.159776]
[2.4381845]
[1.8845989]
[1.7579752]
[1.7172518]
[0.97270477]
[1.3328583]
[2.1254003]
[1.6709522]
[3.4532192]
[4.6512413]
[3.7674124]
[3.2882102]
[0.78116417]
[2.824386]
[2.8015125]
[1.5389366]
[4.3249874]
[3.373966]
[3.1970067]
[2.6048424]
[2.6585684]
[2.6101017]
[2.3337874]
[2.3467994]
[2.3349936]
[1.5723792]
[1.5697243]
[1.4932826]
[1.2141635]
[1.0391288]
[1.0321782]
[1.0255097]
[1.0107666]
[1.0445989]
[1.1081772]
[0.92048436]
[1.2717229]
[3.0820947]
[3.2209432]
[2.0489624]
[2.2658842]
[2.97341]
[4.136676]
[2.4422457]
[2.7196417]
[4.6202626]
[4.997843]
[2.9185889]
[3.3822792]
[2.0177002]
[1.5951029]
[4.202054]
[6.5534387]
[4.661166]
[4.9821506]
[4.401058]
[4.0335245]
[4.0729065]
[3.9532378]
[3.5842288]
[3.638041]
[2.7458062]
[2.702685]
[2.7076502]
[2.4174716]
[2.7351918]
[5.0395236]
[5.184617]
[3.3681128]
[5.4986863][4.3]
[30.92]
[39.25]
[29.7]
[19.45]
[13.74]
[11.15]
[9.61]
[8.47]
[7.25]
[6.36]
[5.68]
[5.17]
[4.9]
[4.63]
[4.43]
[4.25]
[3.5]
[3.25]
[3.48]
[3.45]
[3.34]
[3.16]
[3.03]
[3.19]
[3.24]
[3.07]
[2.9]
[3.01]
[3.39]
[4.09]
[3.93]
[3.38]
[3.37]
[3.68]
[3.86]
[4.88]
[11.97]
[10.98]
[9.57]
[8.25]
[9.26]
[7.3]
[7.03]
[5.94]
[5.1]
[4.59]
[4.19]
[3.92]
[3.62]
[3.37]
[3.17]
[2.96]
[2.64]
[2.49]
[2.4]
[2.35]
[2.23]
[2.07]
[2.05]
[2.27]
[2.12]
[2.14]
[2.13]
[2.16]
[2.18]
[1.91]
[1.59]
[1.35]
[1.24]
[1.21]
[1.]
[0.83]
[0.7]
[0.64]
[0.65]
[0.76]
[0.78]
[0.85]
[0.9]
[0.64]
[0.59]
[0.65]
[0.65]
[0.65]
[0.67]
[0.16]
[0.]
[0.]
[0.]
[0.]
[0.]
[0.]
[0.]
[0.]
[0.]
[0.]
[0.]
[0.]
[0.]
[0.]
[0.]
[0.]
[0.]
[0.]
[0.]
[0.]
[0.]
[0.]
[0.]
[0.34]
[0.66]
[0.71]
[0.71]
[0.77]
[0.78]
[0.81]
[0.78]
[0.67]
[0.75]
[0.8]
[0.82]
[0.81]
[0.81]
[0.81]
[0.8]
[0.8]
[0.81]
[0.82]
[0.82]
[0.83]
[0.83]
[0.83]
[0.83]
[0.83]
[0.82]
[0.76]
[0.76]
[0.77]
[0.78]
[0.85]
[0.83]
[0.81]
[0.77]
[0.8]
[0.81]
[0.87]
[0.85]
[0.8]
[0.84]
[0.86]
[0.86]
[0.86]
[0.86]
[0.86]
[0.87]
[0.87]
[0.94]
[0.92]
[0.89]
[0.87]
[0.84]
[0.81]
[0.84]
[0.86]
[0.88]
[0.85]
[0.85]
[0.86]
[0.86]
[0.87]
[0.91]
[0.92]
[0.92]
[0.87]
[0.87]
[0.89]
[0.96]
[0.93]
[0.87]
[0.86]
[0.86]
[0.87]
[1.26]
[1.7]
[1.51]
[1.47]
[1.34]
[1.36]
[1.36]
[1.36]
[1.36]
[1.36]
[1.24]
[1.29]
[1.47]
[1.67]
[2.26]
[1.83]
[3.23]
[2.92]
[2.42]
[2.19]
[2.03]
[2.01]
[1.91]
[1.87]
[1.85]
[1.98]
[1.97]
[1.87]
[1.81]
[1.81]
[1.78]
[1.72]
[1.72]
[1.72]
[1.7]
[1.63]
[1.62]
[1.62]
[1.64]
[1.62]
[1.61]
[1.62]
[1.67]
[1.97]
[2.01]
[2.65]
[2.94]
[2.52]
[2.26]
[2.12]
[2.5]
[2.89]
[2.98]
[3.54]
[3.07]
[2.56]
[2.41]
[2.57]
[2.84]
[4.66]
[3.71]
[2.99]
[2.65]
[2.45]
[2.33]
[2.28]
[2.22]
[2.19]
[2.11]
[2.09]
[2.06]
[2.27]
[2.55]
[3.]
[3.19]
[2.98]