0.8091125379705764, 0.830064251545627, -10.911160289206796, 20.457448826806935[18.190222]
[27.990774]
[45.653904]
[34.057827]
[12.834385]
[8.492935]
[7.1144333]
[5.179725]
[5.283431]
[5.214394]
[4.5861306]
[3.9276948]
[3.3186255]
[3.1047044]
[3.0983422]
[3.0799947]
[3.0787613]
[3.0738604]
[3.0817654]
[3.0783026]
[3.652122]
[5.170228]
[4.834415]
[5.602286]
[5.0257487]
[4.927131]
[4.975114]
[5.4869866]
[5.670632]
[7.384324]
[5.0868096]
[4.0221276]
[4.7428026]
[3.4005148]
[3.909135]
[3.6185448]
[2.5526319]
[3.32782]
[5.5642257]
[5.268466]
[5.8171234]
[6.2758417]
[5.261755]
[6.7619605]
[5.63951]
[5.035555]
[4.632195]
[4.396544]
[4.402454]
[4.42474]
[4.291072]
[4.166944]
[3.8794143]
[3.5627093]
[3.5441408]
[3.5226858]
[3.4488556]
[3.431988]
[3.2643034]
[3.195397]
[3.133864]
[3.4230437]
[2.7375493]
[1.9559152]
[1.9085155]
[1.9757838]
[2.0073595]
[1.7768729]
[1.6793431]
[1.5302893]
[1.2012502]
[1.1650825]
[0.88354385]
[0.771646]
[0.7565265]
[0.73181206]
[0.73780113]
[0.7480853]
[0.7417112]
[0.7354451]
[0.7170212]
[0.71242124]
[0.6998473]
[0.69754165]
[0.6955117]
[0.73540205]
[0.92081445]
[0.8292226]
[0.7562919]
[0.7036076]
[0.50542045]
[0.4917152]
[0.48322764]
[0.47698605]
[0.47460487]
[0.43474832]
[0.38910684]
[0.35691145]
[0.34457275]
[0.37587875]
[0.43747547]
[0.45314637]
[0.42817804]
[0.40737098]
[0.36467335]
[0.35876578]
[0.3532333]
[0.3493696]
[0.34916085]
[0.32938832]
[0.32499176]
[0.32517865]
[0.32360867]
[0.32378164]
[0.32368222]
[0.27617714]
[0.27784124]
[0.439013]
[0.33973947]
[0.27125835]
[0.32609788]
[0.33994493]
[0.10985266]
[0.14930558]
[0.33885276]
[0.28067705]
[0.2849795]
[0.2866191]
[0.28687888]
[0.31457168]
[0.3172352]
[0.26914027]
[0.2690488]
[0.27085608]
[0.2693855]
[0.26982817]
[0.28138816]
[0.27264544]
[0.2814962]
[0.26915088]
[0.31106186]
[-0.15406066]
[0.68143004]
[0.6376515]
[0.7254604]
[0.56901926]
[0.4319198]
[0.5067764]
[0.5212484]
[0.49596727]
[0.52867097]
[0.4944397]
[0.46948197]
[0.46969536]
[0.46713722]
[0.45878816]
[0.7140436]
[0.08198158]
[1.7306051]
[1.3630092]
[1.2745249]
[0.9099437]
[0.91000926]
[0.9171933]
[1.0164675]
[0.56700456]
[1.1439421]
[1.3734373]
[0.96290237]
[0.9454242]
[1.039044]
[1.3288707]
[1.353489]
[2.1018772]
[2.8037744]
[2.2805583]
[1.6910833]
[1.4827617]
[2.0556571]
[2.001191]
[2.1082666]
[1.6315013]
[1.6336751]
[1.3369275]
[1.4582182]
[1.8324766]
[1.6514932]
[1.7964387]
[2.3241513]
[3.0587065]
[2.4472632]
[2.0051646]
[1.9298348]
[2.2229724]
[2.4228568]
[2.539649]
[2.4995658]
[4.5072308]
[6.7250957]
[3.3311923]
[3.780793]
[3.5820556]
[3.0853765]
[2.4573917]
[3.1258461]
[5.6556916]
[2.9658024]
[2.6849895]
[2.612717]
[2.6805122]
[2.6158767]
[2.4533126]
[2.4207811]
[2.4384801]
[2.1816242]
[2.1847146]
[2.0680025]
[1.7400557]
[1.7761426]
[1.7639232]
[1.7522492]
[1.7626355]
[1.8341042]
[1.9684944]
[1.7359043]
[2.1974435]
[4.4319787]
[4.4226837]
[2.7910838]
[2.5879037]
[2.8569505]
[4.7090406]
[2.4483414]
[3.1400013]
[2.2618992]
[6.073874]
[3.1519737]
[3.1117513]
[3.1274135]
[3.2359202]
[4.051457]
[8.885436]
[4.4735384]
[5.227353]
[4.626828]
[3.4948537]
[3.3955233]
[3.4294457]
[3.0721169]
[2.7716029]
[2.3041263]
[2.2652626]
[2.245107]
[2.1179173]
[2.3765771]
[8.6337]
[5.082588]
[3.752501]
[4.738787][4.3]
[30.92]
[39.25]
[29.7]
[19.45]
[13.74]
[11.15]
[9.61]
[8.47]
[7.25]
[6.36]
[5.68]
[5.17]
[4.9]
[4.63]
[4.43]
[4.25]
[3.5]
[3.25]
[3.48]
[3.45]
[3.34]
[3.16]
[3.03]
[3.19]
[3.24]
[3.07]
[2.9]
[3.01]
[3.39]
[4.09]
[3.93]
[3.38]
[3.37]
[3.68]
[3.86]
[4.88]
[11.97]
[10.98]
[9.57]
[8.25]
[9.26]
[7.3]
[7.03]
[5.94]
[5.1]
[4.59]
[4.19]
[3.92]
[3.62]
[3.37]
[3.17]
[2.96]
[2.64]
[2.49]
[2.4]
[2.35]
[2.23]
[2.07]
[2.05]
[2.27]
[2.12]
[2.14]
[2.13]
[2.16]
[2.18]
[1.91]
[1.59]
[1.35]
[1.24]
[1.21]
[1.]
[0.83]
[0.7]
[0.64]
[0.65]
[0.76]
[0.78]
[0.85]
[0.9]
[0.64]
[0.59]
[0.65]
[0.65]
[0.65]
[0.67]
[0.16]
[0.]
[0.]
[0.]
[0.]
[0.]
[0.]
[0.]
[0.]
[0.]
[0.]
[0.]
[0.]
[0.]
[0.]
[0.]
[0.]
[0.]
[0.]
[0.]
[0.]
[0.]
[0.]
[0.]
[0.34]
[0.66]
[0.71]
[0.71]
[0.77]
[0.78]
[0.81]
[0.78]
[0.67]
[0.75]
[0.8]
[0.82]
[0.81]
[0.81]
[0.81]
[0.8]
[0.8]
[0.81]
[0.82]
[0.82]
[0.83]
[0.83]
[0.83]
[0.83]
[0.83]
[0.82]
[0.76]
[0.76]
[0.77]
[0.78]
[0.85]
[0.83]
[0.81]
[0.77]
[0.8]
[0.81]
[0.87]
[0.85]
[0.8]
[0.84]
[0.86]
[0.86]
[0.86]
[0.86]
[0.86]
[0.87]
[0.87]
[0.94]
[0.92]
[0.89]
[0.87]
[0.84]
[0.81]
[0.84]
[0.86]
[0.88]
[0.85]
[0.85]
[0.86]
[0.86]
[0.87]
[0.91]
[0.92]
[0.92]
[0.87]
[0.87]
[0.89]
[0.96]
[0.93]
[0.87]
[0.86]
[0.86]
[0.87]
[1.26]
[1.7]
[1.51]
[1.47]
[1.34]
[1.36]
[1.36]
[1.36]
[1.36]
[1.36]
[1.24]
[1.29]
[1.47]
[1.67]
[2.26]
[1.83]
[3.23]
[2.92]
[2.42]
[2.19]
[2.03]
[2.01]
[1.91]
[1.87]
[1.85]
[1.98]
[1.97]
[1.87]
[1.81]
[1.81]
[1.78]
[1.72]
[1.72]
[1.72]
[1.7]
[1.63]
[1.62]
[1.62]
[1.64]
[1.62]
[1.61]
[1.62]
[1.67]
[1.97]
[2.01]
[2.65]
[2.94]
[2.52]
[2.26]
[2.12]
[2.5]
[2.89]
[2.98]
[3.54]
[3.07]
[2.56]
[2.41]
[2.57]
[2.84]
[4.66]
[3.71]
[2.99]
[2.65]
[2.45]
[2.33]
[2.28]
[2.22]
[2.19]
[2.11]
[2.09]
[2.06]
[2.27]
[2.55]
[3.]
[3.19]
[2.98]