0.8222608951999035, 0.8301322941328061, 8.575100293872765, 19.740323514681315[9.062137]
[26.091904]
[49.413197]
[23.819721]
[9.073541]
[7.4528623]
[6.38719]
[5.837887]
[5.782085]
[5.4436355]
[4.3384843]
[3.5912032]
[3.0561774]
[2.8347023]
[2.819693]
[2.8052883]
[2.786256]
[2.8005743]
[2.8016014]
[2.8271217]
[4.125906]
[5.3175507]
[6.1500726]
[4.92025]
[5.541049]
[4.8311896]
[5.0633435]
[5.35509]
[6.0048623]
[7.145633]
[5.8513126]
[4.1185374]
[3.160202]
[2.9013476]
[2.6856914]
[2.590762]
[4.7287817]
[5.0606]
[4.7607875]
[4.016796]
[5.1274166]
[4.8809166]
[4.8556786]
[5.7642174]
[5.24618]
[4.4058294]
[4.0679173]
[4.1945877]
[4.1189556]
[4.1445127]
[4.0054135]
[4.0348716]
[3.9774895]
[3.9006631]
[3.877851]
[3.844581]
[3.760174]
[3.7252433]
[3.201741]
[3.3256462]
[3.4951706]
[3.3693562]
[2.0599256]
[0.460927]
[0.95960015]
[0.92042834]
[0.5741537]
[0.460927]
[0.460927]
[0.460927]
[0.460927]
[0.460927]
[0.460927]
[0.460927]
[0.460927]
[0.460927]
[0.460927]
[0.460927]
[0.460927]
[0.460927]
[0.460927]
[0.460927]
[0.460927]
[0.460927]
[0.460927]
[0.460927]
[0.460927]
[0.460927]
[0.460927]
[0.460927]
[0.460927]
[0.460927]
[0.460927]
[0.460927]
[0.460927]
[0.460927]
[0.460927]
[0.460927]
[0.460927]
[0.460927]
[0.460927]
[0.460927]
[0.460927]
[0.460927]
[0.460927]
[0.460927]
[0.460927]
[0.460927]
[0.460927]
[0.460927]
[0.460927]
[0.460927]
[0.460927]
[0.460927]
[0.460927]
[0.460927]
[0.460927]
[0.460927]
[0.460927]
[0.460927]
[0.460927]
[0.460927]
[0.460927]
[0.460927]
[0.460927]
[0.460927]
[0.460927]
[0.460927]
[0.460927]
[0.460927]
[0.460927]
[0.460927]
[0.460927]
[0.460927]
[0.460927]
[0.460927]
[0.460927]
[0.460927]
[0.460927]
[0.460927]
[0.460927]
[0.460927]
[0.460927]
[0.460927]
[0.460927]
[0.460927]
[0.460927]
[0.460927]
[0.460927]
[0.460927]
[0.460927]
[0.460927]
[0.460927]
[0.460927]
[0.460927]
[0.460927]
[0.460927]
[0.460927]
[0.460927]
[0.460927]
[0.460927]
[0.460927]
[0.460927]
[0.460927]
[0.460927]
[0.460927]
[0.460927]
[0.460927]
[0.460927]
[0.460927]
[0.460927]
[0.460927]
[0.460927]
[0.460927]
[0.84672695]
[0.460927]
[0.460927]
[0.460927]
[0.62260514]
[0.460927]
[0.460927]
[0.460927]
[0.460927]
[0.460927]
[0.460927]
[0.460927]
[0.460927]
[0.460927]
[0.460927]
[1.2024188]
[0.7062496]
[0.460927]
[0.6064249]
[1.099537]
[1.2412829]
[0.88408715]
[1.5197703]
[4.296589]
[3.6443055]
[3.117007]
[2.220974]
[2.3440013]
[2.1967845]
[1.9817712]
[3.7562158]
[3.7476673]
[2.9203873]
[1.9107504]
[2.3440537]
[2.281454]
[2.2622027]
[1.8997806]
[1.9740373]
[1.9611151]
[1.3739244]
[1.3689753]
[1.1983625]
[0.460927]
[0.460927]
[0.460927]
[0.460927]
[0.460927]
[0.460927]
[0.460927]
[0.460927]
[0.460927]
[2.4687693]
[1.113274]
[1.5042765]
[0.5908384]
[2.6572855]
[2.7568133]
[1.98768]
[2.288418]
[3.4742632]
[3.7188773]
[2.802926]
[2.0747929]
[2.3558748]
[2.9503567]
[5.9102793]
[6.68051]
[4.870865]
[3.9183543]
[3.924404]
[3.8488226]
[4.0062423]
[3.8894157]
[3.305367]
[3.1243274]
[2.4587305]
[2.423165]
[2.40218]
[2.109529]
[3.1229117]
[6.7937584]
[4.4929266]
[2.3373785]
[5.2783413][4.3]
[30.92]
[39.25]
[29.7]
[19.45]
[13.74]
[11.15]
[9.61]
[8.47]
[7.25]
[6.36]
[5.68]
[5.17]
[4.9]
[4.63]
[4.43]
[4.25]
[3.5]
[3.25]
[3.48]
[3.45]
[3.34]
[3.16]
[3.03]
[3.19]
[3.24]
[3.07]
[2.9]
[3.01]
[3.39]
[4.09]
[3.93]
[3.38]
[3.37]
[3.68]
[3.86]
[4.88]
[11.97]
[10.98]
[9.57]
[8.25]
[9.26]
[7.3]
[7.03]
[5.94]
[5.1]
[4.59]
[4.19]
[3.92]
[3.62]
[3.37]
[3.17]
[2.96]
[2.64]
[2.49]
[2.4]
[2.35]
[2.23]
[2.07]
[2.05]
[2.27]
[2.12]
[2.14]
[2.13]
[2.16]
[2.18]
[1.91]
[1.59]
[1.35]
[1.24]
[1.21]
[1.]
[0.83]
[0.7]
[0.64]
[0.65]
[0.76]
[0.78]
[0.85]
[0.9]
[0.64]
[0.59]
[0.65]
[0.65]
[0.65]
[0.67]
[0.16]
[0.]
[0.]
[0.]
[0.]
[0.]
[0.]
[0.]
[0.]
[0.]
[0.]
[0.]
[0.]
[0.]
[0.]
[0.]
[0.]
[0.]
[0.]
[0.]
[0.]
[0.]
[0.]
[0.]
[0.34]
[0.66]
[0.71]
[0.71]
[0.77]
[0.78]
[0.81]
[0.78]
[0.67]
[0.75]
[0.8]
[0.82]
[0.81]
[0.81]
[0.81]
[0.8]
[0.8]
[0.81]
[0.82]
[0.82]
[0.83]
[0.83]
[0.83]
[0.83]
[0.83]
[0.82]
[0.76]
[0.76]
[0.77]
[0.78]
[0.85]
[0.83]
[0.81]
[0.77]
[0.8]
[0.81]
[0.87]
[0.85]
[0.8]
[0.84]
[0.86]
[0.86]
[0.86]
[0.86]
[0.86]
[0.87]
[0.87]
[0.94]
[0.92]
[0.89]
[0.87]
[0.84]
[0.81]
[0.84]
[0.86]
[0.88]
[0.85]
[0.85]
[0.86]
[0.86]
[0.87]
[0.91]
[0.92]
[0.92]
[0.87]
[0.87]
[0.89]
[0.96]
[0.93]
[0.87]
[0.86]
[0.86]
[0.87]
[1.26]
[1.7]
[1.51]
[1.47]
[1.34]
[1.36]
[1.36]
[1.36]
[1.36]
[1.36]
[1.24]
[1.29]
[1.47]
[1.67]
[2.26]
[1.83]
[3.23]
[2.92]
[2.42]
[2.19]
[2.03]
[2.01]
[1.91]
[1.87]
[1.85]
[1.98]
[1.97]
[1.87]
[1.81]
[1.81]
[1.78]
[1.72]
[1.72]
[1.72]
[1.7]
[1.63]
[1.62]
[1.62]
[1.64]
[1.62]
[1.61]
[1.62]
[1.67]
[1.97]
[2.01]
[2.65]
[2.94]
[2.52]
[2.26]
[2.12]
[2.5]
[2.89]
[2.98]
[3.54]
[3.07]
[2.56]
[2.41]
[2.57]
[2.84]
[4.66]
[3.71]
[2.99]
[2.65]
[2.45]
[2.33]
[2.28]
[2.22]
[2.19]
[2.11]
[2.09]
[2.06]
[2.27]
[2.55]
[3.]
[3.19]
[2.98]