0.7497364200339227, 0.7536842443342848, -7.846092730088277, 23.424029049932333[21.68561]
[19.031368]
[45.523067]
[22.247486]
[10.495492]
[8.439132]
[4.9820986]
[3.29347]
[4.326193]
[4.19998]
[4.053371]
[3.3432171]
[2.4549317]
[3.2070076]
[3.273507]
[3.2789004]
[3.2804167]
[3.2606952]
[3.2595885]
[3.2152362]
[2.4173856]
[3.947084]
[4.699299]
[5.0611634]
[5.9162774]
[4.8068132]
[5.04101]
[5.2078824]
[5.273502]
[7.484375]
[5.5987225]
[5.220729]
[3.3973274]
[3.9892454]
[3.567828]
[4.295743]
[3.832156]
[6.933239]
[6.4525614]
[5.547917]
[5.353228]
[5.197613]
[5.3014836]
[6.030369]
[5.5167356]
[4.642662]
[3.4573734]
[2.7999303]
[2.8237221]
[3.1032429]
[3.9470427]
[4.126242]
[3.9033465]
[3.2197242]
[3.187326]
[3.1733835]
[3.1414638]
[3.162439]
[3.3810403]
[3.2843852]
[2.9392624]
[2.4812899]
[2.1450741]
[1.5756958]
[1.6241081]
[1.5900875]
[1.6829505]
[1.670466]
[1.543731]
[1.4863094]
[1.7004068]
[1.660419]
[1.2791059]
[1.1581074]
[1.1418401]
[1.12043]
[1.1294231]
[1.1301919]
[1.1259849]
[1.1235262]
[1.0813462]
[1.0579041]
[1.0244071]
[1.0183684]
[1.0128942]
[1.1021532]
[1.0931454]
[1.0402145]
[0.8701092]
[0.9600415]
[0.6602123]
[0.6120465]
[0.59533113]
[0.57640356]
[0.57263]
[0.6453897]
[0.7116003]
[0.7392175]
[0.7652323]
[0.91855735]
[1.0929214]
[1.0188879]
[0.85961556]
[0.88000375]
[0.9077575]
[0.8830642]
[0.8794046]
[0.8867874]
[0.8826838]
[0.92437613]
[0.9199809]
[0.91988546]
[0.9195196]
[0.91956866]
[0.91927046]
[0.910203]
[0.92623967]
[1.0240121]
[1.4489872]
[0.99418664]
[0.76306653]
[0.702277]
[1.1470345]
[0.8180425]
[0.7863747]
[0.774655]
[0.7478277]
[0.7406822]
[0.7451874]
[0.82752484]
[0.83507866]
[0.8300684]
[0.83396393]
[0.83560616]
[0.83276707]
[0.87443286]
[0.8308345]
[0.8353517]
[0.8256109]
[0.82544786]
[0.953454]
[1.0434818]
[0.443924]
[0.93874806]
[0.8464537]
[0.50370884]
[0.5704138]
[0.6677542]
[0.6631641]
[0.6110749]
[0.6440404]
[0.7102616]
[0.7345519]
[0.7349986]
[0.73179495]
[0.7397305]
[1.3448883]
[1.7473398]
[1.701369]
[1.2140139]
[0.6458735]
[0.23474152]
[0.3714904]
[0.3217194]
[1.6915632]
[1.7385958]
[0.69717664]
[0.6924978]
[-0.00708325]
[0.19218768]
[0.47324315]
[1.0743729]
[1.142198]
[2.1713448]
[4.260222]
[1.9770392]
[1.119131]
[0.50400174]
[2.1874754]
[1.9644221]
[1.6386868]
[1.2293575]
[1.1910623]
[1.1429309]
[1.1691551]
[1.2331642]
[1.5263873]
[1.669289]
[2.4907894]
[3.207033]
[2.4203918]
[1.5741144]
[1.6341882]
[1.9306389]
[2.090427]
[2.9686677]
[2.5165458]
[2.552822]
[5.933528]
[4.147106]
[2.8673697]
[2.7380788]
[2.3532188]
[3.125989]
[3.7079062]
[4.4547267]
[3.396132]
[2.413123]
[2.37118]
[2.3210433]
[2.3814034]
[2.0908456]
[2.0637333]
[2.056369]
[1.8299477]
[1.8334125]
[1.7316782]
[1.3753937]
[1.5274596]
[1.51741]
[1.5078429]
[1.4731556]
[1.4704331]
[1.657051]
[1.5679617]
[2.7302163]
[2.99969]
[4.0441527]
[3.4551148]
[2.202041]
[2.941672]
[4.2507873]
[3.245345]
[2.7173235]
[1.4705962]
[6.106614]
[4.033522]
[2.5016582]
[2.6740963]
[3.3577003]
[4.620972]
[5.385422]
[4.786502]
[4.8481903]
[4.7001734]
[3.704419]
[3.7337632]
[3.7085385]
[3.237513]
[3.0989456]
[2.290359]
[2.2645814]
[2.2394667]
[2.2102404]
[4.359853]
[6.3766074]
[5.1230674]
[3.481339]
[3.385588][4.3]
[30.92]
[39.25]
[29.7]
[19.45]
[13.74]
[11.15]
[9.61]
[8.47]
[7.25]
[6.36]
[5.68]
[5.17]
[4.9]
[4.63]
[4.43]
[4.25]
[3.5]
[3.25]
[3.48]
[3.45]
[3.34]
[3.16]
[3.03]
[3.19]
[3.24]
[3.07]
[2.9]
[3.01]
[3.39]
[4.09]
[3.93]
[3.38]
[3.37]
[3.68]
[3.86]
[4.88]
[11.97]
[10.98]
[9.57]
[8.25]
[9.26]
[7.3]
[7.03]
[5.94]
[5.1]
[4.59]
[4.19]
[3.92]
[3.62]
[3.37]
[3.17]
[2.96]
[2.64]
[2.49]
[2.4]
[2.35]
[2.23]
[2.07]
[2.05]
[2.27]
[2.12]
[2.14]
[2.13]
[2.16]
[2.18]
[1.91]
[1.59]
[1.35]
[1.24]
[1.21]
[1.]
[0.83]
[0.7]
[0.64]
[0.65]
[0.76]
[0.78]
[0.85]
[0.9]
[0.64]
[0.59]
[0.65]
[0.65]
[0.65]
[0.67]
[0.16]
[0.]
[0.]
[0.]
[0.]
[0.]
[0.]
[0.]
[0.]
[0.]
[0.]
[0.]
[0.]
[0.]
[0.]
[0.]
[0.]
[0.]
[0.]
[0.]
[0.]
[0.]
[0.]
[0.]
[0.34]
[0.66]
[0.71]
[0.71]
[0.77]
[0.78]
[0.81]
[0.78]
[0.67]
[0.75]
[0.8]
[0.82]
[0.81]
[0.81]
[0.81]
[0.8]
[0.8]
[0.81]
[0.82]
[0.82]
[0.83]
[0.83]
[0.83]
[0.83]
[0.83]
[0.82]
[0.76]
[0.76]
[0.77]
[0.78]
[0.85]
[0.83]
[0.81]
[0.77]
[0.8]
[0.81]
[0.87]
[0.85]
[0.8]
[0.84]
[0.86]
[0.86]
[0.86]
[0.86]
[0.86]
[0.87]
[0.87]
[0.94]
[0.92]
[0.89]
[0.87]
[0.84]
[0.81]
[0.84]
[0.86]
[0.88]
[0.85]
[0.85]
[0.86]
[0.86]
[0.87]
[0.91]
[0.92]
[0.92]
[0.87]
[0.87]
[0.89]
[0.96]
[0.93]
[0.87]
[0.86]
[0.86]
[0.87]
[1.26]
[1.7]
[1.51]
[1.47]
[1.34]
[1.36]
[1.36]
[1.36]
[1.36]
[1.36]
[1.24]
[1.29]
[1.47]
[1.67]
[2.26]
[1.83]
[3.23]
[2.92]
[2.42]
[2.19]
[2.03]
[2.01]
[1.91]
[1.87]
[1.85]
[1.98]
[1.97]
[1.87]
[1.81]
[1.81]
[1.78]
[1.72]
[1.72]
[1.72]
[1.7]
[1.63]
[1.62]
[1.62]
[1.64]
[1.62]
[1.61]
[1.62]
[1.67]
[1.97]
[2.01]
[2.65]
[2.94]
[2.52]
[2.26]
[2.12]
[2.5]
[2.89]
[2.98]
[3.54]
[3.07]
[2.56]
[2.41]
[2.57]
[2.84]
[4.66]
[3.71]
[2.99]
[2.65]
[2.45]
[2.33]
[2.28]
[2.22]
[2.19]
[2.11]
[2.09]
[2.06]
[2.27]
[2.55]
[3.]
[3.19]
[2.98]