0.7867336933505923, 0.8141196754387501, 14.839964872181024, 21.62339568662434[11.669817]
[21.065681]
[50.148243]
[34.76018]
[13.956559]
[7.329208]
[2.657987]
[2.59483]
[4.255508]
[4.06313]
[3.5931828]
[3.2684515]
[2.5616317]
[2.2764697]
[2.2893004]
[2.2904313]
[2.2697628]
[2.2755044]
[2.2827199]
[2.2733433]
[3.0216312]
[4.4055552]
[3.9484885]
[4.2260222]
[4.042292]
[4.054857]
[4.0149603]
[4.1796556]
[4.1558285]
[6.7226667]
[4.017259]
[3.75431]
[3.434448]
[2.4985306]
[2.19526]
[2.9577415]
[4.1202]
[5.018165]
[3.5310555]
[3.0951934]
[4.753871]
[4.1955624]
[3.9798448]
[6.0286474]
[5.0845017]
[4.716404]
[4.753731]
[4.485548]
[4.333382]
[4.311837]
[4.0657353]
[3.9745603]
[3.5174131]
[3.271508]
[3.2561579]
[3.237535]
[3.1817155]
[3.1685224]
[2.914142]
[2.9515407]
[3.0465817]
[2.4210181]
[1.726307]
[1.478285]
[1.8193674]
[1.5794827]
[1.4879628]
[1.2893502]
[1.2011042]
[1.0491625]
[0.7558108]
[0.7504357]
[0.5095433]
[0.40230972]
[0.38722467]
[0.37218934]
[0.3824782]
[0.3779438]
[0.36936015]
[0.35577753]
[0.3353986]
[0.3208305]
[0.29567993]
[0.29123235]
[0.28715125]
[0.318389]
[0.41146335]
[0.30770382]
[0.05121107]
[0.26852724]
[0.02568009]
[0.01062421]
[0.00313537]
[-0.00642582]
[-0.00495191]
[-0.02782402]
[-0.0564009]
[-0.08793621]
[-0.08078934]
[-0.03973194]
[0.00731123]
[-0.02339169]
[-0.10519897]
[-0.03290318]
[-0.05473613]
[-0.08275101]
[-0.06867994]
[-0.07345159]
[-0.07583742]
[-0.09850806]
[-0.10278134]
[-0.10264349]
[-0.10349178]
[-0.10343876]
[-0.10370386]
[-0.13137943]
[-0.1252505]
[-0.03954107]
[0.10133659]
[-0.06542462]
[-0.22569904]
[-0.23468034]
[-0.25137052]
[-0.1749605]
[-0.19328363]
[-0.23141441]
[-0.18000785]
[-0.21261412]
[-0.21118262]
[-0.16158926]
[-0.14786813]
[-0.1790429]
[-0.17472722]
[-0.17691156]
[-0.1752574]
[-0.16690171]
[-0.17504533]
[-0.16585195]
[-0.1873774]
[-0.18010327]
[-0.15045542]
[-0.05175649]
[-0.00159055]
[0.14233965]
[-0.18524605]
[-0.66017365]
[0.01515728]
[0.17505592]
[0.18172629]
[0.19118741]
[0.23173054]
[-0.10799834]
[-0.12373418]
[-0.12380841]
[-0.12672442]
[-0.13233376]
[0.03938533]
[0.45636988]
[0.9114733]
[0.2812914]
[-0.34514934]
[0.16353504]
[0.4938949]
[0.4926205]
[0.4761225]
[-0.2987901]
[1.0611135]
[0.32749027]
[0.32357353]
[0.3121441]
[0.15523237]
[0.62726885]
[0.6633717]
[1.025174]
[1.3924582]
[0.8739996]
[1.3621699]
[1.4986016]
[0.7292814]
[1.1622065]
[1.0634768]
[1.3093334]
[1.0401113]
[0.69555676]
[0.5949923]
[0.7330858]
[0.9769118]
[0.9490205]
[1.6304522]
[1.5806123]
[1.2689805]
[1.4239538]
[1.8825113]
[1.5470501]
[1.2993673]
[1.7450619]
[1.7929355]
[2.1251922]
[7.111896]
[2.1358547]
[3.0614512]
[2.914708]
[2.496319]
[2.3058515]
[2.4988856]
[4.765284]
[2.4364946]
[2.2665803]
[2.7997901]
[2.2278357]
[2.1893127]
[2.053781]
[2.0814981]
[2.059292]
[1.795936]
[1.796318]
[1.6845982]
[1.256659]
[1.277183]
[1.2658259]
[1.2549747]
[1.295327]
[1.3117888]
[1.2792226]
[1.0854777]
[1.9835483]
[1.3678766]
[4.3227143]
[1.1652336]
[1.8472289]
[2.6097803]
[3.7290998]
[2.1600912]
[2.176872]
[2.9874306]
[5.7916594]
[2.1795933]
[2.9303458]
[3.4589558]
[2.614303]
[3.0472925]
[7.3652253]
[3.3478134]
[5.059417]
[4.166715]
[3.1336668]
[3.1532693]
[3.020855]
[2.7227921]
[2.6063716]
[2.0458863]
[2.0003471]
[1.9759551]
[1.8184671]
[2.7673776]
[3.285882]
[2.5545166]
[2.7260387]
[3.3914595][4.3]
[30.92]
[39.25]
[29.7]
[19.45]
[13.74]
[11.15]
[9.61]
[8.47]
[7.25]
[6.36]
[5.68]
[5.17]
[4.9]
[4.63]
[4.43]
[4.25]
[3.5]
[3.25]
[3.48]
[3.45]
[3.34]
[3.16]
[3.03]
[3.19]
[3.24]
[3.07]
[2.9]
[3.01]
[3.39]
[4.09]
[3.93]
[3.38]
[3.37]
[3.68]
[3.86]
[4.88]
[11.97]
[10.98]
[9.57]
[8.25]
[9.26]
[7.3]
[7.03]
[5.94]
[5.1]
[4.59]
[4.19]
[3.92]
[3.62]
[3.37]
[3.17]
[2.96]
[2.64]
[2.49]
[2.4]
[2.35]
[2.23]
[2.07]
[2.05]
[2.27]
[2.12]
[2.14]
[2.13]
[2.16]
[2.18]
[1.91]
[1.59]
[1.35]
[1.24]
[1.21]
[1.]
[0.83]
[0.7]
[0.64]
[0.65]
[0.76]
[0.78]
[0.85]
[0.9]
[0.64]
[0.59]
[0.65]
[0.65]
[0.65]
[0.67]
[0.16]
[0.]
[0.]
[0.]
[0.]
[0.]
[0.]
[0.]
[0.]
[0.]
[0.]
[0.]
[0.]
[0.]
[0.]
[0.]
[0.]
[0.]
[0.]
[0.]
[0.]
[0.]
[0.]
[0.]
[0.34]
[0.66]
[0.71]
[0.71]
[0.77]
[0.78]
[0.81]
[0.78]
[0.67]
[0.75]
[0.8]
[0.82]
[0.81]
[0.81]
[0.81]
[0.8]
[0.8]
[0.81]
[0.82]
[0.82]
[0.83]
[0.83]
[0.83]
[0.83]
[0.83]
[0.82]
[0.76]
[0.76]
[0.77]
[0.78]
[0.85]
[0.83]
[0.81]
[0.77]
[0.8]
[0.81]
[0.87]
[0.85]
[0.8]
[0.84]
[0.86]
[0.86]
[0.86]
[0.86]
[0.86]
[0.87]
[0.87]
[0.94]
[0.92]
[0.89]
[0.87]
[0.84]
[0.81]
[0.84]
[0.86]
[0.88]
[0.85]
[0.85]
[0.86]
[0.86]
[0.87]
[0.91]
[0.92]
[0.92]
[0.87]
[0.87]
[0.89]
[0.96]
[0.93]
[0.87]
[0.86]
[0.86]
[0.87]
[1.26]
[1.7]
[1.51]
[1.47]
[1.34]
[1.36]
[1.36]
[1.36]
[1.36]
[1.36]
[1.24]
[1.29]
[1.47]
[1.67]
[2.26]
[1.83]
[3.23]
[2.92]
[2.42]
[2.19]
[2.03]
[2.01]
[1.91]
[1.87]
[1.85]
[1.98]
[1.97]
[1.87]
[1.81]
[1.81]
[1.78]
[1.72]
[1.72]
[1.72]
[1.7]
[1.63]
[1.62]
[1.62]
[1.64]
[1.62]
[1.61]
[1.62]
[1.67]
[1.97]
[2.01]
[2.65]
[2.94]
[2.52]
[2.26]
[2.12]
[2.5]
[2.89]
[2.98]
[3.54]
[3.07]
[2.56]
[2.41]
[2.57]
[2.84]
[4.66]
[3.71]
[2.99]
[2.65]
[2.45]
[2.33]
[2.28]
[2.22]
[2.19]
[2.11]
[2.09]
[2.06]
[2.27]
[2.55]
[3.]
[3.19]
[2.98]