0.8043385958206922, 0.8098299379982857, -2.2741272652698767, 20.711681289564392[7.837905]
[26.427467]
[31.928041]
[40.965958]
[15.14786]
[8.214727]
[6.3773346]
[4.471283]
[3.9256132]
[3.4688654]
[2.2500641]
[1.6124499]
[2.1846025]
[1.7773422]
[1.7634355]
[1.7614896]
[1.7589023]
[1.7515965]
[1.746846]
[1.765816]
[3.585405]
[4.254804]
[3.911839]
[4.7584515]
[4.859274]
[4.249759]
[4.3142242]
[5.001342]
[6.4508657]
[12.136551]
[4.915118]
[4.1354704]
[2.8613577]
[4.2084]
[3.0065455]
[3.6836772]
[5.9168277]
[15.743902]
[6.537752]
[5.005488]
[5.660532]
[4.793253]
[5.8861623]
[5.8381195]
[5.32122]
[3.708678]
[3.2450433]
[3.4266312]
[3.4356866]
[3.6328354]
[3.6932683]
[3.489169]
[3.2173705]
[2.9600964]
[2.9419959]
[2.9195213]
[2.9101584]
[2.9265966]
[2.8147624]
[2.7903502]
[2.5660932]
[4.044703]
[1.7881606]
[1.9173477]
[2.0984054]
[1.8955412]
[1.924749]
[1.9163774]
[1.7148309]
[1.5549912]
[1.4485517]
[1.4173371]
[1.213418]
[1.190522]
[1.187484]
[1.1882184]
[1.196171]
[1.2061306]
[1.2009295]
[1.1815884]
[1.1583531]
[1.1564444]
[1.1414509]
[1.138731]
[1.1363373]
[1.2138209]
[1.2903051]
[1.3494259]
[1.0664458]
[1.0468476]
[1.0435499]
[1.0057478]
[1.0019437]
[0.98945]
[1.0281136]
[0.9935748]
[0.9424545]
[0.89986223]
[0.88423246]
[1.0395073]
[0.8103938]
[0.76634616]
[0.6072753]
[0.59628725]
[0.6127706]
[0.59525335]
[0.6002132]
[0.5926104]
[0.5906381]
[0.6543609]
[0.6679919]
[0.66818804]
[0.6680104]
[0.6687633]
[0.66843724]
[0.6628014]
[0.67813694]
[0.8153537]
[0.85163677]
[0.66446084]
[0.36052796]
[0.21055767]
[0.2673509]
[0.41382465]
[0.3897729]
[0.37761578]
[0.42269993]
[0.41126385]
[0.41236928]
[0.4985877]
[0.52016616]
[0.5599935]
[0.56137997]
[0.5601314]
[0.56043094]
[0.54685825]
[0.55763954]
[0.54305947]
[0.5528626]
[0.5475925]
[0.56361467]
[-1.1350695]
[0.59534353]
[-0.5927874]
[0.4390428]
[-0.06473538]
[0.22681308]
[0.72802186]
[0.6216247]
[0.6796427]
[0.6950206]
[0.6430017]
[0.74501693]
[0.74501693]
[0.74276096]
[0.8017094]
[0.8975321]
[-0.26915285]
[1.4975857]
[-0.21450156]
[0.31720138]
[0.35758016]
[0.698329]
[0.5642509]
[0.29660907]
[-0.2764906]
[-0.11960936]
[0.47620866]
[0.80235356]
[0.43266207]
[0.3613789]
[1.2391716]
[1.3396467]
[1.220655]
[2.858455]
[0.564744]
[0.7562621]
[1.0347621]
[1.5341603]
[1.2708209]
[1.5157629]
[1.6059763]
[1.2753619]
[0.9036186]
[0.61636263]
[1.0333518]
[1.0236362]
[1.9216819]
[2.6281433]
[2.5134513]
[1.9765373]
[1.7688698]
[2.0621593]
[1.669426]
[1.5975914]
[2.6926215]
[1.874644]
[1.3604882]
[5.9668694]
[2.5482366]
[2.7831185]
[1.0550522]
[3.2546024]
[2.9610028]
[1.7478507]
[4.063662]
[2.761169]
[2.1628065]
[2.8423824]
[2.609282]
[2.5289326]
[2.13072]
[2.1442263]
[2.1430838]
[1.8541445]
[1.8573097]
[1.7735249]
[1.6424953]
[1.6078796]
[1.5990124]
[1.5905267]
[1.5032983]
[1.5754536]
[1.8661876]
[1.68267]
[3.9468682]
[-0.11662973]
[5.6885176]
[1.9017736]
[2.6834812]
[2.2335968]
[4.1306086]
[3.1646357]
[3.4894683]
[1.1411381]
[6.7805867]
[2.967988]
[2.3937333]
[2.8750336]
[2.8866446]
[4.108036]
[8.475476]
[5.088692]
[3.8826418]
[3.1882925]
[3.2439246]
[3.1796186]
[3.0698018]
[2.6626582]
[2.5959213]
[2.364666]
[2.6018515]
[2.7396593]
[2.7927916]
[5.3976617]
[8.917095]
[1.8683878]
[1.4115474]
[4.8190093][4.3]
[30.92]
[39.25]
[29.7]
[19.45]
[13.74]
[11.15]
[9.61]
[8.47]
[7.25]
[6.36]
[5.68]
[5.17]
[4.9]
[4.63]
[4.43]
[4.25]
[3.5]
[3.25]
[3.48]
[3.45]
[3.34]
[3.16]
[3.03]
[3.19]
[3.24]
[3.07]
[2.9]
[3.01]
[3.39]
[4.09]
[3.93]
[3.38]
[3.37]
[3.68]
[3.86]
[4.88]
[11.97]
[10.98]
[9.57]
[8.25]
[9.26]
[7.3]
[7.03]
[5.94]
[5.1]
[4.59]
[4.19]
[3.92]
[3.62]
[3.37]
[3.17]
[2.96]
[2.64]
[2.49]
[2.4]
[2.35]
[2.23]
[2.07]
[2.05]
[2.27]
[2.12]
[2.14]
[2.13]
[2.16]
[2.18]
[1.91]
[1.59]
[1.35]
[1.24]
[1.21]
[1.]
[0.83]
[0.7]
[0.64]
[0.65]
[0.76]
[0.78]
[0.85]
[0.9]
[0.64]
[0.59]
[0.65]
[0.65]
[0.65]
[0.67]
[0.16]
[0.]
[0.]
[0.]
[0.]
[0.]
[0.]
[0.]
[0.]
[0.]
[0.]
[0.]
[0.]
[0.]
[0.]
[0.]
[0.]
[0.]
[0.]
[0.]
[0.]
[0.]
[0.]
[0.]
[0.34]
[0.66]
[0.71]
[0.71]
[0.77]
[0.78]
[0.81]
[0.78]
[0.67]
[0.75]
[0.8]
[0.82]
[0.81]
[0.81]
[0.81]
[0.8]
[0.8]
[0.81]
[0.82]
[0.82]
[0.83]
[0.83]
[0.83]
[0.83]
[0.83]
[0.82]
[0.76]
[0.76]
[0.77]
[0.78]
[0.85]
[0.83]
[0.81]
[0.77]
[0.8]
[0.81]
[0.87]
[0.85]
[0.8]
[0.84]
[0.86]
[0.86]
[0.86]
[0.86]
[0.86]
[0.87]
[0.87]
[0.94]
[0.92]
[0.89]
[0.87]
[0.84]
[0.81]
[0.84]
[0.86]
[0.88]
[0.85]
[0.85]
[0.86]
[0.86]
[0.87]
[0.91]
[0.92]
[0.92]
[0.87]
[0.87]
[0.89]
[0.96]
[0.93]
[0.87]
[0.86]
[0.86]
[0.87]
[1.26]
[1.7]
[1.51]
[1.47]
[1.34]
[1.36]
[1.36]
[1.36]
[1.36]
[1.36]
[1.24]
[1.29]
[1.47]
[1.67]
[2.26]
[1.83]
[3.23]
[2.92]
[2.42]
[2.19]
[2.03]
[2.01]
[1.91]
[1.87]
[1.85]
[1.98]
[1.97]
[1.87]
[1.81]
[1.81]
[1.78]
[1.72]
[1.72]
[1.72]
[1.7]
[1.63]
[1.62]
[1.62]
[1.64]
[1.62]
[1.61]
[1.62]
[1.67]
[1.97]
[2.01]
[2.65]
[2.94]
[2.52]
[2.26]
[2.12]
[2.5]
[2.89]
[2.98]
[3.54]
[3.07]
[2.56]
[2.41]
[2.57]
[2.84]
[4.66]
[3.71]
[2.99]
[2.65]
[2.45]
[2.33]
[2.28]
[2.22]
[2.19]
[2.11]
[2.09]
[2.06]
[2.27]
[2.55]
[3.]
[3.19]
[2.98]