0.72776723473441, 0.7461641861287222, -21.38635364500248, 24.430534510441973[9.663203]
[20.639595]
[30.642529]
[42.112835]
[9.121626]
[6.82413]
[2.4303236]
[2.1593442]
[1.7543054]
[2.0018837]
[1.307834]
[3.1305711]
[3.7678118]
[3.325171]
[3.3458586]
[3.3475447]
[3.363641]
[3.336375]
[3.3467653]
[3.320577]
[3.752582]
[5.106601]
[5.1897826]
[5.2007527]
[5.0876856]
[4.906509]
[4.88587]
[5.8140883]
[7.1185555]
[8.315912]
[5.6377654]
[5.0087585]
[5.793659]
[4.013314]
[4.182124]
[4.4853086]
[4.2589784]
[9.464128]
[6.5024214]
[5.8856087]
[7.289362]
[7.01261]
[6.630136]
[7.625925]
[6.6351447]
[5.7417607]
[5.406166]
[5.375216]
[5.36334]
[5.38502]
[5.0572524]
[4.8958087]
[4.184965]
[3.4595551]
[3.4169376]
[3.3492186]
[3.318704]
[3.318203]
[3.4589255]
[3.3406734]
[3.9097233]
[3.7666388]
[2.8936906]
[2.7507477]
[2.11913]
[2.1840453]
[2.35875]
[2.0926008]
[1.9773747]
[1.8070692]
[1.548797]
[1.5255498]
[1.2465435]
[1.1206422]
[1.1106137]
[1.0962843]
[1.1170781]
[1.1278408]
[1.0937791]
[1.0915987]
[1.059015]
[1.0494014]
[1.0230964]
[1.0183566]
[1.0140965]
[1.2432033]
[1.4533958]
[1.0245438]
[0.915558]
[0.9510524]
[0.82655877]
[0.79240304]
[0.7738877]
[0.7737671]
[0.79102325]
[0.7511442]
[0.74165916]
[0.7922877]
[0.8230914]
[0.7436262]
[1.4556093]
[1.1240631]
[1.1637646]
[1.134529]
[1.1146643]
[1.1145332]
[1.1117868]
[1.1112646]
[1.1102983]
[1.0860597]
[1.063051]
[1.063096]
[1.0580037]
[1.0586557]
[1.0584967]
[1.0284592]
[1.0399098]
[0.6901824]
[1.3842242]
[1.2040056]
[1.1501601]
[0.8269591]
[0.9450653]
[1.0197204]
[1.0579082]
[1.0231746]
[0.96006685]
[1.0682111]
[1.0701382]
[1.121061]
[1.1142668]
[1.1279773]
[1.1251752]
[1.1276618]
[1.1239996]
[1.1014535]
[1.1144973]
[1.1226873]
[1.1409906]
[1.1216588]
[0.99058026]
[-0.13536641]
[0.39769083]
[1.3001158]
[1.2771815]
[1.0074918]
[0.31188068]
[0.5310518]
[0.44603428]
[0.46903232]
[0.55039155]
[1.1840454]
[1.2042415]
[1.2046683]
[1.2011492]
[1.20852]
[0.69411635]
[0.9248866]
[1.3686103]
[1.6139605]
[1.3400387]
[1.3441727]
[0.8128443]
[0.9237533]
[0.23270574]
[1.2439708]
[0.7223168]
[1.2439721]
[1.1433247]
[1.1397513]
[1.1204659]
[2.0660796]
[2.0681062]
[1.8597574]
[2.6264515]
[2.4980557]
[3.4659226]
[2.0121005]
[1.8513607]
[2.3491538]
[2.9745474]
[2.2004015]
[2.17721]
[1.6294472]
[1.4149178]
[1.4672482]
[1.7279128]
[2.1012163]
[3.409087]
[2.9441574]
[3.2349682]
[3.3608482]
[2.7681537]
[2.8353305]
[3.041829]
[3.257705]
[2.9026585]
[3.1795175]
[5.1249857]
[4.658834]
[4.9328694]
[4.323009]
[3.4946108]
[4.095872]
[3.5909505]
[4.271384]
[4.7014713]
[4.417408]
[3.4539404]
[3.4649868]
[3.3898242]
[2.968791]
[2.9445841]
[2.9481456]
[2.202932]
[2.2065835]
[2.079239]
[1.9499947]
[1.7838578]
[1.7696277]
[1.7560232]
[1.813658]
[1.8994935]
[1.9732008]
[1.7541555]
[4.1728945]
[3.066008]
[5.1468687]
[3.105117]
[3.089776]
[1.5402054]
[5.344497]
[4.2105093]
[3.8997478]
[1.3789555]
[6.310421]
[4.5373964]
[4.4508348]
[3.804564]
[4.0617614]
[4.2763677]
[7.3486733]
[6.043228]
[6.34945]
[4.9444623]
[4.4750896]
[4.4720807]
[4.454192]
[4.235126]
[3.9595816]
[2.9104986]
[2.9630477]
[2.9932165]
[2.939252]
[2.5757143]
[3.5012336]
[4.6018047]
[5.14697]
[2.9785173][4.3]
[30.92]
[39.25]
[29.7]
[19.45]
[13.74]
[11.15]
[9.61]
[8.47]
[7.25]
[6.36]
[5.68]
[5.17]
[4.9]
[4.63]
[4.43]
[4.25]
[3.5]
[3.25]
[3.48]
[3.45]
[3.34]
[3.16]
[3.03]
[3.19]
[3.24]
[3.07]
[2.9]
[3.01]
[3.39]
[4.09]
[3.93]
[3.38]
[3.37]
[3.68]
[3.86]
[4.88]
[11.97]
[10.98]
[9.57]
[8.25]
[9.26]
[7.3]
[7.03]
[5.94]
[5.1]
[4.59]
[4.19]
[3.92]
[3.62]
[3.37]
[3.17]
[2.96]
[2.64]
[2.49]
[2.4]
[2.35]
[2.23]
[2.07]
[2.05]
[2.27]
[2.12]
[2.14]
[2.13]
[2.16]
[2.18]
[1.91]
[1.59]
[1.35]
[1.24]
[1.21]
[1.]
[0.83]
[0.7]
[0.64]
[0.65]
[0.76]
[0.78]
[0.85]
[0.9]
[0.64]
[0.59]
[0.65]
[0.65]
[0.65]
[0.67]
[0.16]
[0.]
[0.]
[0.]
[0.]
[0.]
[0.]
[0.]
[0.]
[0.]
[0.]
[0.]
[0.]
[0.]
[0.]
[0.]
[0.]
[0.]
[0.]
[0.]
[0.]
[0.]
[0.]
[0.]
[0.34]
[0.66]
[0.71]
[0.71]
[0.77]
[0.78]
[0.81]
[0.78]
[0.67]
[0.75]
[0.8]
[0.82]
[0.81]
[0.81]
[0.81]
[0.8]
[0.8]
[0.81]
[0.82]
[0.82]
[0.83]
[0.83]
[0.83]
[0.83]
[0.83]
[0.82]
[0.76]
[0.76]
[0.77]
[0.78]
[0.85]
[0.83]
[0.81]
[0.77]
[0.8]
[0.81]
[0.87]
[0.85]
[0.8]
[0.84]
[0.86]
[0.86]
[0.86]
[0.86]
[0.86]
[0.87]
[0.87]
[0.94]
[0.92]
[0.89]
[0.87]
[0.84]
[0.81]
[0.84]
[0.86]
[0.88]
[0.85]
[0.85]
[0.86]
[0.86]
[0.87]
[0.91]
[0.92]
[0.92]
[0.87]
[0.87]
[0.89]
[0.96]
[0.93]
[0.87]
[0.86]
[0.86]
[0.87]
[1.26]
[1.7]
[1.51]
[1.47]
[1.34]
[1.36]
[1.36]
[1.36]
[1.36]
[1.36]
[1.24]
[1.29]
[1.47]
[1.67]
[2.26]
[1.83]
[3.23]
[2.92]
[2.42]
[2.19]
[2.03]
[2.01]
[1.91]
[1.87]
[1.85]
[1.98]
[1.97]
[1.87]
[1.81]
[1.81]
[1.78]
[1.72]
[1.72]
[1.72]
[1.7]
[1.63]
[1.62]
[1.62]
[1.64]
[1.62]
[1.61]
[1.62]
[1.67]
[1.97]
[2.01]
[2.65]
[2.94]
[2.52]
[2.26]
[2.12]
[2.5]
[2.89]
[2.98]
[3.54]
[3.07]
[2.56]
[2.41]
[2.57]
[2.84]
[4.66]
[3.71]
[2.99]
[2.65]
[2.45]
[2.33]
[2.28]
[2.22]
[2.19]
[2.11]
[2.09]
[2.06]
[2.27]
[2.55]
[3.]
[3.19]
[2.98]