0.7674546824417791, 0.7882498639045442, -22.127865225238388, 22.579617005925712[18.00354]
[28.44975]
[28.424898]
[24.655386]
[15.542768]
[6.049479]
[5.887888]
[5.813906]
[5.825028]
[5.7762456]
[5.288541]
[4.3354063]
[3.4880867]
[3.2593603]
[3.2115562]
[3.210246]
[3.2083042]
[3.2179298]
[3.2102487]
[3.2335303]
[4.2956758]
[4.5019984]
[5.285331]
[5.449907]
[5.150982]
[5.4733224]
[5.494114]
[5.6228027]
[6.3854847]
[11.133128]
[4.535557]
[5.349611]
[3.9966934]
[4.346487]
[4.458329]
[4.634456]
[4.6564507]
[7.6319838]
[6.0300627]
[5.804206]
[5.7632484]
[5.86051]
[6.0627146]
[5.8067813]
[5.865914]
[6.1349077]
[5.26266]
[5.082784]
[5.0136347]
[4.8896613]
[4.6477447]
[4.6774907]
[4.4171896]
[4.3043547]
[4.260918]
[4.1888466]
[4.1092844]
[4.073817]
[3.704797]
[3.7733457]
[4.3104796]
[3.8872185]
[2.890812]
[2.5686314]
[2.462689]
[2.3850157]
[2.4981966]
[2.1735349]
[2.0471883]
[1.885253]
[1.4083717]
[1.3858163]
[1.1532925]
[1.072865]
[1.0621196]
[1.0437713]
[1.0457343]
[1.0474985]
[1.0562994]
[1.0543617]
[0.99347407]
[1.0245534]
[1.0468463]
[1.0506331]
[1.054355]
[1.2851213]
[1.466216]
[1.0547315]
[1.1518146]
[0.8818771]
[0.9261527]
[0.96854085]
[0.965886]
[0.98091006]
[0.97745854]
[1.093977]
[1.1398643]
[1.1834122]
[1.1801212]
[1.2634381]
[1.302726]
[1.208641]
[1.0403688]
[0.9420635]
[1.097602]
[1.0936204]
[1.0950439]
[1.1017295]
[1.0988744]
[1.1005671]
[1.0949763]
[1.0951751]
[1.0952878]
[1.0950599]
[1.0947298]
[1.0768149]
[1.0817443]
[1.0900522]
[1.2907783]
[1.2059292]
[0.76448655]
[0.77509683]
[0.98386186]
[1.0111332]
[0.77597964]
[0.70738447]
[0.9636022]
[0.9885924]
[0.9930234]
[1.0209746]
[1.0321523]
[0.99472]
[0.99734175]
[0.99166614]
[0.99718404]
[0.9855213]
[1.003472]
[1.0104651]
[0.9709956]
[1.00065]
[0.9776706]
[1.2714611]
[1.1631088]
[1.2028872]
[0.04211843]
[-0.0537818]
[0.711561]
[0.9436832]
[0.8489249]
[0.85203576]
[0.94691074]
[1.0791225]
[1.0653245]
[1.0657128]
[1.0639408]
[1.0694811]
[1.072881]
[1.7930183]
[1.6538253]
[1.5402759]
[0.24373123]
[0.30309188]
[0.81749296]
[0.73152107]
[-0.04031514]
[0.82423955]
[1.7579758]
[0.6716793]
[0.50286096]
[0.66833913]
[0.659774]
[1.3718314]
[1.4586847]
[2.3868315]
[2.642537]
[2.6698117]
[1.2914159]
[1.360516]
[2.1879551]
[2.2814867]
[1.3803104]
[1.6331893]
[1.5793624]
[1.1783092]
[1.2121097]
[1.2935883]
[1.4985029]
[1.7980882]
[2.4510527]
[3.4816616]
[2.6480913]
[2.2911732]
[2.3593562]
[2.3301828]
[2.5980182]
[3.2491324]
[2.370152]
[3.139271]
[5.678236]
[3.1979551]
[3.8991225]
[3.2729018]
[3.2109723]
[3.4536612]
[2.9506166]
[4.617492]
[3.654786]
[3.738074]
[3.7940414]
[3.6700103]
[3.7096112]
[3.364752]
[3.396216]
[3.384585]
[2.8126986]
[2.8156068]
[2.6056967]
[1.8558809]
[1.9587444]
[1.9370651]
[1.9168639]
[1.9772888]
[2.0147674]
[2.1053932]
[1.805642]
[3.0632806]
[6.6925035]
[3.8495233]
[2.879716]
[2.9136667]
[2.2503862]
[3.446902]
[2.8321352]
[2.9206626]
[0.7564622]
[4.163866]
[3.2103422]
[3.6717467]
[3.4904108]
[3.1575618]
[4.548886]
[11.3646145]
[4.351802]
[4.9601727]
[4.5661607]
[4.6551704]
[4.6832013]
[4.6102457]
[4.1520333]
[3.9797435]
[3.0727947]
[3.0392766]
[3.0203621]
[2.8081417]
[4.191749]
[8.411565]
[5.18415]
[3.74166]
[3.8177447][4.3]
[30.92]
[39.25]
[29.7]
[19.45]
[13.74]
[11.15]
[9.61]
[8.47]
[7.25]
[6.36]
[5.68]
[5.17]
[4.9]
[4.63]
[4.43]
[4.25]
[3.5]
[3.25]
[3.48]
[3.45]
[3.34]
[3.16]
[3.03]
[3.19]
[3.24]
[3.07]
[2.9]
[3.01]
[3.39]
[4.09]
[3.93]
[3.38]
[3.37]
[3.68]
[3.86]
[4.88]
[11.97]
[10.98]
[9.57]
[8.25]
[9.26]
[7.3]
[7.03]
[5.94]
[5.1]
[4.59]
[4.19]
[3.92]
[3.62]
[3.37]
[3.17]
[2.96]
[2.64]
[2.49]
[2.4]
[2.35]
[2.23]
[2.07]
[2.05]
[2.27]
[2.12]
[2.14]
[2.13]
[2.16]
[2.18]
[1.91]
[1.59]
[1.35]
[1.24]
[1.21]
[1.]
[0.83]
[0.7]
[0.64]
[0.65]
[0.76]
[0.78]
[0.85]
[0.9]
[0.64]
[0.59]
[0.65]
[0.65]
[0.65]
[0.67]
[0.16]
[0.]
[0.]
[0.]
[0.]
[0.]
[0.]
[0.]
[0.]
[0.]
[0.]
[0.]
[0.]
[0.]
[0.]
[0.]
[0.]
[0.]
[0.]
[0.]
[0.]
[0.]
[0.]
[0.]
[0.34]
[0.66]
[0.71]
[0.71]
[0.77]
[0.78]
[0.81]
[0.78]
[0.67]
[0.75]
[0.8]
[0.82]
[0.81]
[0.81]
[0.81]
[0.8]
[0.8]
[0.81]
[0.82]
[0.82]
[0.83]
[0.83]
[0.83]
[0.83]
[0.83]
[0.82]
[0.76]
[0.76]
[0.77]
[0.78]
[0.85]
[0.83]
[0.81]
[0.77]
[0.8]
[0.81]
[0.87]
[0.85]
[0.8]
[0.84]
[0.86]
[0.86]
[0.86]
[0.86]
[0.86]
[0.87]
[0.87]
[0.94]
[0.92]
[0.89]
[0.87]
[0.84]
[0.81]
[0.84]
[0.86]
[0.88]
[0.85]
[0.85]
[0.86]
[0.86]
[0.87]
[0.91]
[0.92]
[0.92]
[0.87]
[0.87]
[0.89]
[0.96]
[0.93]
[0.87]
[0.86]
[0.86]
[0.87]
[1.26]
[1.7]
[1.51]
[1.47]
[1.34]
[1.36]
[1.36]
[1.36]
[1.36]
[1.36]
[1.24]
[1.29]
[1.47]
[1.67]
[2.26]
[1.83]
[3.23]
[2.92]
[2.42]
[2.19]
[2.03]
[2.01]
[1.91]
[1.87]
[1.85]
[1.98]
[1.97]
[1.87]
[1.81]
[1.81]
[1.78]
[1.72]
[1.72]
[1.72]
[1.7]
[1.63]
[1.62]
[1.62]
[1.64]
[1.62]
[1.61]
[1.62]
[1.67]
[1.97]
[2.01]
[2.65]
[2.94]
[2.52]
[2.26]
[2.12]
[2.5]
[2.89]
[2.98]
[3.54]
[3.07]
[2.56]
[2.41]
[2.57]
[2.84]
[4.66]
[3.71]
[2.99]
[2.65]
[2.45]
[2.33]
[2.28]
[2.22]
[2.19]
[2.11]
[2.09]
[2.06]
[2.27]
[2.55]
[3.]
[3.19]
[2.98]