0.8770640489541487, 0.9025942086394985, 26.104176315621817, 16.417318521706484[7.5890975]
[24.777264]
[34.8112]
[35.985634]
[12.2473755]
[9.395965]
[6.2394676]
[4.9001894]
[4.5954885]
[4.330195]
[2.9361453]
[2.772798]
[2.881655]
[2.8082676]
[2.8003044]
[2.8011901]
[2.8108728]
[2.8053508]
[2.804055]
[2.8153317]
[3.0211544]
[2.9482825]
[3.7187932]
[4.6310577]
[4.94096]
[4.417798]
[4.7709]
[4.9112325]
[6.782478]
[7.0793176]
[5.7177672]
[4.0739646]
[4.6653814]
[2.431083]
[2.4771974]
[2.7731802]
[2.2370734]
[8.535372]
[6.562615]
[5.9105487]
[6.5593076]
[8.29066]
[6.090581]
[7.664036]
[7.398802]
[4.2605157]
[3.494924]
[3.433832]
[3.191284]
[3.0567765]
[2.9493787]
[2.9579666]
[2.7370543]
[2.4116266]
[2.4014366]
[2.3943803]
[2.3599968]
[2.3651073]
[2.3097553]
[2.266288]
[2.2053244]
[2.1034229]
[1.19541]
[1.417677]
[1.0838236]
[1.1303568]
[1.0945469]
[1.0057809]
[0.94530493]
[0.8955976]
[0.8824828]
[0.8557583]
[0.70034266]
[0.62286]
[0.6125052]
[0.5955924]
[0.6003634]
[0.5864669]
[0.59739137]
[0.6029238]
[0.5433153]
[0.5281524]
[0.4895749]
[0.48255894]
[0.47630343]
[0.57887036]
[0.29561165]
[0.40421242]
[0.37456125]
[0.28874347]
[0.14733529]
[0.08342335]
[0.07362291]
[0.05233771]
[0.03956327]
[0.03415309]
[-0.08695006]
[-0.15736902]
[-0.19682525]
[-0.14827107]
[-0.42296964]
[-0.3551274]
[-0.32051703]
[-0.39840096]
[-0.41143286]
[-0.41053155]
[-0.4187812]
[-0.41839945]
[-0.41737092]
[-0.4058023]
[-0.40760493]
[-0.40770036]
[-0.40849563]
[-0.40847445]
[-0.40820935]
[-0.41950226]
[-0.41495326]
[-0.3270383]
[-0.46773833]
[-0.3664627]
[-0.39174184]
[-0.4088986]
[-0.41873878]
[-0.38890007]
[-0.3731218]
[-0.3840754]
[-0.41609848]
[-0.4130552]
[-0.4139141]
[-0.43047705]
[-0.43517447]
[-0.45571378]
[-0.4540702]
[-0.45227817]
[-0.4546534]
[-0.44992417]
[-0.45799357]
[-0.45691198]
[-0.44518432]
[-0.4482806]
[-0.42265153]
[0.10337547]
[0.3819424]
[0.0265602]
[0.02309711]
[0.12215158]
[-0.09585714]
[-0.179308]
[-0.16526875]
[-0.15203537]
[-0.15305331]
[-0.17977455]
[-0.2024664]
[-0.20318745]
[-0.20355858]
[-0.2117446]
[-0.01259716]
[0.35059166]
[0.71839076]
[0.31880286]
[0.36373857]
[0.40426576]
[0.23935424]
[0.23793766]
[0.15864907]
[-0.1648552]
[0.06923167]
[0.6446356]
[0.736367]
[0.58833313]
[0.55301166]
[0.47788373]
[0.46907073]
[0.54893655]
[0.7161958]
[0.45632184]
[0.9385809]
[0.55033493]
[0.4328168]
[0.3885349]
[0.83758557]
[0.7659681]
[0.82967657]
[0.7709992]
[0.7512532]
[0.723624]
[0.7631671]
[0.98491955]
[0.80584055]
[0.46758756]
[0.87740535]
[1.2391351]
[0.8708804]
[1.0509218]
[0.5508562]
[0.5979626]
[1.4435407]
[1.6367782]
[2.6935134]
[1.4072324]
[1.8056487]
[0.8423977]
[1.1255175]
[0.957125]
[1.226826]
[2.481274]
[1.1821269]
[1.8196802]
[1.4194353]
[1.3756484]
[1.3998526]
[1.4636949]
[1.4267316]
[1.4298315]
[1.2827677]
[1.2835774]
[1.2031469]
[0.9276525]
[0.9386922]
[0.9304005]
[0.92248416]
[0.9673894]
[0.95398897]
[0.9150616]
[0.8305938]
[1.2437146]
[1.8166281]
[1.633514]
[0.9988783]
[2.1564152]
[1.0995378]
[2.4424312]
[0.84754175]
[0.98274416]
[0.4287672]
[3.32863]
[1.3727424]
[1.9818411]
[1.3816521]
[0.92895406]
[2.1817112]
[5.2201576]
[2.4947813]
[3.2866938]
[3.0802429]
[2.5766544]
[2.4313457]
[2.2655718]
[1.7446533]
[1.6997074]
[1.5172011]
[1.4846392]
[1.4633358]
[1.401468]
[2.7768693]
[4.163486]
[2.3389885]
[1.8156807]
[2.4943266][4.3]
[30.92]
[39.25]
[29.7]
[19.45]
[13.74]
[11.15]
[9.61]
[8.47]
[7.25]
[6.36]
[5.68]
[5.17]
[4.9]
[4.63]
[4.43]
[4.25]
[3.5]
[3.25]
[3.48]
[3.45]
[3.34]
[3.16]
[3.03]
[3.19]
[3.24]
[3.07]
[2.9]
[3.01]
[3.39]
[4.09]
[3.93]
[3.38]
[3.37]
[3.68]
[3.86]
[4.88]
[11.97]
[10.98]
[9.57]
[8.25]
[9.26]
[7.3]
[7.03]
[5.94]
[5.1]
[4.59]
[4.19]
[3.92]
[3.62]
[3.37]
[3.17]
[2.96]
[2.64]
[2.49]
[2.4]
[2.35]
[2.23]
[2.07]
[2.05]
[2.27]
[2.12]
[2.14]
[2.13]
[2.16]
[2.18]
[1.91]
[1.59]
[1.35]
[1.24]
[1.21]
[1.]
[0.83]
[0.7]
[0.64]
[0.65]
[0.76]
[0.78]
[0.85]
[0.9]
[0.64]
[0.59]
[0.65]
[0.65]
[0.65]
[0.67]
[0.16]
[0.]
[0.]
[0.]
[0.]
[0.]
[0.]
[0.]
[0.]
[0.]
[0.]
[0.]
[0.]
[0.]
[0.]
[0.]
[0.]
[0.]
[0.]
[0.]
[0.]
[0.]
[0.]
[0.]
[0.34]
[0.66]
[0.71]
[0.71]
[0.77]
[0.78]
[0.81]
[0.78]
[0.67]
[0.75]
[0.8]
[0.82]
[0.81]
[0.81]
[0.81]
[0.8]
[0.8]
[0.81]
[0.82]
[0.82]
[0.83]
[0.83]
[0.83]
[0.83]
[0.83]
[0.82]
[0.76]
[0.76]
[0.77]
[0.78]
[0.85]
[0.83]
[0.81]
[0.77]
[0.8]
[0.81]
[0.87]
[0.85]
[0.8]
[0.84]
[0.86]
[0.86]
[0.86]
[0.86]
[0.86]
[0.87]
[0.87]
[0.94]
[0.92]
[0.89]
[0.87]
[0.84]
[0.81]
[0.84]
[0.86]
[0.88]
[0.85]
[0.85]
[0.86]
[0.86]
[0.87]
[0.91]
[0.92]
[0.92]
[0.87]
[0.87]
[0.89]
[0.96]
[0.93]
[0.87]
[0.86]
[0.86]
[0.87]
[1.26]
[1.7]
[1.51]
[1.47]
[1.34]
[1.36]
[1.36]
[1.36]
[1.36]
[1.36]
[1.24]
[1.29]
[1.47]
[1.67]
[2.26]
[1.83]
[3.23]
[2.92]
[2.42]
[2.19]
[2.03]
[2.01]
[1.91]
[1.87]
[1.85]
[1.98]
[1.97]
[1.87]
[1.81]
[1.81]
[1.78]
[1.72]
[1.72]
[1.72]
[1.7]
[1.63]
[1.62]
[1.62]
[1.64]
[1.62]
[1.61]
[1.62]
[1.67]
[1.97]
[2.01]
[2.65]
[2.94]
[2.52]
[2.26]
[2.12]
[2.5]
[2.89]
[2.98]
[3.54]
[3.07]
[2.56]
[2.41]
[2.57]
[2.84]
[4.66]
[3.71]
[2.99]
[2.65]
[2.45]
[2.33]
[2.28]
[2.22]
[2.19]
[2.11]
[2.09]
[2.06]
[2.27]
[2.55]
[3.]
[3.19]
[2.98]