0.6735363747208568, 0.8735415261041448, 17.822452625965987, 26.753473196547255[7.134069]
[35.464558]
[60.879173]
[49.631706]
[14.192806]
[8.920118]
[7.4075212]
[5.819916]
[5.1865997]
[4.728042]
[3.6108632]
[3.1507397]
[2.3461373]
[2.0240602]
[2.0735283]
[2.0756352]
[2.0557115]
[2.0633025]
[2.0607502]
[2.066829]
[3.2236762]
[4.5650077]
[5.1399813]
[5.10416]
[5.0638795]
[4.6261044]
[4.855031]
[5.174963]
[5.5110807]
[7.732452]
[4.945846]
[4.1418343]
[3.9821718]
[3.038873]
[3.1661606]
[3.2622511]
[3.798886]
[5.466819]
[5.1517487]
[5.0126677]
[5.370971]
[6.021484]
[5.4408274]
[6.6025324]
[6.7585273]
[5.6587176]
[4.666155]
[4.1704993]
[3.977253]
[3.9722943]
[3.8154323]
[3.9494529]
[3.263629]
[2.9335732]
[2.900037]
[2.8536255]
[2.7274685]
[2.682159]
[2.3738475]
[2.3311987]
[2.3551824]
[3.1279416]
[1.9264821]
[1.3203566]
[1.6615375]
[1.3085229]
[1.0574745]
[0.95282555]
[0.91931665]
[0.79270756]
[0.3908167]
[0.37517628]
[0.17162299]
[0.06312495]
[0.04886567]
[0.02225577]
[0.0334718]
[0.05056623]
[0.03359639]
[0.03311525]
[-0.01221542]
[-0.02916008]
[-0.06137402]
[-0.06722724]
[-0.07246546]
[0.05603242]
[0.23500773]
[0.03365604]
[-0.12948138]
[-0.06093927]
[-0.3789114]
[-0.41958708]
[-0.4326932]
[-0.45384753]
[-0.4650662]
[-0.48319846]
[-0.600316]
[-0.66536945]
[-0.69366]
[-0.6115028]
[-0.5075657]
[-0.6469509]
[-0.752521]
[-0.7568791]
[-0.7884886]
[-0.81567645]
[-0.8112759]
[-0.8196528]
[-0.8199179]
[-0.8638171]
[-0.8727984]
[-0.87262875]
[-0.87495095]
[-0.87447375]
[-0.8748025]
[-0.9029446]
[-0.8959356]
[-0.79804254]
[-0.5292926]
[-0.8291431]
[-0.98412627]
[-0.94159496]
[-0.88595754]
[-1.0344831]
[-0.9628871]
[-0.9687828]
[-0.96935534]
[-0.9851442]
[-0.98426414]
[-0.93517977]
[-0.9234627]
[-0.96673626]
[-0.96192217]
[-0.96478516]
[-0.9615617]
[-0.95260155]
[-0.9563659]
[-0.94355667]
[-0.96500784]
[-0.9607982]
[-0.87936205]
[-0.5127721]
[0.03429623]
[-1.198543]
[-0.500896]
[-0.8072677]
[-0.7216431]
[-0.66585726]
[-0.66218835]
[-0.65006834]
[-0.64945334]
[-0.7578122]
[-0.79977095]
[-0.7995589]
[-0.80385333]
[-0.81086236]
[-0.35149032]
[0.5935389]
[0.7175541]
[-0.7866012]
[-0.283436]
[-0.18528846]
[-0.2626316]
[-0.30274528]
[-0.6473326]
[0.03705849]
[0.01359655]
[0.0875558]
[-0.249886]
[-0.39643928]
[-0.50631446]
[0.14149532]
[0.22157687]
[0.8648881]
[1.9233779]
[0.46900678]
[0.34425995]
[0.83786327]
[1.1772151]
[1.0795156]
[0.827481]
[0.78929716]
[0.4598399]
[0.11822557]
[-0.02596838]
[0.3984924]
[0.75197095]
[0.6594579]
[1.4598584]
[2.20748]
[1.5132678]
[1.2890824]
[1.5344671]
[1.1729167]
[1.8144861]
[1.9612005]
[1.5543318]
[2.4804897]
[3.878098]
[2.8912256]
[2.697883]
[2.37138]
[2.484244]
[2.5459278]
[1.8434381]
[3.8608055]
[2.907732]
[2.1284957]
[2.486663]
[2.028464]
[1.9630442]
[1.7971624]
[1.8525726]
[1.8060058]
[1.4854225]
[1.4865651]
[1.363002]
[0.95975244]
[0.94771326]
[0.93497163]
[0.9227907]
[0.93870014]
[1.0037112]
[0.99443966]
[0.78805256]
[1.4137152]
[3.1272511]
[2.5293906]
[2.1145308]
[2.4357152]
[2.2632778]
[3.6767597]
[2.5244944]
[2.2948482]
[1.5272514]
[4.307174]
[2.7800448]
[2.6199737]
[2.816371]
[2.535285]
[3.081619]
[5.3693733]
[3.683004]
[3.9708915]
[3.6414137]
[2.9266536]
[2.9005654]
[2.71035]
[2.1888843]
[2.0688775]
[1.6383274]
[1.5799211]
[1.5557554]
[1.3049614]
[2.944285]
[4.5416064]
[3.1774583]
[2.1135964]
[3.9989533][4.3]
[30.92]
[39.25]
[29.7]
[19.45]
[13.74]
[11.15]
[9.61]
[8.47]
[7.25]
[6.36]
[5.68]
[5.17]
[4.9]
[4.63]
[4.43]
[4.25]
[3.5]
[3.25]
[3.48]
[3.45]
[3.34]
[3.16]
[3.03]
[3.19]
[3.24]
[3.07]
[2.9]
[3.01]
[3.39]
[4.09]
[3.93]
[3.38]
[3.37]
[3.68]
[3.86]
[4.88]
[11.97]
[10.98]
[9.57]
[8.25]
[9.26]
[7.3]
[7.03]
[5.94]
[5.1]
[4.59]
[4.19]
[3.92]
[3.62]
[3.37]
[3.17]
[2.96]
[2.64]
[2.49]
[2.4]
[2.35]
[2.23]
[2.07]
[2.05]
[2.27]
[2.12]
[2.14]
[2.13]
[2.16]
[2.18]
[1.91]
[1.59]
[1.35]
[1.24]
[1.21]
[1.]
[0.83]
[0.7]
[0.64]
[0.65]
[0.76]
[0.78]
[0.85]
[0.9]
[0.64]
[0.59]
[0.65]
[0.65]
[0.65]
[0.67]
[0.16]
[0.]
[0.]
[0.]
[0.]
[0.]
[0.]
[0.]
[0.]
[0.]
[0.]
[0.]
[0.]
[0.]
[0.]
[0.]
[0.]
[0.]
[0.]
[0.]
[0.]
[0.]
[0.]
[0.]
[0.34]
[0.66]
[0.71]
[0.71]
[0.77]
[0.78]
[0.81]
[0.78]
[0.67]
[0.75]
[0.8]
[0.82]
[0.81]
[0.81]
[0.81]
[0.8]
[0.8]
[0.81]
[0.82]
[0.82]
[0.83]
[0.83]
[0.83]
[0.83]
[0.83]
[0.82]
[0.76]
[0.76]
[0.77]
[0.78]
[0.85]
[0.83]
[0.81]
[0.77]
[0.8]
[0.81]
[0.87]
[0.85]
[0.8]
[0.84]
[0.86]
[0.86]
[0.86]
[0.86]
[0.86]
[0.87]
[0.87]
[0.94]
[0.92]
[0.89]
[0.87]
[0.84]
[0.81]
[0.84]
[0.86]
[0.88]
[0.85]
[0.85]
[0.86]
[0.86]
[0.87]
[0.91]
[0.92]
[0.92]
[0.87]
[0.87]
[0.89]
[0.96]
[0.93]
[0.87]
[0.86]
[0.86]
[0.87]
[1.26]
[1.7]
[1.51]
[1.47]
[1.34]
[1.36]
[1.36]
[1.36]
[1.36]
[1.36]
[1.24]
[1.29]
[1.47]
[1.67]
[2.26]
[1.83]
[3.23]
[2.92]
[2.42]
[2.19]
[2.03]
[2.01]
[1.91]
[1.87]
[1.85]
[1.98]
[1.97]
[1.87]
[1.81]
[1.81]
[1.78]
[1.72]
[1.72]
[1.72]
[1.7]
[1.63]
[1.62]
[1.62]
[1.64]
[1.62]
[1.61]
[1.62]
[1.67]
[1.97]
[2.01]
[2.65]
[2.94]
[2.52]
[2.26]
[2.12]
[2.5]
[2.89]
[2.98]
[3.54]
[3.07]
[2.56]
[2.41]
[2.57]
[2.84]
[4.66]
[3.71]
[2.99]
[2.65]
[2.45]
[2.33]
[2.28]
[2.22]
[2.19]
[2.11]
[2.09]
[2.06]
[2.27]
[2.55]
[3.]
[3.19]
[2.98]