0.6882720120429149, 0.7171405299426401, 7.7636262167021215, 26.142713881560354[8.558157]
[12.524026]
[20.444687]
[14.049206]
[24.307032]
[11.033979]
[7.91953]
[6.7926545]
[6.547943]
[6.088325]
[4.1369576]
[3.5581465]
[3.5117972]
[2.5179532]
[2.442588]
[2.431013]
[2.4317055]
[2.4232924]
[2.4343135]
[2.461811]
[3.4778793]
[3.520304]
[5.074705]
[5.4738383]
[5.497937]
[5.1812196]
[5.3461356]
[5.3784413]
[7.396522]
[6.5629115]
[6.076459]
[5.908535]
[3.1420147]
[3.5902789]
[3.6862824]
[3.4015615]
[4.6772366]
[3.70974]
[5.3665743]
[5.3730683]
[6.053989]
[5.5382485]
[6.484097]
[5.740748]
[6.2181516]
[5.4505324]
[4.957546]
[4.819458]
[4.7952127]
[4.8718724]
[4.7778187]
[4.6253796]
[4.17093]
[3.5489829]
[3.5264962]
[3.5017056]
[3.463178]
[3.4761987]
[3.3753855]
[3.5064163]
[4.284036]
[3.2135682]
[2.3159459]
[2.028607]
[1.9540334]
[1.821398]
[1.6299989]
[1.2021267]
[1.0026737]
[0.8026869]
[0.6305142]
[0.62945884]
[0.6401821]
[0.63951707]
[0.6412938]
[0.6449203]
[0.6467272]
[0.6565038]
[0.6481428]
[0.64635473]
[0.624598]
[0.6214587]
[0.6087601]
[0.6064525]
[0.604406]
[0.6426332]
[0.75177044]
[0.685142]
[0.60535437]
[0.557551]
[0.6069535]
[0.59004235]
[0.5842862]
[0.5758669]
[0.5735298]
[0.52508163]
[0.47793144]
[0.45400557]
[0.4392688]
[0.45040265]
[0.504322]
[0.50916785]
[0.45197928]
[0.38204843]
[0.39792246]
[0.390033]
[0.38784203]
[0.38998628]
[0.38875726]
[0.37925702]
[0.37967122]
[0.37983027]
[0.38017026]
[0.38009173]
[0.37999696]
[0.36752075]
[0.37205616]
[0.28548217]
[0.5099307]
[0.42986304]
[0.28714994]
[0.19922467]
[0.33445388]
[0.33028698]
[0.28300887]
[0.2681389]
[0.31264147]
[0.3658202]
[0.3677782]
[0.36709362]
[0.36567935]
[0.39009398]
[0.38718525]
[0.3878503]
[0.38778004]
[0.38094068]
[0.40654522]
[0.3859539]
[0.38572097]
[0.38537335]
[0.34333313]
[-0.43153742]
[0.8129639]
[0.3620635]
[0.14073816]
[-0.07684477]
[0.18497202]
[0.3378868]
[0.3059214]
[0.29239178]
[0.3046831]
[0.4902572]
[0.5204124]
[0.5206725]
[0.52058005]
[0.5347144]
[0.2671037]
[0.06299738]
[1.1984681]
[0.63857496]
[0.14187075]
[-0.07573138]
[0.35563967]
[0.33077076]
[0.27322036]
[0.56407166]
[0.6675651]
[0.8852312]
[0.62178904]
[0.6613815]
[0.67770416]
[0.6863329]
[0.69318455]
[-0.00118761]
[1.3943166]
[0.8835406]
[0.8940707]
[0.2189233]
[1.2205449]
[1.1675895]
[1.3056072]
[0.98563826]
[0.842112]
[0.86722285]
[0.8693164]
[1.2577641]
[1.2663502]
[1.2821555]
[1.095269]
[2.104145]
[1.632574]
[1.8595712]
[1.5900949]
[1.1987531]
[1.2918344]
[2.0708818]
[1.6565176]
[1.6738458]
[3.6994808]
[3.292187]
[3.1630166]
[1.4140228]
[2.3066924]
[2.889252]
[1.8077492]
[2.2287974]
[3.132622]
[2.8929896]
[2.5760043]
[2.559303]
[2.556963]
[2.3194067]
[2.3205686]
[2.304719]
[1.9435118]
[1.9449682]
[1.8380352]
[1.4378624]
[1.4994841]
[1.4884144]
[1.4778297]
[1.5786861]
[1.6379613]
[1.6180612]
[1.4422252]
[1.7835374]
[1.5364712]
[2.5402718]
[2.476073]
[2.5036747]
[2.4076653]
[1.9869163]
[2.9456568]
[2.3892982]
[2.9929202]
[2.63489]
[3.4818277]
[2.579575]
[1.9954679]
[2.424646]
[3.4966862]
[9.000574]
[4.6410804]
[4.3375735]
[3.6950927]
[3.5745106]
[3.4865193]
[3.4547143]
[3.0903115]
[2.8447318]
[2.0118327]
[2.0070288]
[2.0113578]
[1.9919364]
[4.0001225]
[4.6128464]
[2.6418347]
[2.9775717]
[5.010475][4.3]
[30.92]
[39.25]
[29.7]
[19.45]
[13.74]
[11.15]
[9.61]
[8.47]
[7.25]
[6.36]
[5.68]
[5.17]
[4.9]
[4.63]
[4.43]
[4.25]
[3.5]
[3.25]
[3.48]
[3.45]
[3.34]
[3.16]
[3.03]
[3.19]
[3.24]
[3.07]
[2.9]
[3.01]
[3.39]
[4.09]
[3.93]
[3.38]
[3.37]
[3.68]
[3.86]
[4.88]
[11.97]
[10.98]
[9.57]
[8.25]
[9.26]
[7.3]
[7.03]
[5.94]
[5.1]
[4.59]
[4.19]
[3.92]
[3.62]
[3.37]
[3.17]
[2.96]
[2.64]
[2.49]
[2.4]
[2.35]
[2.23]
[2.07]
[2.05]
[2.27]
[2.12]
[2.14]
[2.13]
[2.16]
[2.18]
[1.91]
[1.59]
[1.35]
[1.24]
[1.21]
[1.]
[0.83]
[0.7]
[0.64]
[0.65]
[0.76]
[0.78]
[0.85]
[0.9]
[0.64]
[0.59]
[0.65]
[0.65]
[0.65]
[0.67]
[0.16]
[0.]
[0.]
[0.]
[0.]
[0.]
[0.]
[0.]
[0.]
[0.]
[0.]
[0.]
[0.]
[0.]
[0.]
[0.]
[0.]
[0.]
[0.]
[0.]
[0.]
[0.]
[0.]
[0.]
[0.34]
[0.66]
[0.71]
[0.71]
[0.77]
[0.78]
[0.81]
[0.78]
[0.67]
[0.75]
[0.8]
[0.82]
[0.81]
[0.81]
[0.81]
[0.8]
[0.8]
[0.81]
[0.82]
[0.82]
[0.83]
[0.83]
[0.83]
[0.83]
[0.83]
[0.82]
[0.76]
[0.76]
[0.77]
[0.78]
[0.85]
[0.83]
[0.81]
[0.77]
[0.8]
[0.81]
[0.87]
[0.85]
[0.8]
[0.84]
[0.86]
[0.86]
[0.86]
[0.86]
[0.86]
[0.87]
[0.87]
[0.94]
[0.92]
[0.89]
[0.87]
[0.84]
[0.81]
[0.84]
[0.86]
[0.88]
[0.85]
[0.85]
[0.86]
[0.86]
[0.87]
[0.91]
[0.92]
[0.92]
[0.87]
[0.87]
[0.89]
[0.96]
[0.93]
[0.87]
[0.86]
[0.86]
[0.87]
[1.26]
[1.7]
[1.51]
[1.47]
[1.34]
[1.36]
[1.36]
[1.36]
[1.36]
[1.36]
[1.24]
[1.29]
[1.47]
[1.67]
[2.26]
[1.83]
[3.23]
[2.92]
[2.42]
[2.19]
[2.03]
[2.01]
[1.91]
[1.87]
[1.85]
[1.98]
[1.97]
[1.87]
[1.81]
[1.81]
[1.78]
[1.72]
[1.72]
[1.72]
[1.7]
[1.63]
[1.62]
[1.62]
[1.64]
[1.62]
[1.61]
[1.62]
[1.67]
[1.97]
[2.01]
[2.65]
[2.94]
[2.52]
[2.26]
[2.12]
[2.5]
[2.89]
[2.98]
[3.54]
[3.07]
[2.56]
[2.41]
[2.57]
[2.84]
[4.66]
[3.71]
[2.99]
[2.65]
[2.45]
[2.33]
[2.28]
[2.22]
[2.19]
[2.11]
[2.09]
[2.06]
[2.27]
[2.55]
[3.]
[3.19]
[2.98]