0.8770554546401204, 0.8801659562544142, -7.802448883952071, 16.417892369811153[9.078568]
[27.01459]
[41.89327]
[30.464975]
[10.35953]
[8.088737]
[6.500041]
[6.0058265]
[5.838492]
[5.6981616]
[4.5242033]
[4.320082]
[3.2805476]
[2.8404863]
[2.8292809]
[2.8267996]
[2.8023715]
[2.79398]
[2.8039103]
[2.7836454]
[2.6053169]
[4.452763]
[5.322607]
[5.490732]
[5.4529977]
[4.8625803]
[5.0764728]
[5.4601903]
[6.075259]
[8.248592]
[5.781138]
[4.1273003]
[5.401609]
[4.3673086]
[4.0569754]
[4.6307416]
[4.8477383]
[9.166395]
[7.440035]
[6.218212]
[7.22834]
[7.55345]
[6.7707]
[7.582506]
[7.043327]
[5.6068144]
[5.206911]
[4.7626915]
[4.629446]
[4.6325235]
[4.259141]
[4.055917]
[3.6763759]
[3.317204]
[3.299953]
[3.282017]
[3.2065837]
[3.1908903]
[3.0065894]
[2.9330828]
[2.4552577]
[3.5748353]
[3.0688004]
[2.1015599]
[1.8056221]
[1.85041]
[1.658986]
[1.5064464]
[1.435865]
[1.3122143]
[1.0989348]
[1.0826993]
[0.88816047]
[0.80042374]
[0.78857476]
[0.770929]
[0.77792144]
[0.8035273]
[0.7765827]
[0.76972675]
[0.7591695]
[0.75197756]
[0.7409882]
[0.7390106]
[0.7372219]
[0.73389566]
[1.1630876]
[0.8461991]
[0.7057157]
[0.762841]
[0.61095876]
[0.6016222]
[0.59053206]
[0.5818404]
[0.5869958]
[0.5388883]
[0.48429596]
[0.454554]
[0.44825011]
[0.41542777]
[0.84205306]
[0.6285469]
[0.483447]
[0.47285458]
[0.45735136]
[0.4382336]
[0.4361182]
[0.43412736]
[0.43363628]
[0.4107529]
[0.4069614]
[0.4072444]
[0.40675533]
[0.40684146]
[0.40658897]
[0.38201565]
[0.38070607]
[0.31115267]
[0.5934793]
[0.51390207]
[0.19612475]
[0.09442432]
[0.16396317]
[0.2402022]
[0.17755707]
[0.18244271]
[0.17941338]
[0.25003842]
[0.25201932]
[0.29213366]
[0.29871058]
[0.3537794]
[0.35660595]
[0.35482782]
[0.35462636]
[0.3460904]
[0.37161875]
[0.37752497]
[0.35838935]
[0.34510958]
[0.3429915]
[-1.0593593]
[-0.07764004]
[-0.27779484]
[0.42808592]
[-0.0682558]
[0.11465745]
[0.29167902]
[0.37288454]
[0.32607865]
[0.4173603]
[0.44681928]
[0.46151927]
[0.4617088]
[0.46023887]
[0.46111304]
[0.88959324]
[0.38035417]
[0.91574454]
[0.35972542]
[0.50382125]
[0.41587976]
[0.3743333]
[0.2716699]
[-0.4459478]
[0.24161647]
[0.7106431]
[1.2366089]
[0.21845673]
[0.33896673]
[0.45208997]
[0.88828504]
[0.9537163]
[0.9715927]
[2.74672]
[2.3652868]
[1.4857883]
[1.2339832]
[2.2255743]
[2.3499882]
[1.5869142]
[1.2285613]
[1.0289083]
[1.1682516]
[1.1617416]
[1.5486429]
[1.854886]
[1.522304]
[1.8678106]
[3.2956448]
[2.3377333]
[1.8183001]
[1.7152033]
[1.5838431]
[2.9765856]
[2.9109828]
[1.9572808]
[3.5790653]
[6.2765794]
[4.0397024]
[3.095678]
[3.2834146]
[3.3020878]
[3.2057083]
[1.842501]
[5.5748377]
[3.67523]
[2.6015122]
[2.36356]
[2.336093]
[2.349288]
[2.131983]
[2.145826]
[2.1316512]
[2.0117965]
[2.0063627]
[1.9802241]
[1.7401816]
[1.6339216]
[1.6310878]
[1.6283958]
[1.5973793]
[1.6357208]
[1.6532627]
[1.5089719]
[1.7765919]
[3.6528223]
[5.523351]
[3.3556826]
[2.7949667]
[2.5840247]
[5.6478133]
[3.8191276]
[3.643545]
[1.8842384]
[6.033876]
[3.9135623]
[3.0302634]
[3.1057827]
[3.6791706]
[4.2260737]
[7.456787]
[5.582229]
[4.426178]
[3.273937]
[2.9391878]
[2.9418917]
[2.85823]
[2.526884]
[2.5411348]
[2.4888117]
[2.4876068]
[2.4878242]
[2.368146]
[4.3357625]
[5.5630426]
[5.201374]
[3.4772282]
[5.491683][4.3]
[30.92]
[39.25]
[29.7]
[19.45]
[13.74]
[11.15]
[9.61]
[8.47]
[7.25]
[6.36]
[5.68]
[5.17]
[4.9]
[4.63]
[4.43]
[4.25]
[3.5]
[3.25]
[3.48]
[3.45]
[3.34]
[3.16]
[3.03]
[3.19]
[3.24]
[3.07]
[2.9]
[3.01]
[3.39]
[4.09]
[3.93]
[3.38]
[3.37]
[3.68]
[3.86]
[4.88]
[11.97]
[10.98]
[9.57]
[8.25]
[9.26]
[7.3]
[7.03]
[5.94]
[5.1]
[4.59]
[4.19]
[3.92]
[3.62]
[3.37]
[3.17]
[2.96]
[2.64]
[2.49]
[2.4]
[2.35]
[2.23]
[2.07]
[2.05]
[2.27]
[2.12]
[2.14]
[2.13]
[2.16]
[2.18]
[1.91]
[1.59]
[1.35]
[1.24]
[1.21]
[1.]
[0.83]
[0.7]
[0.64]
[0.65]
[0.76]
[0.78]
[0.85]
[0.9]
[0.64]
[0.59]
[0.65]
[0.65]
[0.65]
[0.67]
[0.16]
[0.]
[0.]
[0.]
[0.]
[0.]
[0.]
[0.]
[0.]
[0.]
[0.]
[0.]
[0.]
[0.]
[0.]
[0.]
[0.]
[0.]
[0.]
[0.]
[0.]
[0.]
[0.]
[0.]
[0.34]
[0.66]
[0.71]
[0.71]
[0.77]
[0.78]
[0.81]
[0.78]
[0.67]
[0.75]
[0.8]
[0.82]
[0.81]
[0.81]
[0.81]
[0.8]
[0.8]
[0.81]
[0.82]
[0.82]
[0.83]
[0.83]
[0.83]
[0.83]
[0.83]
[0.82]
[0.76]
[0.76]
[0.77]
[0.78]
[0.85]
[0.83]
[0.81]
[0.77]
[0.8]
[0.81]
[0.87]
[0.85]
[0.8]
[0.84]
[0.86]
[0.86]
[0.86]
[0.86]
[0.86]
[0.87]
[0.87]
[0.94]
[0.92]
[0.89]
[0.87]
[0.84]
[0.81]
[0.84]
[0.86]
[0.88]
[0.85]
[0.85]
[0.86]
[0.86]
[0.87]
[0.91]
[0.92]
[0.92]
[0.87]
[0.87]
[0.89]
[0.96]
[0.93]
[0.87]
[0.86]
[0.86]
[0.87]
[1.26]
[1.7]
[1.51]
[1.47]
[1.34]
[1.36]
[1.36]
[1.36]
[1.36]
[1.36]
[1.24]
[1.29]
[1.47]
[1.67]
[2.26]
[1.83]
[3.23]
[2.92]
[2.42]
[2.19]
[2.03]
[2.01]
[1.91]
[1.87]
[1.85]
[1.98]
[1.97]
[1.87]
[1.81]
[1.81]
[1.78]
[1.72]
[1.72]
[1.72]
[1.7]
[1.63]
[1.62]
[1.62]
[1.64]
[1.62]
[1.61]
[1.62]
[1.67]
[1.97]
[2.01]
[2.65]
[2.94]
[2.52]
[2.26]
[2.12]
[2.5]
[2.89]
[2.98]
[3.54]
[3.07]
[2.56]
[2.41]
[2.57]
[2.84]
[4.66]
[3.71]
[2.99]
[2.65]
[2.45]
[2.33]
[2.28]
[2.22]
[2.19]
[2.11]
[2.09]
[2.06]
[2.27]
[2.55]
[3.]
[3.19]
[2.98]