0.8083689496457979, 0.8198428038791193, -3.1046777308750446, 20.49725535598005[3.8340707]
[17.769098]
[43.466103]
[40.25861]
[12.003404]
[9.153914]
[7.921004]
[4.3926272]
[4.704456]
[4.184831]
[2.8893352]
[3.205962]
[3.4299364]
[3.1308482]
[3.1151135]
[3.0994189]
[3.1277797]
[3.0974452]
[3.1061668]
[3.1098251]
[4.285489]
[5.0592294]
[4.9457135]
[6.2410026]
[4.652087]
[5.9348073]
[4.843876]
[5.5154777]
[6.785416]
[7.775858]
[4.2393436]
[5.860531]
[2.8341138]
[3.086057]
[3.533321]
[3.2590094]
[2.732418]
[9.1477]
[8.7675085]
[5.894867]
[5.588417]
[4.121763]
[4.656269]
[5.3906975]
[4.2786736]
[5.1194386]
[5.2297854]
[4.402078]
[4.6603436]
[4.514983]
[4.492509]
[4.5413265]
[4.303395]
[4.3565326]
[4.345933]
[4.3225517]
[4.161555]
[4.1145754]
[3.8615415]
[3.6987062]
[3.1954973]
[2.9983513]
[2.666886]
[1.4101912]
[1.9872202]
[1.8210899]
[1.7731931]
[1.7242612]
[1.5448352]
[1.3932188]
[1.0640464]
[1.0267587]
[0.8735357]
[0.79715216]
[0.7870813]
[0.77907556]
[0.7886507]
[0.7769177]
[0.77324617]
[0.780287]
[0.65344334]
[0.63123924]
[0.5506752]
[0.5360024]
[0.52299964]
[0.50631744]
[0.61392343]
[0.49600273]
[0.6215899]
[0.4337221]
[0.43650025]
[0.42243448]
[0.41786167]
[0.42066103]
[0.43913525]
[0.39966047]
[0.37159786]
[0.372531]
[0.35070333]
[0.33247828]
[0.65995663]
[0.40328428]
[0.44158736]
[0.37669292]
[0.34744802]
[0.34420064]
[0.3329687]
[0.3369451]
[0.33829173]
[0.33622402]
[0.31921574]
[0.31966642]
[0.31638193]
[0.31524202]
[0.3152977]
[0.31739193]
[0.3170526]
[0.19572015]
[0.525465]
[0.12537809]
[0.09334175]
[-0.02289332]
[0.14046445]
[-0.03487546]
[0.06699164]
[0.2055736]
[0.1231248]
[0.20297307]
[0.20584135]
[0.21922582]
[0.22196157]
[0.28162044]
[0.28569227]
[0.2865061]
[0.2854696]
[0.29629594]
[0.28586456]
[0.29989323]
[0.2764273]
[0.3014652]
[0.25707826]
[-0.41838887]
[1.0804211]
[-0.82226133]
[-0.1162692]
[0.6715464]
[-0.02462171]
[0.0963638]
[0.06560256]
[0.08808499]
[0.14561385]
[0.340158]
[0.25408804]
[0.25325298]
[0.25347567]
[0.22472914]
[-0.03028407]
[1.9319791]
[1.6854212]
[-1.0216209]
[-0.0801001]
[1.1434534]
[0.59828174]
[0.5583549]
[-0.4853616]
[-0.2834678]
[0.6223719]
[-0.10196485]
[0.21096027]
[0.30458668]
[0.26313296]
[0.8022379]
[0.86984694]
[1.1091452]
[2.7709715]
[1.1017252]
[0.31715202]
[1.3622189]
[1.5411531]
[1.8766782]
[1.0596353]
[1.4998161]
[1.3073025]
[1.1137207]
[1.5683144]
[0.7570663]
[1.5487599]
[1.4324708]
[1.3542874]
[1.9257997]
[2.1427946]
[1.3189082]
[1.7772557]
[2.059748]
[2.7151036]
[2.4887896]
[1.9716699]
[3.3366241]
[6.1007295]
[3.0671268]
[2.904676]
[3.3798938]
[2.280507]
[3.4523845]
[3.3442483]
[3.5942376]
[4.5566063]
[2.2456288]
[2.7754118]
[2.787406]
[2.8025572]
[2.5204334]
[2.5389383]
[2.5281928]
[2.2651303]
[2.2620924]
[2.1224382]
[1.5241237]
[1.5840794]
[1.5647012]
[1.5462177]
[1.5837772]
[1.6478446]
[1.502284]
[1.2841334]
[0.634252]
[4.0420437]
[3.77446]
[2.2341876]
[2.1186247]
[3.4293373]
[3.9717388]
[2.7274315]
[3.3517597]
[2.3862135]
[5.510026]
[3.2460277]
[2.5682693]
[3.0594828]
[4.0485992]
[4.8780446]
[7.63967]
[4.900466]
[3.8040895]
[4.318536]
[4.219031]
[4.253493]
[4.1506357]
[3.679405]
[3.4719336]
[2.7656486]
[2.736543]
[2.7152374]
[2.5734677]
[2.9837713]
[6.0906878]
[4.5493736]
[2.4307582]
[6.8528037][4.3]
[30.92]
[39.25]
[29.7]
[19.45]
[13.74]
[11.15]
[9.61]
[8.47]
[7.25]
[6.36]
[5.68]
[5.17]
[4.9]
[4.63]
[4.43]
[4.25]
[3.5]
[3.25]
[3.48]
[3.45]
[3.34]
[3.16]
[3.03]
[3.19]
[3.24]
[3.07]
[2.9]
[3.01]
[3.39]
[4.09]
[3.93]
[3.38]
[3.37]
[3.68]
[3.86]
[4.88]
[11.97]
[10.98]
[9.57]
[8.25]
[9.26]
[7.3]
[7.03]
[5.94]
[5.1]
[4.59]
[4.19]
[3.92]
[3.62]
[3.37]
[3.17]
[2.96]
[2.64]
[2.49]
[2.4]
[2.35]
[2.23]
[2.07]
[2.05]
[2.27]
[2.12]
[2.14]
[2.13]
[2.16]
[2.18]
[1.91]
[1.59]
[1.35]
[1.24]
[1.21]
[1.]
[0.83]
[0.7]
[0.64]
[0.65]
[0.76]
[0.78]
[0.85]
[0.9]
[0.64]
[0.59]
[0.65]
[0.65]
[0.65]
[0.67]
[0.16]
[0.]
[0.]
[0.]
[0.]
[0.]
[0.]
[0.]
[0.]
[0.]
[0.]
[0.]
[0.]
[0.]
[0.]
[0.]
[0.]
[0.]
[0.]
[0.]
[0.]
[0.]
[0.]
[0.]
[0.34]
[0.66]
[0.71]
[0.71]
[0.77]
[0.78]
[0.81]
[0.78]
[0.67]
[0.75]
[0.8]
[0.82]
[0.81]
[0.81]
[0.81]
[0.8]
[0.8]
[0.81]
[0.82]
[0.82]
[0.83]
[0.83]
[0.83]
[0.83]
[0.83]
[0.82]
[0.76]
[0.76]
[0.77]
[0.78]
[0.85]
[0.83]
[0.81]
[0.77]
[0.8]
[0.81]
[0.87]
[0.85]
[0.8]
[0.84]
[0.86]
[0.86]
[0.86]
[0.86]
[0.86]
[0.87]
[0.87]
[0.94]
[0.92]
[0.89]
[0.87]
[0.84]
[0.81]
[0.84]
[0.86]
[0.88]
[0.85]
[0.85]
[0.86]
[0.86]
[0.87]
[0.91]
[0.92]
[0.92]
[0.87]
[0.87]
[0.89]
[0.96]
[0.93]
[0.87]
[0.86]
[0.86]
[0.87]
[1.26]
[1.7]
[1.51]
[1.47]
[1.34]
[1.36]
[1.36]
[1.36]
[1.36]
[1.36]
[1.24]
[1.29]
[1.47]
[1.67]
[2.26]
[1.83]
[3.23]
[2.92]
[2.42]
[2.19]
[2.03]
[2.01]
[1.91]
[1.87]
[1.85]
[1.98]
[1.97]
[1.87]
[1.81]
[1.81]
[1.78]
[1.72]
[1.72]
[1.72]
[1.7]
[1.63]
[1.62]
[1.62]
[1.64]
[1.62]
[1.61]
[1.62]
[1.67]
[1.97]
[2.01]
[2.65]
[2.94]
[2.52]
[2.26]
[2.12]
[2.5]
[2.89]
[2.98]
[3.54]
[3.07]
[2.56]
[2.41]
[2.57]
[2.84]
[4.66]
[3.71]
[2.99]
[2.65]
[2.45]
[2.33]
[2.28]
[2.22]
[2.19]
[2.11]
[2.09]
[2.06]
[2.27]
[2.55]
[3.]
[3.19]
[2.98]