0.5025457872185028, 0.7153754001613727, 16.16922570482683, 33.02473399340105[7.156004]
[13.4773655]
[48.58593]
[63.029972]
[10.05645]
[6.82341]
[5.2823806]
[4.7727537]
[4.8601704]
[4.381236]
[3.0498717]
[2.0635982]
[3.730086]
[3.2802217]
[3.2454536]
[3.2478194]
[3.2393777]
[3.236634]
[3.236329]
[3.2391403]
[3.5738716]
[4.5178165]
[4.439836]
[5.113162]
[4.7952247]
[4.5417676]
[3.43725]
[4.3610706]
[3.8381891]
[6.439687]
[4.980561]
[1.9633019]
[3.222787]
[2.5293388]
[2.7417502]
[2.5682545]
[1.4884433]
[14.46252]
[4.3040786]
[3.8744657]
[14.107254]
[4.799637]
[3.456355]
[12.485531]
[4.882673]
[4.4378543]
[3.9175153]
[3.7995985]
[3.748665]
[3.6639802]
[3.5647657]
[3.4327633]
[3.4524279]
[3.480146]
[3.472702]
[3.4743152]
[3.3408017]
[3.2742994]
[2.6292717]
[2.3745134]
[2.3962457]
[2.842811]
[2.3371103]
[1.7495785]
[1.515252]
[1.5924294]
[1.5508127]
[1.3353038]
[1.1918044]
[1.0318879]
[0.65094316]
[0.61972463]
[0.39801922]
[0.31150523]
[0.2997842]
[0.28078112]
[0.2909182]
[0.29407942]
[0.28967494]
[0.2822179]
[0.2511823]
[0.23938572]
[0.21482232]
[0.21039]
[0.20640567]
[0.32577512]
[0.36811423]
[0.35259843]
[0.17961815]
[0.17825957]
[-0.00309627]
[-0.04235104]
[-0.05142778]
[-0.06724845]
[-0.05848982]
[-0.12171949]
[-0.20378126]
[-0.25835833]
[-0.27775243]
[-0.18788636]
[-0.13908829]
[-0.17329572]
[-0.28557795]
[-0.34408897]
[-0.35087532]
[-0.36201978]
[-0.37144643]
[-0.37127677]
[-0.37185997]
[-0.3698665]
[-0.38224095]
[-0.3820077]
[-0.3875216]
[-0.3872459]
[-0.3872459]
[-0.41935378]
[-0.41719064]
[-0.24654585]
[-0.14935264]
[-0.21509537]
[-0.46870327]
[-0.23015258]
[-0.3739065]
[-0.43261898]
[-0.47912666]
[-0.54231393]
[-0.54432863]
[-0.5025396]
[-0.50181854]
[-0.46235165]
[-0.45220396]
[-0.47482157]
[-0.47020897]
[-0.4699651]
[-0.47041044]
[-0.4535506]
[-0.46281824]
[-0.4563818]
[-0.4599128]
[-0.4673566]
[-0.35907194]
[-1.6433032]
[0.21877484]
[0.04358372]
[-0.20207407]
[-0.8737209]
[-0.8350069]
[-0.62774765]
[-0.6909985]
[-0.70276856]
[-0.60754764]
[-0.25774333]
[-0.3273882]
[-0.32772753]
[-0.33039963]
[-0.36247572]
[0.1501373]
[-0.50358933]
[0.4623543]
[0.27403188]
[-0.1402759]
[-0.6533449]
[-0.42046717]
[-0.4173603]
[-2.4353335]
[-0.62051594]
[0.06092072]
[0.3784369]
[0.20338893]
[0.07854401]
[0.128702]
[0.6464154]
[0.6813227]
[-0.6851665]
[2.1398504]
[1.2937957]
[1.164838]
[0.29666144]
[1.9270798]
[1.4750429]
[1.1297636]
[0.8235417]
[0.72248477]
[0.72775877]
[0.93624276]
[1.0033362]
[1.2473875]
[1.4529501]
[1.7235862]
[2.368525]
[1.9699981]
[1.837915]
[1.5985345]
[1.7274446]
[2.1921105]
[1.9364535]
[0.93912697]
[1.6149635]
[3.277882]
[2.2783449]
[2.3545759]
[1.3036624]
[1.6844746]
[1.8348517]
[-0.9798742]
[2.9936934]
[2.3027809]
[2.6444404]
[2.4052668]
[2.3835053]
[2.3804727]
[2.1408153]
[2.1142464]
[2.113548]
[1.6129104]
[1.6091726]
[1.5167882]
[1.148894]
[1.105916]
[1.0969585]
[1.0883616]
[1.1052122]
[1.1554338]
[1.2058953]
[1.0749334]
[1.465094]
[3.4419396]
[2.6009653]
[2.578793]
[1.9522424]
[-0.85593855]
[3.7146485]
[2.461901]
[2.1482391]
[-1.6401539]
[3.0758862]
[2.5341]
[2.0637214]
[2.2188184]
[2.0851936]
[2.6516457]
[5.1589117]
[3.7733517]
[3.3431585]
[3.0762522]
[3.0228388]
[2.973899]
[2.9127264]
[2.5619795]
[2.6681635]
[2.3296998]
[2.4159937]
[2.4742079]
[2.2841277]
[2.7383478]
[4.5163255]
[3.946556]
[2.9270055]
[3.4092696][4.3]
[30.92]
[39.25]
[29.7]
[19.45]
[13.74]
[11.15]
[9.61]
[8.47]
[7.25]
[6.36]
[5.68]
[5.17]
[4.9]
[4.63]
[4.43]
[4.25]
[3.5]
[3.25]
[3.48]
[3.45]
[3.34]
[3.16]
[3.03]
[3.19]
[3.24]
[3.07]
[2.9]
[3.01]
[3.39]
[4.09]
[3.93]
[3.38]
[3.37]
[3.68]
[3.86]
[4.88]
[11.97]
[10.98]
[9.57]
[8.25]
[9.26]
[7.3]
[7.03]
[5.94]
[5.1]
[4.59]
[4.19]
[3.92]
[3.62]
[3.37]
[3.17]
[2.96]
[2.64]
[2.49]
[2.4]
[2.35]
[2.23]
[2.07]
[2.05]
[2.27]
[2.12]
[2.14]
[2.13]
[2.16]
[2.18]
[1.91]
[1.59]
[1.35]
[1.24]
[1.21]
[1.]
[0.83]
[0.7]
[0.64]
[0.65]
[0.76]
[0.78]
[0.85]
[0.9]
[0.64]
[0.59]
[0.65]
[0.65]
[0.65]
[0.67]
[0.16]
[0.]
[0.]
[0.]
[0.]
[0.]
[0.]
[0.]
[0.]
[0.]
[0.]
[0.]
[0.]
[0.]
[0.]
[0.]
[0.]
[0.]
[0.]
[0.]
[0.]
[0.]
[0.]
[0.]
[0.34]
[0.66]
[0.71]
[0.71]
[0.77]
[0.78]
[0.81]
[0.78]
[0.67]
[0.75]
[0.8]
[0.82]
[0.81]
[0.81]
[0.81]
[0.8]
[0.8]
[0.81]
[0.82]
[0.82]
[0.83]
[0.83]
[0.83]
[0.83]
[0.83]
[0.82]
[0.76]
[0.76]
[0.77]
[0.78]
[0.85]
[0.83]
[0.81]
[0.77]
[0.8]
[0.81]
[0.87]
[0.85]
[0.8]
[0.84]
[0.86]
[0.86]
[0.86]
[0.86]
[0.86]
[0.87]
[0.87]
[0.94]
[0.92]
[0.89]
[0.87]
[0.84]
[0.81]
[0.84]
[0.86]
[0.88]
[0.85]
[0.85]
[0.86]
[0.86]
[0.87]
[0.91]
[0.92]
[0.92]
[0.87]
[0.87]
[0.89]
[0.96]
[0.93]
[0.87]
[0.86]
[0.86]
[0.87]
[1.26]
[1.7]
[1.51]
[1.47]
[1.34]
[1.36]
[1.36]
[1.36]
[1.36]
[1.36]
[1.24]
[1.29]
[1.47]
[1.67]
[2.26]
[1.83]
[3.23]
[2.92]
[2.42]
[2.19]
[2.03]
[2.01]
[1.91]
[1.87]
[1.85]
[1.98]
[1.97]
[1.87]
[1.81]
[1.81]
[1.78]
[1.72]
[1.72]
[1.72]
[1.7]
[1.63]
[1.62]
[1.62]
[1.64]
[1.62]
[1.61]
[1.62]
[1.67]
[1.97]
[2.01]
[2.65]
[2.94]
[2.52]
[2.26]
[2.12]
[2.5]
[2.89]
[2.98]
[3.54]
[3.07]
[2.56]
[2.41]
[2.57]
[2.84]
[4.66]
[3.71]
[2.99]
[2.65]
[2.45]
[2.33]
[2.28]
[2.22]
[2.19]
[2.11]
[2.09]
[2.06]
[2.27]
[2.55]
[3.]
[3.19]
[2.98]