0.7798294015778903, 0.8149196591690013, -15.80228632829349, 21.97062608822353[6.317017]
[15.749782]
[27.94036]
[20.043633]
[19.110758]
[8.107755]
[6.7243195]
[6.394841]
[6.278693]
[6.0840516]
[4.4108953]
[2.8522394]
[2.9291642]
[2.9291642]
[2.9291642]
[2.9291642]
[2.9291642]
[2.9291642]
[2.9291642]
[2.9291642]
[3.4897215]
[4.2217617]
[5.622325]
[5.656585]
[5.5169005]
[5.2772512]
[5.788038]
[6.182848]
[6.120146]
[8.805909]
[6.1282477]
[5.752566]
[4.6270485]
[3.927916]
[3.8353984]
[3.9304743]
[4.2428575]
[9.66378]
[6.7429338]
[6.7334886]
[8.046861]
[6.5048428]
[7.746769]
[7.7034855]
[6.9983125]
[6.4448633]
[5.7261415]
[5.533823]
[5.383093]
[5.2190366]
[4.8302574]
[4.774016]
[4.4265976]
[3.8353174]
[3.8169968]
[3.797006]
[3.8142967]
[3.8559086]
[3.6999638]
[3.6733217]
[3.6416125]
[4.32537]
[2.814844]
[1.7265307]
[1.9337572]
[2.1704428]
[2.561144]
[2.3169715]
[2.219153]
[2.0345185]
[1.8057075]
[1.7767957]
[1.4853802]
[1.3393872]
[1.3196809]
[1.2914438]
[1.3034451]
[1.3152999]
[1.2991161]
[1.2900481]
[1.2584574]
[1.2516512]
[1.2295892]
[1.2255803]
[1.2220242]
[1.3976307]
[1.5435365]
[1.2809113]
[1.0731654]
[1.0773137]
[0.9743411]
[0.92380965]
[0.90752226]
[0.8863164]
[0.8929942]
[0.8620441]
[0.7414064]
[0.6728649]
[0.64495426]
[0.6594206]
[0.7882409]
[0.6087467]
[0.4673271]
[0.44474262]
[0.46801865]
[0.4489082]
[0.45279512]
[0.45511332]
[0.45337912]
[0.499657]
[0.5149848]
[0.5151879]
[0.52044815]
[0.51983446]
[0.51987076]
[0.48097983]
[0.47458217]
[0.43621793]
[0.7422643]
[0.45802736]
[0.34884688]
[0.3151552]
[0.50066024]
[0.44711685]
[0.37338772]
[0.44948694]
[0.45168835]
[0.46675086]
[0.46942198]
[0.43452382]
[0.433598]
[0.51786995]
[0.51895124]
[0.5186871]
[0.5156041]
[0.52329886]
[0.5052133]
[0.5152681]
[0.5140997]
[0.50915986]
[0.53484696]
[0.56615293]
[1.4036036]
[0.6316347]
[0.49988863]
[0.5585017]
[0.6204637]
[0.700149]
[0.5882412]
[0.6528374]
[0.62017566]
[0.7358166]
[0.78496045]
[0.7837692]
[0.78570366]
[0.802725]
[1.0075173]
[2.0127287]
[1.8059773]
[0.83845556]
[0.9238211]
[0.73646355]
[0.70274806]
[0.6988519]
[1.0613699]
[1.3080127]
[1.5208535]
[1.1997498]
[0.570609]
[0.9804402]
[1.1166703]
[1.3043242]
[1.390002]
[1.582642]
[3.8392684]
[2.0174742]
[1.497185]
[1.8097587]
[2.6659331]
[2.5806696]
[2.1020243]
[1.6944755]
[1.6823198]
[1.2502666]
[1.8224599]
[1.3836277]
[1.4917117]
[2.02401]
[2.6139755]
[3.7828484]
[2.6968522]
[2.2237604]
[2.2033532]
[2.5733728]
[3.6916788]
[3.3308702]
[2.2427294]
[3.5248406]
[5.5441666]
[4.0519924]
[4.0337567]
[3.3716667]
[4.440552]
[3.8173597]
[2.3270698]
[6.1271257]
[4.3514967]
[3.0503342]
[3.023043]
[3.232447]
[3.1229994]
[2.7723663]
[2.7782207]
[2.7807522]
[2.2155273]
[2.2223732]
[2.0676475]
[1.6482788]
[1.7952087]
[1.7788155]
[1.7631193]
[1.7926247]
[1.878076]
[2.115088]
[1.8371317]
[2.5715575]
[4.5738006]
[4.0567737]
[2.9261267]
[3.1213057]
[1.8525743]
[5.818321]
[3.7547042]
[3.573285]
[1.1683716]
[5.901131]
[3.9947524]
[3.98494]
[3.6101785]
[3.8948307]
[4.137328]
[7.5366287]
[5.9308586]
[5.6376367]
[3.9992795]
[4.0961423]
[4.0963206]
[4.0367107]
[3.53715]
[3.188773]
[2.148598]
[2.27961]
[2.3769872]
[2.3619034]
[3.7944617]
[6.5185575]
[4.9328766]
[3.0398066]
[4.321857][4.3]
[30.92]
[39.25]
[29.7]
[19.45]
[13.74]
[11.15]
[9.61]
[8.47]
[7.25]
[6.36]
[5.68]
[5.17]
[4.9]
[4.63]
[4.43]
[4.25]
[3.5]
[3.25]
[3.48]
[3.45]
[3.34]
[3.16]
[3.03]
[3.19]
[3.24]
[3.07]
[2.9]
[3.01]
[3.39]
[4.09]
[3.93]
[3.38]
[3.37]
[3.68]
[3.86]
[4.88]
[11.97]
[10.98]
[9.57]
[8.25]
[9.26]
[7.3]
[7.03]
[5.94]
[5.1]
[4.59]
[4.19]
[3.92]
[3.62]
[3.37]
[3.17]
[2.96]
[2.64]
[2.49]
[2.4]
[2.35]
[2.23]
[2.07]
[2.05]
[2.27]
[2.12]
[2.14]
[2.13]
[2.16]
[2.18]
[1.91]
[1.59]
[1.35]
[1.24]
[1.21]
[1.]
[0.83]
[0.7]
[0.64]
[0.65]
[0.76]
[0.78]
[0.85]
[0.9]
[0.64]
[0.59]
[0.65]
[0.65]
[0.65]
[0.67]
[0.16]
[0.]
[0.]
[0.]
[0.]
[0.]
[0.]
[0.]
[0.]
[0.]
[0.]
[0.]
[0.]
[0.]
[0.]
[0.]
[0.]
[0.]
[0.]
[0.]
[0.]
[0.]
[0.]
[0.]
[0.34]
[0.66]
[0.71]
[0.71]
[0.77]
[0.78]
[0.81]
[0.78]
[0.67]
[0.75]
[0.8]
[0.82]
[0.81]
[0.81]
[0.81]
[0.8]
[0.8]
[0.81]
[0.82]
[0.82]
[0.83]
[0.83]
[0.83]
[0.83]
[0.83]
[0.82]
[0.76]
[0.76]
[0.77]
[0.78]
[0.85]
[0.83]
[0.81]
[0.77]
[0.8]
[0.81]
[0.87]
[0.85]
[0.8]
[0.84]
[0.86]
[0.86]
[0.86]
[0.86]
[0.86]
[0.87]
[0.87]
[0.94]
[0.92]
[0.89]
[0.87]
[0.84]
[0.81]
[0.84]
[0.86]
[0.88]
[0.85]
[0.85]
[0.86]
[0.86]
[0.87]
[0.91]
[0.92]
[0.92]
[0.87]
[0.87]
[0.89]
[0.96]
[0.93]
[0.87]
[0.86]
[0.86]
[0.87]
[1.26]
[1.7]
[1.51]
[1.47]
[1.34]
[1.36]
[1.36]
[1.36]
[1.36]
[1.36]
[1.24]
[1.29]
[1.47]
[1.67]
[2.26]
[1.83]
[3.23]
[2.92]
[2.42]
[2.19]
[2.03]
[2.01]
[1.91]
[1.87]
[1.85]
[1.98]
[1.97]
[1.87]
[1.81]
[1.81]
[1.78]
[1.72]
[1.72]
[1.72]
[1.7]
[1.63]
[1.62]
[1.62]
[1.64]
[1.62]
[1.61]
[1.62]
[1.67]
[1.97]
[2.01]
[2.65]
[2.94]
[2.52]
[2.26]
[2.12]
[2.5]
[2.89]
[2.98]
[3.54]
[3.07]
[2.56]
[2.41]
[2.57]
[2.84]
[4.66]
[3.71]
[2.99]
[2.65]
[2.45]
[2.33]
[2.28]
[2.22]
[2.19]
[2.11]
[2.09]
[2.06]
[2.27]
[2.55]
[3.]
[3.19]
[2.98]