0.6702602114559851, 0.709500697030779, 32.333458400939215, 26.887377773130403[12.711221]
[11.812047]
[25.070192]
[41.030525]
[12.570694]
[4.956006]
[3.435402]
[2.869657]
[2.4841812]
[2.8409529]
[3.6651504]
[3.5265977]
[2.6002157]
[2.4711976]
[2.4866316]
[2.4800038]
[2.4740922]
[2.4698682]
[2.4771364]
[2.4747455]
[2.8899746]
[3.73083]
[3.8514538]
[4.0573406]
[3.6743712]
[3.6855216]
[3.5662963]
[3.947783]
[4.505031]
[6.294777]
[2.5115821]
[2.563636]
[3.262042]
[2.822651]
[3.0164394]
[2.4840806]
[2.2626462]
[5.000446]
[6.1363363]
[4.8670025]
[2.7441695]
[3.4355729]
[5.773146]
[6.630267]
[3.68595]
[1.5587472]
[2.0107534]
[1.4351649]
[1.16163]
[1.4439789]
[2.6045327]
[3.3173232]
[3.394782]
[2.9550295]
[2.9283197]
[2.8950498]
[2.8314552]
[2.8262565]
[2.6426294]
[2.555567]
[2.2931056]
[2.3330138]
[1.5315452]
[1.2322242]
[1.152642]
[1.3558495]
[1.2237761]
[1.1095421]
[1.0631955]
[0.9661219]
[0.70413744]
[0.6804194]
[0.58059514]
[0.53794986]
[0.53221524]
[0.52386487]
[0.5220314]
[0.5195117]
[0.5498846]
[0.514689]
[0.501277]
[0.50122803]
[0.48836577]
[0.48608467]
[0.48405835]
[0.5265158]
[0.3873665]
[0.6670087]
[0.29036683]
[0.32020056]
[0.33988726]
[0.29726452]
[0.296058]
[0.27272034]
[0.27524367]
[0.2582185]
[0.19306758]
[0.12272783]
[0.10163647]
[0.06441694]
[-0.0523503]
[0.09468014]
[-0.03574496]
[-0.11387277]
[-0.07042955]
[-0.07643123]
[-0.0775234]
[-0.07327133]
[-0.07538147]
[-0.03160953]
[-0.02831179]
[-0.02825877]
[-0.02779221]
[-0.02803609]
[-0.02790885]
[-0.0234235]
[-0.02368859]
[-0.06325087]
[-0.21248686]
[-0.05473613]
[-0.13536641]
[-0.1825315]
[-0.21532865]
[-0.09877315]
[-0.1564783]
[-0.2345531]
[-0.13287455]
[-0.07555112]
[-0.07659028]
[-0.08812707]
[-0.08942072]
[-0.05067492]
[-0.05059009]
[-0.05134295]
[-0.0514808]
[-0.06365381]
[-0.05310316]
[-0.05039923]
[-0.05626305]
[-0.06070599]
[-0.08148918]
[-0.2175024]
[-0.23823257]
[-0.35281578]
[-0.6924194]
[-1.0545558]
[-0.45605308]
[-0.34075943]
[-0.35927343]
[-0.39428672]
[-0.34611428]
[0.01724454]
[0.0332647]
[0.0333598]
[0.03276566]
[0.03356524]
[-0.15408188]
[0.28123474]
[-0.044546]
[0.02613042]
[-0.92620903]
[-0.6493261]
[-0.01992429]
[-0.02358255]
[0.7107213]
[0.3045237]
[0.2487017]
[0.15094551]
[0.05407571]
[0.31166562]
[0.4258048]
[0.40813446]
[0.39595714]
[0.9615895]
[1.0027659]
[0.62766516]
[0.31866735]
[0.59908694]
[0.9746625]
[1.0218879]
[0.6434639]
[0.57790244]
[0.74651533]
[0.7617372]
[0.8691706]
[0.9332976]
[1.0143229]
[0.83164126]
[0.9095659]
[1.3017273]
[1.0028428]
[0.8360434]
[0.8973445]
[1.3221318]
[1.3936192]
[1.2908198]
[1.4061439]
[2.337132]
[3.158768]
[1.5515891]
[1.0397203]
[1.3045472]
[1.5768064]
[1.70328]
[2.1288984]
[1.8606193]
[1.9129336]
[1.5823212]
[1.5204374]
[1.9405262]
[1.9248118]
[1.7754949]
[1.76844]
[1.788592]
[1.4340525]
[1.433353]
[1.3468933]
[1.0580673]
[0.963749]
[0.9553761]
[0.94740576]
[0.9638014]
[0.9911237]
[0.96936464]
[0.79977924]
[0.77366567]
[1.2008307]
[2.2976837]
[1.0451806]
[0.7670119]
[1.4790521]
[2.0853214]
[1.8332146]
[1.5005369]
[2.105594]
[2.381928]
[1.796156]
[1.2803115]
[1.5419918]
[2.098452]
[4.992512]
[4.0007687]
[2.6925771]
[1.7085937]
[2.2270758]
[2.5527008]
[2.6181529]
[2.6234944]
[2.412874]
[2.4269762]
[1.8702993]
[1.8008505]
[1.7741345]
[1.6368842]
[1.9683899]
[3.6376235]
[2.3897614]
[1.607721]
[4.2999353][4.3]
[30.92]
[39.25]
[29.7]
[19.45]
[13.74]
[11.15]
[9.61]
[8.47]
[7.25]
[6.36]
[5.68]
[5.17]
[4.9]
[4.63]
[4.43]
[4.25]
[3.5]
[3.25]
[3.48]
[3.45]
[3.34]
[3.16]
[3.03]
[3.19]
[3.24]
[3.07]
[2.9]
[3.01]
[3.39]
[4.09]
[3.93]
[3.38]
[3.37]
[3.68]
[3.86]
[4.88]
[11.97]
[10.98]
[9.57]
[8.25]
[9.26]
[7.3]
[7.03]
[5.94]
[5.1]
[4.59]
[4.19]
[3.92]
[3.62]
[3.37]
[3.17]
[2.96]
[2.64]
[2.49]
[2.4]
[2.35]
[2.23]
[2.07]
[2.05]
[2.27]
[2.12]
[2.14]
[2.13]
[2.16]
[2.18]
[1.91]
[1.59]
[1.35]
[1.24]
[1.21]
[1.]
[0.83]
[0.7]
[0.64]
[0.65]
[0.76]
[0.78]
[0.85]
[0.9]
[0.64]
[0.59]
[0.65]
[0.65]
[0.65]
[0.67]
[0.16]
[0.]
[0.]
[0.]
[0.]
[0.]
[0.]
[0.]
[0.]
[0.]
[0.]
[0.]
[0.]
[0.]
[0.]
[0.]
[0.]
[0.]
[0.]
[0.]
[0.]
[0.]
[0.]
[0.]
[0.34]
[0.66]
[0.71]
[0.71]
[0.77]
[0.78]
[0.81]
[0.78]
[0.67]
[0.75]
[0.8]
[0.82]
[0.81]
[0.81]
[0.81]
[0.8]
[0.8]
[0.81]
[0.82]
[0.82]
[0.83]
[0.83]
[0.83]
[0.83]
[0.83]
[0.82]
[0.76]
[0.76]
[0.77]
[0.78]
[0.85]
[0.83]
[0.81]
[0.77]
[0.8]
[0.81]
[0.87]
[0.85]
[0.8]
[0.84]
[0.86]
[0.86]
[0.86]
[0.86]
[0.86]
[0.87]
[0.87]
[0.94]
[0.92]
[0.89]
[0.87]
[0.84]
[0.81]
[0.84]
[0.86]
[0.88]
[0.85]
[0.85]
[0.86]
[0.86]
[0.87]
[0.91]
[0.92]
[0.92]
[0.87]
[0.87]
[0.89]
[0.96]
[0.93]
[0.87]
[0.86]
[0.86]
[0.87]
[1.26]
[1.7]
[1.51]
[1.47]
[1.34]
[1.36]
[1.36]
[1.36]
[1.36]
[1.36]
[1.24]
[1.29]
[1.47]
[1.67]
[2.26]
[1.83]
[3.23]
[2.92]
[2.42]
[2.19]
[2.03]
[2.01]
[1.91]
[1.87]
[1.85]
[1.98]
[1.97]
[1.87]
[1.81]
[1.81]
[1.78]
[1.72]
[1.72]
[1.72]
[1.7]
[1.63]
[1.62]
[1.62]
[1.64]
[1.62]
[1.61]
[1.62]
[1.67]
[1.97]
[2.01]
[2.65]
[2.94]
[2.52]
[2.26]
[2.12]
[2.5]
[2.89]
[2.98]
[3.54]
[3.07]
[2.56]
[2.41]
[2.57]
[2.84]
[4.66]
[3.71]
[2.99]
[2.65]
[2.45]
[2.33]
[2.28]
[2.22]
[2.19]
[2.11]
[2.09]
[2.06]
[2.27]
[2.55]
[3.]
[3.19]
[2.98]