0.7372744432395077, 0.743214895224302, -11.402952496766442, 24.000148678303287[18.658175]
[19.821835]
[22.90077]
[34.438656]
[12.602945]
[9.555144]
[9.230286]
[7.494673]
[7.1401734]
[6.5353775]
[4.5535126]
[3.676327]
[4.2791796]
[4.2496514]
[4.252445]
[4.250441]
[4.231307]
[4.2284174]
[4.2380004]
[4.186647]
[3.0767162]
[4.296065]
[4.9461226]
[5.799825]
[5.453849]
[5.5724587]
[4.6766424]
[5.41154]
[4.2101126]
[5.6833386]
[4.8032207]
[4.206481]
[2.8604093]
[3.467167]
[4.319988]
[2.7817247]
[2.2961483]
[4.070921]
[5.952314]
[6.436636]
[3.5030682]
[5.292571]
[3.931218]
[6.8059435]
[5.807083]
[5.9882045]
[4.717374]
[4.4365993]
[4.721174]
[4.5289993]
[4.4326677]
[4.532776]
[4.3285346]
[3.892093]
[3.8804727]
[3.8705702]
[3.8140817]
[3.8108318]
[3.5175953]
[3.481979]
[3.0440714]
[2.6773183]
[2.66863]
[2.2364948]
[2.1061122]
[2.1965032]
[2.2837117]
[1.9724662]
[1.7235398]
[1.5654551]
[1.257042]
[1.1831876]
[1.0403217]
[0.961274]
[0.95060146]
[0.9288958]
[0.9078766]
[0.9383516]
[0.9539761]
[0.9552379]
[0.89659166]
[0.9066201]
[0.89053965]
[0.8874036]
[0.8848879]
[0.6602333]
[0.84145]
[1.0621573]
[1.1347977]
[0.65834326]
[0.71858]
[0.6893457]
[0.68843114]
[0.6822784]
[0.6959597]
[0.63427293]
[0.6549421]
[0.669615]
[0.6482061]
[0.6218852]
[0.7979458]
[0.9060289]
[0.9708651]
[0.8223607]
[0.81163245]
[0.822207]
[0.798012]
[0.8003369]
[0.7993348]
[0.7511306]
[0.74459076]
[0.7449566]
[0.74186033]
[0.74187624]
[0.74209094]
[0.69154334]
[0.69548255]
[0.69556737]
[1.1046807]
[0.7755853]
[0.5253627]
[0.29919973]
[0.5562591]
[0.47379702]
[0.43455023]
[0.43077]
[0.49727622]
[0.6423423]
[0.64445776]
[0.7241363]
[0.74459606]
[0.69858146]
[0.69781005]
[0.69564426]
[0.6976086]
[0.6825063]
[0.7045884]
[0.720714]
[0.703202]
[0.6948543]
[0.7513798]
[-0.338416]
[0.98669636]
[-0.00690299]
[-0.25554836]
[-0.43387023]
[-0.16912848]
[0.13800013]
[-0.01733699]
[0.07686204]
[0.13592446]
[0.78631353]
[0.77368724]
[0.77367395]
[0.7746628]
[0.76175016]
[1.0895731]
[1.0869566]
[1.3680254]
[0.789378]
[0.29581448]
[-0.01259716]
[0.44607905]
[0.5288274]
[-1.1684498]
[0.41499838]
[0.25934848]
[1.3012753]
[0.68286425]
[0.8725187]
[0.9043615]
[1.8102884]
[1.8453733]
[1.0545386]
[3.134538]
[2.2502875]
[2.3919234]
[0.3620132]
[2.2264493]
[2.511705]
[2.2620099]
[2.1748822]
[1.9371295]
[1.4889946]
[1.0405179]
[1.1770732]
[1.8518416]
[1.8949428]
[1.7571614]
[2.917376]
[2.298476]
[2.8773088]
[2.6479568]
[1.3666629]
[2.0700107]
[3.0474288]
[1.4250281]
[3.0535536]
[5.2498913]
[3.8583415]
[4.8448296]
[3.7734804]
[2.5798707]
[3.6552494]
[1.6301559]
[3.5872746]
[3.6370828]
[3.898259]
[3.2646687]
[2.893498]
[2.9130697]
[2.6336074]
[2.6223729]
[2.6179485]
[2.4380467]
[2.4405808]
[2.3260043]
[1.8302763]
[2.018449]
[2.0064948]
[1.9951037]
[1.9641476]
[1.9977069]
[2.0969453]
[1.9393562]
[2.373579]
[3.5511386]
[4.145225]
[3.2447338]
[2.8038414]
[-0.1009363]
[5.9961176]
[2.6550825]
[3.7726612]
[1.5255164]
[5.435564]
[2.7992156]
[3.652596]
[3.8749812]
[3.903969]
[5.1464324]
[7.925216]
[5.699016]
[5.387417]
[5.421351]
[4.3917537]
[4.3814073]
[4.2721972]
[3.881362]
[3.4888542]
[2.2281497]
[2.2050948]
[2.2080398]
[2.1289232]
[4.5090065]
[6.158106]
[4.6479063]
[4.379016]
[4.988757][4.3]
[30.92]
[39.25]
[29.7]
[19.45]
[13.74]
[11.15]
[9.61]
[8.47]
[7.25]
[6.36]
[5.68]
[5.17]
[4.9]
[4.63]
[4.43]
[4.25]
[3.5]
[3.25]
[3.48]
[3.45]
[3.34]
[3.16]
[3.03]
[3.19]
[3.24]
[3.07]
[2.9]
[3.01]
[3.39]
[4.09]
[3.93]
[3.38]
[3.37]
[3.68]
[3.86]
[4.88]
[11.97]
[10.98]
[9.57]
[8.25]
[9.26]
[7.3]
[7.03]
[5.94]
[5.1]
[4.59]
[4.19]
[3.92]
[3.62]
[3.37]
[3.17]
[2.96]
[2.64]
[2.49]
[2.4]
[2.35]
[2.23]
[2.07]
[2.05]
[2.27]
[2.12]
[2.14]
[2.13]
[2.16]
[2.18]
[1.91]
[1.59]
[1.35]
[1.24]
[1.21]
[1.]
[0.83]
[0.7]
[0.64]
[0.65]
[0.76]
[0.78]
[0.85]
[0.9]
[0.64]
[0.59]
[0.65]
[0.65]
[0.65]
[0.67]
[0.16]
[0.]
[0.]
[0.]
[0.]
[0.]
[0.]
[0.]
[0.]
[0.]
[0.]
[0.]
[0.]
[0.]
[0.]
[0.]
[0.]
[0.]
[0.]
[0.]
[0.]
[0.]
[0.]
[0.]
[0.34]
[0.66]
[0.71]
[0.71]
[0.77]
[0.78]
[0.81]
[0.78]
[0.67]
[0.75]
[0.8]
[0.82]
[0.81]
[0.81]
[0.81]
[0.8]
[0.8]
[0.81]
[0.82]
[0.82]
[0.83]
[0.83]
[0.83]
[0.83]
[0.83]
[0.82]
[0.76]
[0.76]
[0.77]
[0.78]
[0.85]
[0.83]
[0.81]
[0.77]
[0.8]
[0.81]
[0.87]
[0.85]
[0.8]
[0.84]
[0.86]
[0.86]
[0.86]
[0.86]
[0.86]
[0.87]
[0.87]
[0.94]
[0.92]
[0.89]
[0.87]
[0.84]
[0.81]
[0.84]
[0.86]
[0.88]
[0.85]
[0.85]
[0.86]
[0.86]
[0.87]
[0.91]
[0.92]
[0.92]
[0.87]
[0.87]
[0.89]
[0.96]
[0.93]
[0.87]
[0.86]
[0.86]
[0.87]
[1.26]
[1.7]
[1.51]
[1.47]
[1.34]
[1.36]
[1.36]
[1.36]
[1.36]
[1.36]
[1.24]
[1.29]
[1.47]
[1.67]
[2.26]
[1.83]
[3.23]
[2.92]
[2.42]
[2.19]
[2.03]
[2.01]
[1.91]
[1.87]
[1.85]
[1.98]
[1.97]
[1.87]
[1.81]
[1.81]
[1.78]
[1.72]
[1.72]
[1.72]
[1.7]
[1.63]
[1.62]
[1.62]
[1.64]
[1.62]
[1.61]
[1.62]
[1.67]
[1.97]
[2.01]
[2.65]
[2.94]
[2.52]
[2.26]
[2.12]
[2.5]
[2.89]
[2.98]
[3.54]
[3.07]
[2.56]
[2.41]
[2.57]
[2.84]
[4.66]
[3.71]
[2.99]
[2.65]
[2.45]
[2.33]
[2.28]
[2.22]
[2.19]
[2.11]
[2.09]
[2.06]
[2.27]
[2.55]
[3.]
[3.19]
[2.98]