0.7203420943335849, 0.7215206633305193, -3.6433784016188033, 24.76146420962788[2.7030678]
[26.619942]
[31.514051]
[28.632181]
[-3.9096565]
[7.8851037]
[5.7100053]
[2.9489143]
[3.3618345]
[3.0314136]
[2.520163]
[2.8391824]
[3.2269]
[3.8428776]
[3.912618]
[3.9104125]
[3.9033291]
[3.9078145]
[3.9019878]
[3.845237]
[2.200884]
[4.303745]
[4.338016]
[5.3843274]
[5.4939904]
[5.246612]
[4.850862]
[5.4095855]
[4.368358]
[10.169245]
[4.4185085]
[5.2818003]
[3.076715]
[3.950171]
[2.8819683]
[4.471882]
[3.501869]
[6.7155747]
[6.26397]
[5.8606915]
[7.260794]
[4.983986]
[6.5756116]
[4.301354]
[4.942202]
[4.258181]
[3.9797127]
[3.6176558]
[3.3671813]
[3.2592466]
[3.585389]
[4.001111]
[4.552512]
[4.610127]
[4.594614]
[4.564643]
[4.5452275]
[4.5294967]
[3.7908401]
[3.6927297]
[3.071477]
[3.6966796]
[3.0806012]
[2.576275]
[2.2266297]
[2.3878584]
[2.3819575]
[2.0025902]
[1.8618848]
[1.7383733]
[1.5917246]
[1.5610323]
[1.3224815]
[1.2220542]
[1.2084922]
[1.1906568]
[1.2034501]
[1.1929948]
[1.2101781]
[1.1975863]
[1.1694919]
[1.1560888]
[1.137718]
[1.1343778]
[1.1313822]
[1.3107486]
[1.0669438]
[1.3065654]
[1.1567993]
[1.0981663]
[0.83078426]
[0.80523473]
[0.80849534]
[0.79315186]
[0.7975258]
[0.8078432]
[0.7791868]
[0.7294132]
[0.7195412]
[0.69053483]
[0.8270146]
[0.8184999]
[0.66054237]
[0.68187696]
[0.7325042]
[0.70227844]
[0.7019815]
[0.7029464]
[0.6994472]
[0.7421058]
[0.7344287]
[0.73417425]
[0.7323557]
[0.73336834]
[0.73357517]
[0.6837167]
[0.692417]
[0.63813156]
[0.84437287]
[0.733098]
[0.40470243]
[0.48442608]
[0.5814496]
[0.5760842]
[0.44139642]
[0.44757304]
[0.5576391]
[0.6145702]
[0.6180323]
[0.63471717]
[0.63477546]
[0.68483007]
[0.68364775]
[0.6814157]
[0.6838492]
[0.63061357]
[0.6956246]
[0.6940076]
[0.6744544]
[0.6681717]
[0.6018246]
[0.4248441]
[-0.3896105]
[0.5376777]
[-0.20947543]
[-0.11260033]
[0.3753992]
[0.55315906]
[0.5607142]
[0.5521994]
[0.55834424]
[0.8889931]
[0.904151]
[0.9053863]
[0.9023484]
[0.92720866]
[0.6483853]
[0.6604257]
[0.5830508]
[0.5552957]
[0.23808701]
[-0.35796916]
[0.625423]
[0.56222516]
[-0.26098803]
[-0.38875163]
[0.9757947]
[1.0401484]
[1.3151385]
[0.93171525]
[1.1959904]
[1.4494076]
[1.4890705]
[0.8925506]
[1.8245547]
[1.866052]
[1.111055]
[0.48831233]
[1.3844864]
[1.5953193]
[1.3283825]
[1.5140846]
[1.4328022]
[1.6045498]
[0.3502685]
[1.7301661]
[1.8957583]
[1.9126393]
[1.9734937]
[3.1919239]
[2.531586]
[2.5105112]
[2.2256277]
[1.4494977]
[2.2468774]
[2.804063]
[1.6654679]
[2.07724]
[6.0373273]
[2.879943]
[3.1870356]
[1.3971314]
[2.3675365]
[2.554898]
[1.6697624]
[3.708333]
[2.779436]
[2.8763163]
[2.801497]
[2.9480715]
[2.962593]
[2.897439]
[2.899565]
[2.869212]
[2.5614724]
[2.5608997]
[2.4881003]
[2.0810626]
[2.188902]
[2.175308]
[2.1610568]
[2.0619178]
[2.026581]
[2.2620142]
[2.1460738]
[2.1222737]
[1.6887535]
[4.904416]
[1.9563636]
[3.3229003]
[2.4530127]
[3.5659735]
[2.4911118]
[1.6209483]
[3.616145]
[6.516441]
[2.8583062]
[2.1458352]
[2.2177386]
[3.1464765]
[2.959481]
[10.307927]
[4.7203207]
[3.7943182]
[4.024969]
[4.4265513]
[4.2786937]
[4.141493]
[3.7580166]
[3.7949915]
[3.584233]
[3.5372005]
[3.4720728]
[3.3170524]
[2.1751277]
[5.682576]
[5.110403]
[2.5505347]
[4.084286][4.3]
[30.92]
[39.25]
[29.7]
[19.45]
[13.74]
[11.15]
[9.61]
[8.47]
[7.25]
[6.36]
[5.68]
[5.17]
[4.9]
[4.63]
[4.43]
[4.25]
[3.5]
[3.25]
[3.48]
[3.45]
[3.34]
[3.16]
[3.03]
[3.19]
[3.24]
[3.07]
[2.9]
[3.01]
[3.39]
[4.09]
[3.93]
[3.38]
[3.37]
[3.68]
[3.86]
[4.88]
[11.97]
[10.98]
[9.57]
[8.25]
[9.26]
[7.3]
[7.03]
[5.94]
[5.1]
[4.59]
[4.19]
[3.92]
[3.62]
[3.37]
[3.17]
[2.96]
[2.64]
[2.49]
[2.4]
[2.35]
[2.23]
[2.07]
[2.05]
[2.27]
[2.12]
[2.14]
[2.13]
[2.16]
[2.18]
[1.91]
[1.59]
[1.35]
[1.24]
[1.21]
[1.]
[0.83]
[0.7]
[0.64]
[0.65]
[0.76]
[0.78]
[0.85]
[0.9]
[0.64]
[0.59]
[0.65]
[0.65]
[0.65]
[0.67]
[0.16]
[0.]
[0.]
[0.]
[0.]
[0.]
[0.]
[0.]
[0.]
[0.]
[0.]
[0.]
[0.]
[0.]
[0.]
[0.]
[0.]
[0.]
[0.]
[0.]
[0.]
[0.]
[0.]
[0.]
[0.34]
[0.66]
[0.71]
[0.71]
[0.77]
[0.78]
[0.81]
[0.78]
[0.67]
[0.75]
[0.8]
[0.82]
[0.81]
[0.81]
[0.81]
[0.8]
[0.8]
[0.81]
[0.82]
[0.82]
[0.83]
[0.83]
[0.83]
[0.83]
[0.83]
[0.82]
[0.76]
[0.76]
[0.77]
[0.78]
[0.85]
[0.83]
[0.81]
[0.77]
[0.8]
[0.81]
[0.87]
[0.85]
[0.8]
[0.84]
[0.86]
[0.86]
[0.86]
[0.86]
[0.86]
[0.87]
[0.87]
[0.94]
[0.92]
[0.89]
[0.87]
[0.84]
[0.81]
[0.84]
[0.86]
[0.88]
[0.85]
[0.85]
[0.86]
[0.86]
[0.87]
[0.91]
[0.92]
[0.92]
[0.87]
[0.87]
[0.89]
[0.96]
[0.93]
[0.87]
[0.86]
[0.86]
[0.87]
[1.26]
[1.7]
[1.51]
[1.47]
[1.34]
[1.36]
[1.36]
[1.36]
[1.36]
[1.36]
[1.24]
[1.29]
[1.47]
[1.67]
[2.26]
[1.83]
[3.23]
[2.92]
[2.42]
[2.19]
[2.03]
[2.01]
[1.91]
[1.87]
[1.85]
[1.98]
[1.97]
[1.87]
[1.81]
[1.81]
[1.78]
[1.72]
[1.72]
[1.72]
[1.7]
[1.63]
[1.62]
[1.62]
[1.64]
[1.62]
[1.61]
[1.62]
[1.67]
[1.97]
[2.01]
[2.65]
[2.94]
[2.52]
[2.26]
[2.12]
[2.5]
[2.89]
[2.98]
[3.54]
[3.07]
[2.56]
[2.41]
[2.57]
[2.84]
[4.66]
[3.71]
[2.99]
[2.65]
[2.45]
[2.33]
[2.28]
[2.22]
[2.19]
[2.11]
[2.09]
[2.06]
[2.27]
[2.55]
[3.]
[3.19]
[2.98]