0.7791982292522515, 0.8520377916470361, 33.161210715578314, 22.002095610096504[9.536823]
[30.568882]
[49.88025]
[32.218353]
[20.95686]
[6.469017]
[3.6951938]
[3.5908828]
[4.0266933]
[3.7263103]
[1.5872141]
[0.8506092]
[2.0321784]
[2.1462235]
[2.1178772]
[2.1336105]
[2.1229405]
[2.1187282]
[2.11674]
[2.1311238]
[2.0589395]
[2.5322394]
[4.0656967]
[3.1211166]
[3.5730555]
[3.1807914]
[3.6366642]
[3.4653513]
[4.3823485]
[5.3590364]
[4.2499723]
[2.6186619]
[2.638284]
[1.622299]
[1.4913676]
[1.1804919]
[1.2351074]
[3.628339]
[3.1457965]
[2.9406078]
[4.6082225]
[3.9822378]
[3.0044312]
[4.3763046]
[4.2860713]
[3.4283154]
[2.7280705]
[2.603268]
[2.3263135]
[2.3531115]
[2.26644]
[2.4534621]
[2.499063]
[2.3665783]
[2.334033]
[2.2815342]
[2.2845457]
[2.305146]
[1.9866781]
[2.0120819]
[1.9861002]
[1.6879383]
[2.3213034]
[1.0739145]
[1.3611519]
[1.2329721]
[1.4238089]
[1.0210923]
[0.8307645]
[0.6521537]
[0.23435329]
[0.20387305]
[-0.05178831]
[-0.14206792]
[-0.15149458]
[-0.17035851]
[-0.18410085]
[-0.16416596]
[-0.15020093]
[-0.1703267]
[-0.194344]
[-0.1987021]
[-0.21802199]
[-0.22149998]
[-0.22459626]
[-0.4176254]
[-0.1070016]
[0.12428458]
[-0.15781437]
[-0.19513927]
[-0.41862214]
[-0.4407944]
[-0.44367862]
[-0.4590645]
[-0.47852224]
[-0.48593423]
[-0.53958875]
[-0.5927768]
[-0.6086292]
[-0.77034575]
[-0.47679386]
[-0.48894566]
[-0.54527235]
[-0.6252346]
[-0.6272599]
[-0.6349369]
[-0.6402918]
[-0.63735455]
[-0.63635784]
[-0.63255113]
[-0.6390405]
[-0.63914657]
[-0.6401115]
[-0.6401009]
[-0.63960254]
[-0.7029595]
[-0.7071585]
[-0.7204767]
[-0.1958179]
[-0.5316254]
[-0.73879987]
[-0.76512873]
[-0.6251497]
[-0.75817275]
[-0.7146023]
[-0.7878312]
[-0.71014875]
[-0.7473146]
[-0.73737895]
[-0.66870964]
[-0.66357744]
[-0.7236048]
[-0.7169563]
[-0.71915126]
[-0.72083724]
[-0.72490907]
[-0.73838633]
[-0.69866496]
[-0.71797425]
[-0.73000944]
[-0.73597926]
[-0.54248357]
[-0.05208521]
[-0.6706713]
[-0.24531582]
[-1.2722279]
[-0.7112197]
[-0.69166654]
[-0.62937003]
[-0.66846573]
[-0.5640726]
[-0.49125725]
[-0.481205]
[-0.48140645]
[-0.48368624]
[-0.48522377]
[-0.5660025]
[0.2707371]
[0.8728027]
[0.29635027]
[-0.8808996]
[-1.0423828]
[-0.41279012]
[-0.52936685]
[-1.2791626]
[-0.7009448]
[0.08816849]
[0.5624546]
[-0.7727846]
[-0.4505604]
[-0.44526917]
[0.6641278]
[0.72761995]
[0.52776206]
[2.1816795]
[1.1195341]
[0.56590074]
[0.6623915]
[1.0571077]
[1.1247537]
[1.1975797]
[0.6764572]
[0.6027432]
[0.43981522]
[0.07237963]
[0.10356767]
[1.2612971]
[0.7236303]
[0.84550357]
[1.7403363]
[2.035386]
[1.1464913]
[1.340032]
[0.9201295]
[1.1755506]
[1.7272832]
[0.56928337]
[2.4088352]
[5.5642433]
[3.010401]
[2.4979682]
[1.2733668]
[2.6502714]
[2.5987587]
[0.19575594]
[4.4730787]
[3.2288685]
[1.8735979]
[2.0155783]
[1.9092528]
[1.9338002]
[1.4675146]
[1.5431585]
[1.5267122]
[1.5397123]
[1.5422413]
[1.4174838]
[0.9902144]
[1.0724088]
[1.0594299]
[1.0470395]
[1.0336444]
[1.0011415]
[1.1419582]
[1.0461832]
[0.67074716]
[2.3392859]
[2.0367405]
[2.0357864]
[1.4586897]
[0.30726278]
[2.7979062]
[1.6181397]
[2.0468433]
[0.94834054]
[5.4115047]
[2.7284813]
[2.3618915]
[2.1915674]
[2.2193968]
[3.636142]
[9.109596]
[3.8312867]
[3.854376]
[3.258776]
[2.8201501]
[2.8538566]
[2.8486528]
[2.516135]
[2.1609228]
[1.7789072]
[1.7906215]
[1.788363]
[1.6909524]
[1.3743031]
[4.18817]
[4.1450253]
[2.2512794]
[3.6345553][4.3]
[30.92]
[39.25]
[29.7]
[19.45]
[13.74]
[11.15]
[9.61]
[8.47]
[7.25]
[6.36]
[5.68]
[5.17]
[4.9]
[4.63]
[4.43]
[4.25]
[3.5]
[3.25]
[3.48]
[3.45]
[3.34]
[3.16]
[3.03]
[3.19]
[3.24]
[3.07]
[2.9]
[3.01]
[3.39]
[4.09]
[3.93]
[3.38]
[3.37]
[3.68]
[3.86]
[4.88]
[11.97]
[10.98]
[9.57]
[8.25]
[9.26]
[7.3]
[7.03]
[5.94]
[5.1]
[4.59]
[4.19]
[3.92]
[3.62]
[3.37]
[3.17]
[2.96]
[2.64]
[2.49]
[2.4]
[2.35]
[2.23]
[2.07]
[2.05]
[2.27]
[2.12]
[2.14]
[2.13]
[2.16]
[2.18]
[1.91]
[1.59]
[1.35]
[1.24]
[1.21]
[1.]
[0.83]
[0.7]
[0.64]
[0.65]
[0.76]
[0.78]
[0.85]
[0.9]
[0.64]
[0.59]
[0.65]
[0.65]
[0.65]
[0.67]
[0.16]
[0.]
[0.]
[0.]
[0.]
[0.]
[0.]
[0.]
[0.]
[0.]
[0.]
[0.]
[0.]
[0.]
[0.]
[0.]
[0.]
[0.]
[0.]
[0.]
[0.]
[0.]
[0.]
[0.]
[0.34]
[0.66]
[0.71]
[0.71]
[0.77]
[0.78]
[0.81]
[0.78]
[0.67]
[0.75]
[0.8]
[0.82]
[0.81]
[0.81]
[0.81]
[0.8]
[0.8]
[0.81]
[0.82]
[0.82]
[0.83]
[0.83]
[0.83]
[0.83]
[0.83]
[0.82]
[0.76]
[0.76]
[0.77]
[0.78]
[0.85]
[0.83]
[0.81]
[0.77]
[0.8]
[0.81]
[0.87]
[0.85]
[0.8]
[0.84]
[0.86]
[0.86]
[0.86]
[0.86]
[0.86]
[0.87]
[0.87]
[0.94]
[0.92]
[0.89]
[0.87]
[0.84]
[0.81]
[0.84]
[0.86]
[0.88]
[0.85]
[0.85]
[0.86]
[0.86]
[0.87]
[0.91]
[0.92]
[0.92]
[0.87]
[0.87]
[0.89]
[0.96]
[0.93]
[0.87]
[0.86]
[0.86]
[0.87]
[1.26]
[1.7]
[1.51]
[1.47]
[1.34]
[1.36]
[1.36]
[1.36]
[1.36]
[1.36]
[1.24]
[1.29]
[1.47]
[1.67]
[2.26]
[1.83]
[3.23]
[2.92]
[2.42]
[2.19]
[2.03]
[2.01]
[1.91]
[1.87]
[1.85]
[1.98]
[1.97]
[1.87]
[1.81]
[1.81]
[1.78]
[1.72]
[1.72]
[1.72]
[1.7]
[1.63]
[1.62]
[1.62]
[1.64]
[1.62]
[1.61]
[1.62]
[1.67]
[1.97]
[2.01]
[2.65]
[2.94]
[2.52]
[2.26]
[2.12]
[2.5]
[2.89]
[2.98]
[3.54]
[3.07]
[2.56]
[2.41]
[2.57]
[2.84]
[4.66]
[3.71]
[2.99]
[2.65]
[2.45]
[2.33]
[2.28]
[2.22]
[2.19]
[2.11]
[2.09]
[2.06]
[2.27]
[2.55]
[3.]
[3.19]
[2.98]