0.5021917983874615, 0.7342517490903416, 6.8077912618797605, 33.03648211785032[14.696631]
[27.05079]
[40.98409]
[68.0459]
[9.732541]
[9.359644]
[6.641218]
[5.170014]
[5.6671433]
[5.41424]
[4.4584575]
[3.8151965]
[3.8016279]
[4.0044203]
[4.0413146]
[4.033873]
[4.0148435]
[4.0360045]
[4.0249224]
[4.0139356]
[4.15732]
[5.2499204]
[5.208963]
[5.1066613]
[5.3830075]
[4.6708865]
[4.7455587]
[5.459463]
[4.6646614]
[8.212665]
[7.2560797]
[3.1817799]
[3.8141427]
[3.0775802]
[2.8964033]
[2.3241262]
[1.6923783]
[4.357179]
[6.3147855]
[4.8476396]
[4.420592]
[6.368157]
[4.5333285]
[6.896375]
[6.421307]
[5.042847]
[4.6382904]
[4.6990685]
[4.598036]
[4.701355]
[4.5087347]
[4.129313]
[3.380653]
[3.1035645]
[3.0650442]
[3.009379]
[2.8907423]
[2.8509548]
[2.485706]
[2.349543]
[1.6995782]
[2.7710495]
[2.4801817]
[1.667074]
[1.8039898]
[1.633251]
[1.4792697]
[1.2996012]
[1.0581902]
[0.7877066]
[0.27282438]
[0.21502645]
[0.11437114]
[0.08979847]
[0.08424348]
[0.08602622]
[0.10697509]
[0.08284114]
[0.10361107]
[0.07400697]
[0.04454203]
[0.0349086]
[0.01263957]
[0.00865259]
[0.0050659]
[0.02096212]
[-0.05902001]
[0.1943493]
[-0.14009564]
[-0.16029562]
[-0.2299193]
[-0.2970087]
[-0.30045488]
[-0.3056613]
[-0.24175298]
[-0.20523396]
[-0.20642157]
[-0.23637693]
[-0.24069262]
[-0.37262344]
[-0.04229803]
[-0.1003743]
[-0.35821307]
[-0.42948028]
[-0.4159182]
[-0.42651126]
[-0.4271369]
[-0.4305831]
[-0.43198276]
[-0.31855536]
[-0.31105855]
[-0.31052837]
[-0.30731547]
[-0.30823797]
[-0.30842885]
[-0.3106026]
[-0.31773886]
[-0.46536312]
[-0.08963279]
[-0.33018756]
[-0.6400691]
[-0.4896349]
[-0.42783672]
[-0.6835654]
[-0.7475585]
[-0.7019097]
[-0.76245666]
[-0.6300274]
[-0.6295503]
[-0.5585799]
[-0.5402568]
[-0.39211297]
[-0.38826385]
[-0.3915828]
[-0.38847592]
[-0.4054948]
[-0.38808358]
[-0.38564473]
[-0.40880314]
[-0.39963096]
[-0.4043602]
[-1.105061]
[0.13869065]
[-0.10690616]
[-0.6290095]
[-0.75529915]
[-0.9781564]
[-0.94594246]
[-0.8922031]
[-0.95741564]
[-0.8635096]
[-0.32603094]
[-0.35263553]
[-0.3522538]
[-0.35529706]
[-0.31915975]
[-0.3383312]
[-0.04334779]
[2.0148902]
[-0.08666377]
[-0.16444166]
[0.6628259]
[-0.17944585]
[-0.1859459]
[-0.26104105]
[0.38146955]
[0.26191851]
[0.26672196]
[0.36899167]
[0.2846541]
[0.10611486]
[0.8721052]
[0.9688]
[0.08664919]
[2.6429107]
[1.4689577]
[1.0521328]
[0.6508212]
[1.9723005]
[1.9984465]
[1.5614125]
[1.4718353]
[1.3451427]
[0.6705043]
[0.39741746]
[0.9167307]
[1.3987163]
[1.1172659]
[0.9830831]
[2.3651054]
[2.2389455]
[1.4933395]
[1.9443519]
[1.3344555]
[2.816612]
[2.9632795]
[1.133679]
[2.6273592]
[4.209878]
[2.9700882]
[2.6208684]
[3.0146766]
[2.5160074]
[3.191412]
[1.2116942]
[3.2105846]
[3.7256644]
[2.2309928]
[2.7741723]
[2.5634005]
[2.504228]
[2.1693258]
[2.1894252]
[2.1830032]
[1.5417254]
[1.5455202]
[1.4208475]
[0.9909709]
[1.0716158]
[1.0588596]
[1.0466256]
[1.0446136]
[1.123705]
[1.295776]
[1.0803334]
[0.30275324]
[2.3008738]
[3.9192927]
[2.0638287]
[2.3520548]
[0.91980445]
[4.8869343]
[3.6135054]
[2.7398508]
[0.9735889]
[4.62219]
[3.2191577]
[2.522819]
[2.850703]
[2.9320967]
[3.7131627]
[5.709772]
[4.2352753]
[4.1349263]
[4.244164]
[3.8381522]
[3.8687224]
[3.8104274]
[3.4190595]
[3.2297494]
[1.9052641]
[1.9224712]
[1.8950104]
[1.8724577]
[2.9122412]
[4.9895115]
[4.112783]
[2.9756114]
[4.1963744][4.3]
[30.92]
[39.25]
[29.7]
[19.45]
[13.74]
[11.15]
[9.61]
[8.47]
[7.25]
[6.36]
[5.68]
[5.17]
[4.9]
[4.63]
[4.43]
[4.25]
[3.5]
[3.25]
[3.48]
[3.45]
[3.34]
[3.16]
[3.03]
[3.19]
[3.24]
[3.07]
[2.9]
[3.01]
[3.39]
[4.09]
[3.93]
[3.38]
[3.37]
[3.68]
[3.86]
[4.88]
[11.97]
[10.98]
[9.57]
[8.25]
[9.26]
[7.3]
[7.03]
[5.94]
[5.1]
[4.59]
[4.19]
[3.92]
[3.62]
[3.37]
[3.17]
[2.96]
[2.64]
[2.49]
[2.4]
[2.35]
[2.23]
[2.07]
[2.05]
[2.27]
[2.12]
[2.14]
[2.13]
[2.16]
[2.18]
[1.91]
[1.59]
[1.35]
[1.24]
[1.21]
[1.]
[0.83]
[0.7]
[0.64]
[0.65]
[0.76]
[0.78]
[0.85]
[0.9]
[0.64]
[0.59]
[0.65]
[0.65]
[0.65]
[0.67]
[0.16]
[0.]
[0.]
[0.]
[0.]
[0.]
[0.]
[0.]
[0.]
[0.]
[0.]
[0.]
[0.]
[0.]
[0.]
[0.]
[0.]
[0.]
[0.]
[0.]
[0.]
[0.]
[0.]
[0.]
[0.34]
[0.66]
[0.71]
[0.71]
[0.77]
[0.78]
[0.81]
[0.78]
[0.67]
[0.75]
[0.8]
[0.82]
[0.81]
[0.81]
[0.81]
[0.8]
[0.8]
[0.81]
[0.82]
[0.82]
[0.83]
[0.83]
[0.83]
[0.83]
[0.83]
[0.82]
[0.76]
[0.76]
[0.77]
[0.78]
[0.85]
[0.83]
[0.81]
[0.77]
[0.8]
[0.81]
[0.87]
[0.85]
[0.8]
[0.84]
[0.86]
[0.86]
[0.86]
[0.86]
[0.86]
[0.87]
[0.87]
[0.94]
[0.92]
[0.89]
[0.87]
[0.84]
[0.81]
[0.84]
[0.86]
[0.88]
[0.85]
[0.85]
[0.86]
[0.86]
[0.87]
[0.91]
[0.92]
[0.92]
[0.87]
[0.87]
[0.89]
[0.96]
[0.93]
[0.87]
[0.86]
[0.86]
[0.87]
[1.26]
[1.7]
[1.51]
[1.47]
[1.34]
[1.36]
[1.36]
[1.36]
[1.36]
[1.36]
[1.24]
[1.29]
[1.47]
[1.67]
[2.26]
[1.83]
[3.23]
[2.92]
[2.42]
[2.19]
[2.03]
[2.01]
[1.91]
[1.87]
[1.85]
[1.98]
[1.97]
[1.87]
[1.81]
[1.81]
[1.78]
[1.72]
[1.72]
[1.72]
[1.7]
[1.63]
[1.62]
[1.62]
[1.64]
[1.62]
[1.61]
[1.62]
[1.67]
[1.97]
[2.01]
[2.65]
[2.94]
[2.52]
[2.26]
[2.12]
[2.5]
[2.89]
[2.98]
[3.54]
[3.07]
[2.56]
[2.41]
[2.57]
[2.84]
[4.66]
[3.71]
[2.99]
[2.65]
[2.45]
[2.33]
[2.28]
[2.22]
[2.19]
[2.11]
[2.09]
[2.06]
[2.27]
[2.55]
[3.]
[3.19]
[2.98]