0.6231044163626864, 0.6510498573075022, 25.280169280937066, 28.745726942168286[8.73959]
[18.628323]
[17.227045]
[35.09053]
[4.843719]
[4.697752]
[3.6969185]
[4.2528343]
[4.7816734]
[4.1007195]
[3.325891]
[3.6036594]
[2.7812655]
[3.1510048]
[3.2302883]
[3.1993732]
[3.204288]
[3.1798096]
[3.2105496]
[3.151169]
[2.0180984]
[4.319916]
[4.146962]
[4.8928585]
[3.469539]
[4.224594]
[3.7695138]
[4.7726126]
[4.6072354]
[8.479882]
[4.649231]
[2.2828004]
[2.6465619]
[2.135953]
[2.2548385]
[1.3931845]
[0.8044796]
[3.2639072]
[3.7009811]
[2.497673]
[1.9139757]
[3.850131]
[2.4616206]
[3.5697038]
[4.898433]
[4.14056]
[3.8557959]
[3.8701003]
[4.117245]
[4.27805]
[4.665595]
[4.59752]
[3.9580286]
[2.9417202]
[2.9002094]
[2.8506691]
[2.7537913]
[2.7509787]
[2.5664828]
[2.4584315]
[3.0009522]
[1.9941553]
[1.823651]
[0.7338274]
[1.3210982]
[0.79056764]
[1.2260681]
[1.4464654]
[1.2926353]
[1.1283368]
[0.7358527]
[0.70947605]
[0.5310535]
[0.46796963]
[0.45947608]
[0.44890422]
[0.45578864]
[0.4514332]
[0.44352287]
[0.44662708]
[0.43158314]
[0.42096886]
[0.40604952]
[0.40337738]
[0.40092793]
[0.35838073]
[0.5163038]
[0.3370912]
[0.44523007]
[0.43743372]
[0.270251]
[0.2424694]
[0.23329723]
[0.2326716]
[0.23819612]
[0.18603404]
[0.13078363]
[0.10187008]
[0.09305314]
[-0.02451568]
[0.21868272]
[0.17031941]
[0.12875304]
[0.07926572]
[0.09104639]
[0.08055142]
[0.07910667]
[0.07621717]
[0.07362457]
[0.01723692]
[-0.00373249]
[-0.00325533]
[-0.00498372]
[-0.00594866]
[-0.00620314]
[0.0063125]
[0.00581147]
[0.15997022]
[0.2568957]
[0.12448505]
[-0.14756063]
[0.11656941]
[0.02489277]
[-0.10823162]
[-0.1859565]
[-0.16781363]
[-0.09606922]
[-0.13488925]
[-0.13198383]
[-0.04664553]
[-0.0190972]
[-0.04464144]
[-0.03445131]
[-0.03697499]
[-0.03675231]
[-0.02658339]
[-0.07643123]
[-0.01586309]
[-0.04964637]
[-0.02419757]
[-0.0043369]
[-0.36596432]
[1.2158806]
[-0.18820447]
[-0.3294453]
[-0.4309436]
[-0.29916123]
[-0.23160528]
[-0.24072443]
[-0.254488]
[-0.16520512]
[0.00127575]
[0.01460456]
[0.01229031]
[0.01281519]
[0.01638068]
[0.20768672]
[1.1509491]
[1.2971021]
[0.72082996]
[-0.7571336]
[-0.3921766]
[-0.00445354]
[0.11956231]
[0.01541309]
[1.1953784]
[-0.71967083]
[0.14618811]
[-0.0937046]
[-0.09909126]
[-0.25467885]
[0.7167449]
[0.77191573]
[1.3540783]
[1.5899727]
[1.2558485]
[0.25338587]
[1.2888789]
[1.6242225]
[0.915439]
[-0.16448407]
[0.51619774]
[0.09087143]
[0.42327252]
[1.0153972]
[-0.19127953]
[0.96298325]
[0.95340014]
[1.7338141]
[1.0063283]
[2.0194662]
[1.0444539]
[1.616861]
[1.5592061]
[2.2370694]
[1.9051083]
[1.7316111]
[1.5291792]
[4.3129597]
[3.7593608]
[2.3324442]
[2.9155025]
[1.6437889]
[2.449596]
[2.12725]
[3.5344014]
[3.151344]
[1.7530597]
[2.674179]
[2.0498855]
[2.0634847]
[1.4939644]
[1.5537877]
[1.509011]
[0.79445386]
[0.7899473]
[0.74060047]
[0.6146342]
[0.54446447]
[0.54336697]
[0.542304]
[0.5668011]
[0.64251393]
[0.6195994]
[0.5507445]
[1.4766619]
[0.629429]
[3.5873244]
[3.1714513]
[1.79935]
[2.4001353]
[4.6037416]
[2.3558092]
[2.1028004]
[1.6581252]
[5.3109317]
[3.0510995]
[1.9912155]
[2.8962224]
[3.5711033]
[3.2069204]
[8.5681505]
[4.41699]
[3.432092]
[3.7405474]
[3.4542775]
[3.512672]
[3.2822382]
[2.6600418]
[2.8480632]
[1.6734898]
[1.6184807]
[1.5901768]
[1.4300456]
[2.5015593]
[7.1572313]
[3.848278]
[2.049419]
[3.2526648][4.3]
[30.92]
[39.25]
[29.7]
[19.45]
[13.74]
[11.15]
[9.61]
[8.47]
[7.25]
[6.36]
[5.68]
[5.17]
[4.9]
[4.63]
[4.43]
[4.25]
[3.5]
[3.25]
[3.48]
[3.45]
[3.34]
[3.16]
[3.03]
[3.19]
[3.24]
[3.07]
[2.9]
[3.01]
[3.39]
[4.09]
[3.93]
[3.38]
[3.37]
[3.68]
[3.86]
[4.88]
[11.97]
[10.98]
[9.57]
[8.25]
[9.26]
[7.3]
[7.03]
[5.94]
[5.1]
[4.59]
[4.19]
[3.92]
[3.62]
[3.37]
[3.17]
[2.96]
[2.64]
[2.49]
[2.4]
[2.35]
[2.23]
[2.07]
[2.05]
[2.27]
[2.12]
[2.14]
[2.13]
[2.16]
[2.18]
[1.91]
[1.59]
[1.35]
[1.24]
[1.21]
[1.]
[0.83]
[0.7]
[0.64]
[0.65]
[0.76]
[0.78]
[0.85]
[0.9]
[0.64]
[0.59]
[0.65]
[0.65]
[0.65]
[0.67]
[0.16]
[0.]
[0.]
[0.]
[0.]
[0.]
[0.]
[0.]
[0.]
[0.]
[0.]
[0.]
[0.]
[0.]
[0.]
[0.]
[0.]
[0.]
[0.]
[0.]
[0.]
[0.]
[0.]
[0.]
[0.34]
[0.66]
[0.71]
[0.71]
[0.77]
[0.78]
[0.81]
[0.78]
[0.67]
[0.75]
[0.8]
[0.82]
[0.81]
[0.81]
[0.81]
[0.8]
[0.8]
[0.81]
[0.82]
[0.82]
[0.83]
[0.83]
[0.83]
[0.83]
[0.83]
[0.82]
[0.76]
[0.76]
[0.77]
[0.78]
[0.85]
[0.83]
[0.81]
[0.77]
[0.8]
[0.81]
[0.87]
[0.85]
[0.8]
[0.84]
[0.86]
[0.86]
[0.86]
[0.86]
[0.86]
[0.87]
[0.87]
[0.94]
[0.92]
[0.89]
[0.87]
[0.84]
[0.81]
[0.84]
[0.86]
[0.88]
[0.85]
[0.85]
[0.86]
[0.86]
[0.87]
[0.91]
[0.92]
[0.92]
[0.87]
[0.87]
[0.89]
[0.96]
[0.93]
[0.87]
[0.86]
[0.86]
[0.87]
[1.26]
[1.7]
[1.51]
[1.47]
[1.34]
[1.36]
[1.36]
[1.36]
[1.36]
[1.36]
[1.24]
[1.29]
[1.47]
[1.67]
[2.26]
[1.83]
[3.23]
[2.92]
[2.42]
[2.19]
[2.03]
[2.01]
[1.91]
[1.87]
[1.85]
[1.98]
[1.97]
[1.87]
[1.81]
[1.81]
[1.78]
[1.72]
[1.72]
[1.72]
[1.7]
[1.63]
[1.62]
[1.62]
[1.64]
[1.62]
[1.61]
[1.62]
[1.67]
[1.97]
[2.01]
[2.65]
[2.94]
[2.52]
[2.26]
[2.12]
[2.5]
[2.89]
[2.98]
[3.54]
[3.07]
[2.56]
[2.41]
[2.57]
[2.84]
[4.66]
[3.71]
[2.99]
[2.65]
[2.45]
[2.33]
[2.28]
[2.22]
[2.19]
[2.11]
[2.09]
[2.06]
[2.27]
[2.55]
[3.]
[3.19]
[2.98]