0.7603418678605958, 0.8152009250518701, 16.604695752396758, 22.92233507477902[11.035346]
[22.311188]
[45.479797]
[47.75975]
[8.168952]
[8.229755]
[6.310144]
[5.4053526]
[5.65831]
[5.3761387]
[4.7614]
[4.3897853]
[2.6551301]
[2.5442226]
[2.5367985]
[2.5262487]
[2.5218427]
[2.5248172]
[2.5267158]
[2.544461]
[3.7458797]
[4.3511615]
[4.294764]
[4.2359433]
[4.539191]
[4.041426]
[4.2373657]
[4.7039576]
[5.320379]
[6.7628593]
[5.342249]
[2.4071264]
[3.5992064]
[2.9352896]
[2.2490542]
[2.701431]
[3.088471]
[5.0201316]
[5.005942]
[4.1647515]
[5.472073]
[5.258653]
[5.160539]
[6.847763]
[6.095057]
[4.749424]
[4.014167]
[3.7641902]
[3.4928398]
[3.466986]
[3.4342697]
[3.623072]
[3.605601]
[3.1718554]
[3.1537523]
[3.13048]
[3.1100183]
[3.1187735]
[2.8882399]
[2.970804]
[3.161137]
[3.146626]
[2.1068192]
[0.99871296]
[1.0238158]
[1.1204232]
[1.4049016]
[1.175474]
[1.0224513]
[0.8361567]
[0.5653716]
[0.5435618]
[0.31565657]
[0.24619393]
[0.23581162]
[0.2160656]
[0.21709946]
[0.23676993]
[0.23071523]
[0.21040192]
[0.20136164]
[0.19469193]
[0.17994422]
[0.177345]
[0.17496978]
[0.21210647]
[0.35450575]
[0.35219878]
[0.01848484]
[0.13575344]
[-0.01062487]
[-0.02936155]
[-0.03549047]
[-0.0503144]
[-0.04987965]
[-0.05026138]
[-0.10048034]
[-0.14725311]
[-0.15333962]
[-0.17421824]
[-0.00176021]
[-0.00143149]
[-0.17940342]
[-0.1966874]
[-0.14608671]
[-0.16755913]
[-0.16287231]
[-0.16062434]
[-0.16409174]
[-0.20279512]
[-0.2085423]
[-0.20843627]
[-0.21050398]
[-0.21019648]
[-0.21034493]
[-0.23942018]
[-0.23879457]
[-0.26262102]
[0.21096855]
[0.01473976]
[-0.3241965]
[-0.46549034]
[-0.14000021]
[-0.11515582]
[-0.23306859]
[-0.3247585]
[-0.2169086]
[-0.30154705]
[-0.29741162]
[-0.25788116]
[-0.24716085]
[-0.27288535]
[-0.26934373]
[-0.27248242]
[-0.2704041]
[-0.27001175]
[-0.2684318]
[-0.26329964]
[-0.2851538]
[-0.2813895]
[-0.28640503]
[-0.9485298]
[1.1204683]
[0.3327795]
[-0.23458491]
[-1.2283075]
[-0.4448344]
[-0.08726817]
[-0.14331916]
[-0.14050919]
[-0.15476051]
[-0.16642454]
[-0.16188617]
[-0.16215126]
[-0.16465373]
[-0.16061373]
[-0.20231795]
[0.32624632]
[1.1379358]
[0.39227998]
[-0.9790471]
[-1.187388]
[-0.47181013]
[-0.5616444]
[-0.76455617]
[-0.9524319]
[0.2309664]
[0.19016284]
[-0.33740866]
[-0.11247309]
[0.0639242]
[0.53372496]
[0.61631423]
[1.2074547]
[2.0264077]
[1.2500138]
[0.31072122]
[0.34649137]
[0.3868264]
[0.8423705]
[0.34919596]
[0.17395315]
[0.0939962]
[0.4345071]
[-0.09471194]
[0.570582]
[0.9438602]
[0.4776395]
[0.9916489]
[1.9337343]
[1.8686371]
[1.1582803]
[1.1911734]
[0.9158108]
[1.4044006]
[2.2707446]
[1.42066]
[3.4899132]
[4.0742455]
[3.1181664]
[2.8748977]
[2.29106]
[1.4114705]
[2.6724293]
[2.7059484]
[2.7007868]
[2.872158]
[2.1135154]
[2.2134876]
[2.2533169]
[2.1769128]
[1.881759]
[1.8734266]
[1.8694615]
[1.4403881]
[1.4419078]
[1.3343335]
[0.9762073]
[1.0341789]
[1.0225003]
[1.0113578]
[1.0081244]
[1.0175775]
[1.146422]
[0.94982207]
[1.1038297]
[4.180264]
[3.4287565]
[2.472598]
[2.2598846]
[1.8951449]
[2.3829758]
[2.6654203]
[2.022955]
[2.1060047]
[3.4715428]
[3.263833]
[2.717892]
[2.9524384]
[3.0085068]
[4.11189]
[5.3633866]
[4.752528]
[4.3664546]
[3.3076088]
[3.2816207]
[3.2466571]
[3.1313932]
[2.536741]
[2.5658631]
[1.6117778]
[1.6379205]
[1.6649625]
[1.5865788]
[2.4272487]
[4.9576416]
[3.6159072]
[1.8349936]
[3.804449][4.3]
[30.92]
[39.25]
[29.7]
[19.45]
[13.74]
[11.15]
[9.61]
[8.47]
[7.25]
[6.36]
[5.68]
[5.17]
[4.9]
[4.63]
[4.43]
[4.25]
[3.5]
[3.25]
[3.48]
[3.45]
[3.34]
[3.16]
[3.03]
[3.19]
[3.24]
[3.07]
[2.9]
[3.01]
[3.39]
[4.09]
[3.93]
[3.38]
[3.37]
[3.68]
[3.86]
[4.88]
[11.97]
[10.98]
[9.57]
[8.25]
[9.26]
[7.3]
[7.03]
[5.94]
[5.1]
[4.59]
[4.19]
[3.92]
[3.62]
[3.37]
[3.17]
[2.96]
[2.64]
[2.49]
[2.4]
[2.35]
[2.23]
[2.07]
[2.05]
[2.27]
[2.12]
[2.14]
[2.13]
[2.16]
[2.18]
[1.91]
[1.59]
[1.35]
[1.24]
[1.21]
[1.]
[0.83]
[0.7]
[0.64]
[0.65]
[0.76]
[0.78]
[0.85]
[0.9]
[0.64]
[0.59]
[0.65]
[0.65]
[0.65]
[0.67]
[0.16]
[0.]
[0.]
[0.]
[0.]
[0.]
[0.]
[0.]
[0.]
[0.]
[0.]
[0.]
[0.]
[0.]
[0.]
[0.]
[0.]
[0.]
[0.]
[0.]
[0.]
[0.]
[0.]
[0.]
[0.34]
[0.66]
[0.71]
[0.71]
[0.77]
[0.78]
[0.81]
[0.78]
[0.67]
[0.75]
[0.8]
[0.82]
[0.81]
[0.81]
[0.81]
[0.8]
[0.8]
[0.81]
[0.82]
[0.82]
[0.83]
[0.83]
[0.83]
[0.83]
[0.83]
[0.82]
[0.76]
[0.76]
[0.77]
[0.78]
[0.85]
[0.83]
[0.81]
[0.77]
[0.8]
[0.81]
[0.87]
[0.85]
[0.8]
[0.84]
[0.86]
[0.86]
[0.86]
[0.86]
[0.86]
[0.87]
[0.87]
[0.94]
[0.92]
[0.89]
[0.87]
[0.84]
[0.81]
[0.84]
[0.86]
[0.88]
[0.85]
[0.85]
[0.86]
[0.86]
[0.87]
[0.91]
[0.92]
[0.92]
[0.87]
[0.87]
[0.89]
[0.96]
[0.93]
[0.87]
[0.86]
[0.86]
[0.87]
[1.26]
[1.7]
[1.51]
[1.47]
[1.34]
[1.36]
[1.36]
[1.36]
[1.36]
[1.36]
[1.24]
[1.29]
[1.47]
[1.67]
[2.26]
[1.83]
[3.23]
[2.92]
[2.42]
[2.19]
[2.03]
[2.01]
[1.91]
[1.87]
[1.85]
[1.98]
[1.97]
[1.87]
[1.81]
[1.81]
[1.78]
[1.72]
[1.72]
[1.72]
[1.7]
[1.63]
[1.62]
[1.62]
[1.64]
[1.62]
[1.61]
[1.62]
[1.67]
[1.97]
[2.01]
[2.65]
[2.94]
[2.52]
[2.26]
[2.12]
[2.5]
[2.89]
[2.98]
[3.54]
[3.07]
[2.56]
[2.41]
[2.57]
[2.84]
[4.66]
[3.71]
[2.99]
[2.65]
[2.45]
[2.33]
[2.28]
[2.22]
[2.19]
[2.11]
[2.09]
[2.06]
[2.27]
[2.55]
[3.]
[3.19]
[2.98]