0.7362124821383045, 0.7748437998157879, -10.953838946115518, 24.048605176261148[19.713596]
[24.838017]
[45.39886]
[43.15706]
[9.764758]
[6.7150035]
[3.8516214]
[2.7740874]
[3.275715]
[2.9596622]
[2.2538238]
[2.0787148]
[3.5789375]
[3.1096988]
[3.0357647]
[3.0395184]
[3.046241]
[3.0434682]
[3.0393012]
[3.0450006]
[3.4457448]
[3.7750735]
[3.781897]
[4.741513]
[4.827005]
[4.96569]
[4.493069]
[4.6774244]
[5.5601106]
[7.3383746]
[4.5859785]
[5.6107802]
[4.5264544]
[3.027918]
[3.1573994]
[4.0125213]
[3.276277]
[5.944231]
[4.6801705]
[5.071303]
[5.5322866]
[5.002846]
[5.955177]
[7.101534]
[5.61833]
[4.5950603]
[4.640285]
[4.3243647]
[4.327731]
[4.4279995]
[4.3067465]
[4.350259]
[4.05676]
[3.814005]
[3.7914455]
[3.7608647]
[3.7010705]
[3.6838768]
[3.5096638]
[3.3946776]
[2.5034077]
[3.2513902]
[2.9189866]
[3.301763]
[2.8394802]
[2.8386374]
[2.66101]
[2.2524242]
[1.9578809]
[1.6469601]
[1.3164121]
[1.2789174]
[1.1832035]
[1.1703995]
[1.1680986]
[1.1512971]
[1.1500405]
[1.1739411]
[1.1537094]
[1.1527444]
[1.1291035]
[1.1213788]
[1.1019794]
[1.0978492]
[1.0941168]
[1.1230807]
[1.3003528]
[1.1292467]
[1.0293602]
[1.0424557]
[0.91033936]
[0.8845088]
[0.87084067]
[0.86082554]
[0.8582011]
[0.85786706]
[0.7759697]
[0.7404421]
[0.72387916]
[0.66748357]
[0.7910216]
[0.75191]
[0.63813263]
[0.5984749]
[0.6141418]
[0.5950446]
[0.59422284]
[0.59541047]
[0.5933374]
[0.6215485]
[0.60874987]
[0.6088718]
[0.6038722]
[0.6044925]
[0.6042486]
[0.58791363]
[0.5887513]
[0.5973827]
[0.7957826]
[0.6653257]
[0.4917543]
[0.4026941]
[0.51539516]
[0.50148845]
[0.43779755]
[0.40081728]
[0.439123]
[0.5768858]
[0.57699186]
[0.56479764]
[0.5593368]
[0.5677773]
[0.5643046]
[0.5653915]
[0.56705624]
[0.55815977]
[0.59050626]
[0.5606039]
[0.56708276]
[0.56588453]
[0.53010774]
[0.9871629]
[0.7173738]
[0.49943137]
[0.5484839]
[0.26748675]
[0.07734182]
[0.22722994]
[0.21157363]
[0.22153047]
[0.25242954]
[0.6788348]
[0.6372737]
[0.6378516]
[0.63612324]
[0.6233458]
[0.58786595]
[1.1360224]
[0.74412155]
[0.88128]
[1.4582626]
[0.6465466]
[0.7101898]
[0.74962485]
[0.11771528]
[0.58009344]
[0.3942748]
[1.1055316]
[1.355582]
[1.1513023]
[1.1800011]
[1.5005977]
[1.5348635]
[1.5090806]
[2.5984643]
[1.7195952]
[2.5435743]
[1.4586761]
[2.2295256]
[1.4632516]
[2.0457904]
[1.7820402]
[1.8560114]
[1.6704843]
[1.2988311]
[1.7136254]
[1.6649758]
[2.0464957]
[1.9199568]
[2.5913756]
[2.7375524]
[3.0928655]
[2.7301192]
[1.8123773]
[2.0177174]
[1.9520117]
[1.9851322]
[2.3579943]
[2.6249893]
[2.7751637]
[3.95014]
[2.261798]
[2.2834399]
[2.5090487]
[1.9633948]
[3.6408045]
[2.953846]
[3.779368]
[3.3748806]
[3.2927551]
[3.239053]
[3.1564822]
[3.1375759]
[3.1299412]
[2.8856857]
[2.884249]
[2.8432074]
[2.5303729]
[2.5539024]
[2.5465274]
[2.539492]
[2.5089693]
[2.477121]
[2.4124389]
[2.2644699]
[2.2768445]
[2.5977433]
[1.9312127]
[2.0630374]
[2.903839]
[1.9292456]
[3.9104877]
[2.8108664]
[3.1537783]
[1.1608032]
[4.534503]
[2.9245799]
[3.4431257]
[2.8786874]
[2.2249818]
[4.0489078]
[6.9804506]
[5.8937974]
[4.09224]
[3.6955302]
[3.732028]
[3.6980855]
[3.6602676]
[3.5665364]
[3.6061625]
[3.0350754]
[2.9978514]
[2.978176]
[2.8930395]
[2.542917]
[5.744845]
[3.3072557]
[4.2171774]
[5.7145953][4.3]
[30.92]
[39.25]
[29.7]
[19.45]
[13.74]
[11.15]
[9.61]
[8.47]
[7.25]
[6.36]
[5.68]
[5.17]
[4.9]
[4.63]
[4.43]
[4.25]
[3.5]
[3.25]
[3.48]
[3.45]
[3.34]
[3.16]
[3.03]
[3.19]
[3.24]
[3.07]
[2.9]
[3.01]
[3.39]
[4.09]
[3.93]
[3.38]
[3.37]
[3.68]
[3.86]
[4.88]
[11.97]
[10.98]
[9.57]
[8.25]
[9.26]
[7.3]
[7.03]
[5.94]
[5.1]
[4.59]
[4.19]
[3.92]
[3.62]
[3.37]
[3.17]
[2.96]
[2.64]
[2.49]
[2.4]
[2.35]
[2.23]
[2.07]
[2.05]
[2.27]
[2.12]
[2.14]
[2.13]
[2.16]
[2.18]
[1.91]
[1.59]
[1.35]
[1.24]
[1.21]
[1.]
[0.83]
[0.7]
[0.64]
[0.65]
[0.76]
[0.78]
[0.85]
[0.9]
[0.64]
[0.59]
[0.65]
[0.65]
[0.65]
[0.67]
[0.16]
[0.]
[0.]
[0.]
[0.]
[0.]
[0.]
[0.]
[0.]
[0.]
[0.]
[0.]
[0.]
[0.]
[0.]
[0.]
[0.]
[0.]
[0.]
[0.]
[0.]
[0.]
[0.]
[0.]
[0.34]
[0.66]
[0.71]
[0.71]
[0.77]
[0.78]
[0.81]
[0.78]
[0.67]
[0.75]
[0.8]
[0.82]
[0.81]
[0.81]
[0.81]
[0.8]
[0.8]
[0.81]
[0.82]
[0.82]
[0.83]
[0.83]
[0.83]
[0.83]
[0.83]
[0.82]
[0.76]
[0.76]
[0.77]
[0.78]
[0.85]
[0.83]
[0.81]
[0.77]
[0.8]
[0.81]
[0.87]
[0.85]
[0.8]
[0.84]
[0.86]
[0.86]
[0.86]
[0.86]
[0.86]
[0.87]
[0.87]
[0.94]
[0.92]
[0.89]
[0.87]
[0.84]
[0.81]
[0.84]
[0.86]
[0.88]
[0.85]
[0.85]
[0.86]
[0.86]
[0.87]
[0.91]
[0.92]
[0.92]
[0.87]
[0.87]
[0.89]
[0.96]
[0.93]
[0.87]
[0.86]
[0.86]
[0.87]
[1.26]
[1.7]
[1.51]
[1.47]
[1.34]
[1.36]
[1.36]
[1.36]
[1.36]
[1.36]
[1.24]
[1.29]
[1.47]
[1.67]
[2.26]
[1.83]
[3.23]
[2.92]
[2.42]
[2.19]
[2.03]
[2.01]
[1.91]
[1.87]
[1.85]
[1.98]
[1.97]
[1.87]
[1.81]
[1.81]
[1.78]
[1.72]
[1.72]
[1.72]
[1.7]
[1.63]
[1.62]
[1.62]
[1.64]
[1.62]
[1.61]
[1.62]
[1.67]
[1.97]
[2.01]
[2.65]
[2.94]
[2.52]
[2.26]
[2.12]
[2.5]
[2.89]
[2.98]
[3.54]
[3.07]
[2.56]
[2.41]
[2.57]
[2.84]
[4.66]
[3.71]
[2.99]
[2.65]
[2.45]
[2.33]
[2.28]
[2.22]
[2.19]
[2.11]
[2.09]
[2.06]
[2.27]
[2.55]
[3.]
[3.19]
[2.98]