0.6736384508743403, 0.7392694331850355, 37.491201878142824, 26.749290333700195[10.042056]
[8.669649]
[28.130508]
[18.348349]
[10.831301]
[5.826842]
[7.10797]
[5.369387]
[5.278246]
[4.82854]
[3.0524304]
[2.4800696]
[2.5498915]
[2.125986]
[2.1030211]
[2.0834668]
[2.0696301]
[2.070049]
[2.076707]
[2.0661416]
[2.7230718]
[3.801812]
[4.1059465]
[4.2152166]
[3.7470877]
[3.6609595]
[3.54837]
[4.3641753]
[5.671379]
[7.405056]
[4.459462]
[2.8651829]
[3.011664]
[3.2488468]
[2.444458]
[2.424932]
[3.1665676]
[14.209828]
[6.069141]
[4.923949]
[6.6168838]
[5.979935]
[5.052204]
[5.6995792]
[6.4353976]
[5.636215]
[4.6975985]
[4.0771003]
[3.7930918]
[3.5170233]
[2.855749]
[2.7822728]
[2.446702]
[2.1245294]
[2.0772636]
[2.0023196]
[1.9555665]
[1.9403689]
[1.6593001]
[1.6291738]
[1.1545908]
[2.0692816]
[1.9010392]
[0.6585301]
[1.1171293]
[1.0160234]
[0.8624055]
[0.5818808]
[0.46499]
[0.36935154]
[0.16335014]
[0.15841016]
[-0.0404848]
[-0.13584358]
[-0.14872703]
[-0.16720921]
[-0.15600114]
[-0.15857783]
[-0.14639422]
[-0.17224595]
[-0.19907323]
[-0.2071108]
[-0.22942093]
[-0.2334291]
[-0.23702376]
[-0.15272461]
[-0.18175745]
[0.03080232]
[-0.36594313]
[-0.32964677]
[-0.47827837]
[-0.5161971]
[-0.519919]
[-0.5403416]
[-0.5364607]
[-0.5576574]
[-0.6201872]
[-0.68454087]
[-0.7015598]
[-0.73417664]
[-0.64402425]
[-0.54991674]
[-0.76803416]
[-0.8145418]
[-0.78452283]
[-0.8137466]
[-0.8135451]
[-0.81250596]
[-0.81606877]
[-0.8170973]
[-0.83707464]
[-0.83690494]
[-0.84402]
[-0.843967]
[-0.843914]
[-0.83484787]
[-0.8384425]
[-0.87129265]
[-0.6338978]
[-0.7112727]
[-1.0315777]
[-0.81224084]
[-0.82386243]
[-0.9741376]
[-1.0258411]
[-0.9932348]
[-0.94152075]
[-0.8913336]
[-0.88923407]
[-0.87671113]
[-0.8688008]
[-0.920886]
[-0.91359067]
[-0.9182987]
[-0.91598713]
[-0.90511835]
[-0.91697323]
[-0.8934649]
[-0.9212465]
[-0.9108974]
[-0.8427264]
[0.33487836]
[0.60654294]
[-1.3924204]
[-1.0917429]
[-1.3878397]
[-1.144634]
[-1.0972886]
[-1.1744515]
[-1.1472212]
[-1.1119853]
[-0.82906884]
[-0.9190622]
[-0.91948634]
[-0.92073756]
[-0.9523365]
[-0.46719754]
[0.3699818]
[0.80786616]
[-0.3655296]
[-0.35589084]
[-1.0371976]
[-0.6695367]
[-0.6619869]
[0.26849675]
[0.6938741]
[-0.42505857]
[-0.10853913]
[-0.5416777]
[-0.46785498]
[-0.43339306]
[-0.13821879]
[-0.10049094]
[1.3731867]
[2.0612574]
[0.76613545]
[-0.5533735]
[0.2323018]
[0.9440636]
[1.0861607]
[0.44774112]
[0.5527048]
[0.35336918]
[0.12667935]
[0.08271854]
[0.14645983]
[0.7994926]
[0.1069108]
[1.689563]
[1.4348477]
[1.7022947]
[0.3397673]
[0.8513445]
[0.83314]
[1.5333842]
[1.9596065]
[1.3904889]
[2.0738597]
[3.780761]
[3.3637567]
[2.7278965]
[0.9066287]
[2.3140626]
[2.3462288]
[1.7723147]
[3.8688788]
[3.1195066]
[1.1160133]
[1.8009353]
[1.8404797]
[1.8816332]
[1.5528407]
[1.5805799]
[1.5719597]
[1.2525853]
[1.2504042]
[1.1474578]
[0.7504725]
[0.6459091]
[0.6353313]
[0.62506825]
[0.6298167]
[0.6390008]
[0.6745138]
[0.46892262]
[1.6181688]
[3.6922822]
[2.3757951]
[2.126135]
[2.0334837]
[1.8802553]
[3.4298546]
[2.1932127]
[1.7367314]
[0.02348579]
[4.653095]
[3.3568795]
[2.4216018]
[1.8509501]
[1.6577772]
[4.348402]
[7.284042]
[5.614925]
[3.8840454]
[3.096069]
[3.0953255]
[3.1689155]
[3.0907116]
[2.7091122]
[2.5351562]
[1.7563032]
[1.7362536]
[1.7214735]
[1.6621644]
[3.0163107]
[6.0996366]
[3.857307]
[1.0799867]
[5.378628][4.3]
[30.92]
[39.25]
[29.7]
[19.45]
[13.74]
[11.15]
[9.61]
[8.47]
[7.25]
[6.36]
[5.68]
[5.17]
[4.9]
[4.63]
[4.43]
[4.25]
[3.5]
[3.25]
[3.48]
[3.45]
[3.34]
[3.16]
[3.03]
[3.19]
[3.24]
[3.07]
[2.9]
[3.01]
[3.39]
[4.09]
[3.93]
[3.38]
[3.37]
[3.68]
[3.86]
[4.88]
[11.97]
[10.98]
[9.57]
[8.25]
[9.26]
[7.3]
[7.03]
[5.94]
[5.1]
[4.59]
[4.19]
[3.92]
[3.62]
[3.37]
[3.17]
[2.96]
[2.64]
[2.49]
[2.4]
[2.35]
[2.23]
[2.07]
[2.05]
[2.27]
[2.12]
[2.14]
[2.13]
[2.16]
[2.18]
[1.91]
[1.59]
[1.35]
[1.24]
[1.21]
[1.]
[0.83]
[0.7]
[0.64]
[0.65]
[0.76]
[0.78]
[0.85]
[0.9]
[0.64]
[0.59]
[0.65]
[0.65]
[0.65]
[0.67]
[0.16]
[0.]
[0.]
[0.]
[0.]
[0.]
[0.]
[0.]
[0.]
[0.]
[0.]
[0.]
[0.]
[0.]
[0.]
[0.]
[0.]
[0.]
[0.]
[0.]
[0.]
[0.]
[0.]
[0.]
[0.34]
[0.66]
[0.71]
[0.71]
[0.77]
[0.78]
[0.81]
[0.78]
[0.67]
[0.75]
[0.8]
[0.82]
[0.81]
[0.81]
[0.81]
[0.8]
[0.8]
[0.81]
[0.82]
[0.82]
[0.83]
[0.83]
[0.83]
[0.83]
[0.83]
[0.82]
[0.76]
[0.76]
[0.77]
[0.78]
[0.85]
[0.83]
[0.81]
[0.77]
[0.8]
[0.81]
[0.87]
[0.85]
[0.8]
[0.84]
[0.86]
[0.86]
[0.86]
[0.86]
[0.86]
[0.87]
[0.87]
[0.94]
[0.92]
[0.89]
[0.87]
[0.84]
[0.81]
[0.84]
[0.86]
[0.88]
[0.85]
[0.85]
[0.86]
[0.86]
[0.87]
[0.91]
[0.92]
[0.92]
[0.87]
[0.87]
[0.89]
[0.96]
[0.93]
[0.87]
[0.86]
[0.86]
[0.87]
[1.26]
[1.7]
[1.51]
[1.47]
[1.34]
[1.36]
[1.36]
[1.36]
[1.36]
[1.36]
[1.24]
[1.29]
[1.47]
[1.67]
[2.26]
[1.83]
[3.23]
[2.92]
[2.42]
[2.19]
[2.03]
[2.01]
[1.91]
[1.87]
[1.85]
[1.98]
[1.97]
[1.87]
[1.81]
[1.81]
[1.78]
[1.72]
[1.72]
[1.72]
[1.7]
[1.63]
[1.62]
[1.62]
[1.64]
[1.62]
[1.61]
[1.62]
[1.67]
[1.97]
[2.01]
[2.65]
[2.94]
[2.52]
[2.26]
[2.12]
[2.5]
[2.89]
[2.98]
[3.54]
[3.07]
[2.56]
[2.41]
[2.57]
[2.84]
[4.66]
[3.71]
[2.99]
[2.65]
[2.45]
[2.33]
[2.28]
[2.22]
[2.19]
[2.11]
[2.09]
[2.06]
[2.27]
[2.55]
[3.]
[3.19]
[2.98]