0.8121893894541234, 0.841071864414299, 27.836320763814765, 20.291905627599903[7.4384956]
[15.171948]
[38.485382]
[30.828861]
[22.559555]
[6.995476]
[7.445538]
[6.9235964]
[6.1857615]
[5.3337116]
[3.880808]
[3.1006114]
[2.8213825]
[3.097905]
[3.1169252]
[3.0950022]
[3.0854535]
[3.0838869]
[3.0964284]
[3.095869]
[3.4246488]
[4.4582653]
[4.186589]
[4.881777]
[4.5704093]
[4.5388]
[4.0006375]
[5.008585]
[4.2618294]
[6.7557387]
[4.188378]
[3.0477045]
[2.845967]
[1.9408089]
[2.650393]
[1.8893838]
[2.1187756]
[2.9258895]
[4.384364]
[3.7189074]
[3.280475]
[4.4451985]
[3.1567976]
[5.520034]
[4.294176]
[4.0223536]
[3.868346]
[3.529755]
[3.5633209]
[3.5382087]
[3.380164]
[3.481373]
[3.0969133]
[2.5357304]
[2.5023048]
[2.4577217]
[2.4345872]
[2.4397593]
[2.2862551]
[2.3477404]
[3.1249416]
[2.8085427]
[1.4387306]
[0.91839814]
[0.9987394]
[1.162574]
[1.3360871]
[1.1541336]
[1.0169035]
[0.8573157]
[0.4309317]
[0.39414093]
[0.11981481]
[-0.00576839]
[-0.02282969]
[-0.05055828]
[-0.03031588]
[-0.03608428]
[-0.04556395]
[-0.0431039]
[-0.06153307]
[-0.06592299]
[-0.07647364]
[-0.07844593]
[-0.08015312]
[0.23067215]
[0.15257086]
[0.02866436]
[0.03615187]
[-0.04639104]
[-0.25670415]
[-0.2758756]
[-0.28241804]
[-0.2866171]
[-0.27108273]
[-0.34724885]
[-0.38909093]
[-0.41179338]
[-0.42400882]
[-0.2267488]
[-0.20638976]
[-0.31393215]
[-0.28584304]
[-0.3498892]
[-0.38265452]
[-0.37812674]
[-0.39196452]
[-0.39339602]
[-0.3921872]
[-0.40999076]
[-0.41782686]
[-0.4173497]
[-0.4251646]
[-0.42530245]
[-0.42567357]
[-0.46991208]
[-0.4535506]
[-0.5372984]
[-0.2478819]
[-0.36889094]
[-0.5725238]
[-0.6014612]
[-0.5128887]
[-0.6356686]
[-0.53868747]
[-0.5764895]
[-0.54627967]
[-0.5358245]
[-0.5356336]
[-0.48140645]
[-0.46749443]
[-0.5125812]
[-0.5134189]
[-0.51152086]
[-0.51204044]
[-0.4748746]
[-0.48633716]
[-0.5140445]
[-0.5124222]
[-0.5069613]
[-0.4456933]
[-1.7752128]
[-0.06272069]
[-0.8321333]
[-0.48141706]
[-0.37267646]
[-0.4775149]
[-0.44614926]
[-0.45711344]
[-0.4751609]
[-0.43712553]
[-0.41806015]
[-0.44767618]
[-0.44807914]
[-0.44903347]
[-0.45961592]
[-0.2221362]
[-0.9389865]
[0.3588665]
[0.36969814]
[0.03876833]
[-0.13567391]
[-0.09958963]
[0.031025]
[-0.24431908]
[0.7597434]
[-0.20264667]
[-0.25298226]
[-0.03347578]
[-0.04158758]
[-0.03921236]
[0.53376865]
[0.60051084]
[0.0647314]
[1.5669078]
[1.2650585]
[0.7507886]
[1.156469]
[1.5385482]
[1.336559]
[1.0557235]
[0.7929674]
[0.8002388]
[0.18675575]
[0.7115153]
[0.73311496]
[0.56960905]
[1.1728251]
[1.4001863]
[1.632783]
[1.3209398]
[1.6024857]
[1.4550232]
[1.5566832]
[1.8023397]
[1.6860982]
[1.362135]
[0.48543453]
[2.8142953]
[2.8570824]
[3.0860393]
[2.3445222]
[2.2561884]
[1.9161739]
[0.9637606]
[2.8121333]
[2.9197102]
[2.4031978]
[2.455935]
[2.2430267]
[2.1350257]
[1.8993618]
[1.8596591]
[1.8625644]
[1.0331244]
[1.0382805]
[0.8985746]
[0.42450586]
[0.6421501]
[0.6270929]
[0.6126507]
[0.69672847]
[0.8111831]
[0.9029645]
[0.6849478]
[1.085109]
[1.5872549]
[2.5556173]
[2.1970584]
[2.4320397]
[1.1425437]
[3.9493036]
[2.9921095]
[3.0921922]
[-0.5070037]
[3.644977]
[3.5909727]
[2.9340649]
[2.788755]
[2.8032448]
[2.3211014]
[5.1572523]
[5.1036706]
[3.735042]
[2.8315248]
[2.7991412]
[2.7611086]
[2.7150834]
[2.3362038]
[2.2037745]
[0.8409861]
[0.98746246]
[1.0732964]
[1.0465355]
[1.6746781]
[5.252044]
[4.2194257]
[2.366138]
[3.5560257][4.3]
[30.92]
[39.25]
[29.7]
[19.45]
[13.74]
[11.15]
[9.61]
[8.47]
[7.25]
[6.36]
[5.68]
[5.17]
[4.9]
[4.63]
[4.43]
[4.25]
[3.5]
[3.25]
[3.48]
[3.45]
[3.34]
[3.16]
[3.03]
[3.19]
[3.24]
[3.07]
[2.9]
[3.01]
[3.39]
[4.09]
[3.93]
[3.38]
[3.37]
[3.68]
[3.86]
[4.88]
[11.97]
[10.98]
[9.57]
[8.25]
[9.26]
[7.3]
[7.03]
[5.94]
[5.1]
[4.59]
[4.19]
[3.92]
[3.62]
[3.37]
[3.17]
[2.96]
[2.64]
[2.49]
[2.4]
[2.35]
[2.23]
[2.07]
[2.05]
[2.27]
[2.12]
[2.14]
[2.13]
[2.16]
[2.18]
[1.91]
[1.59]
[1.35]
[1.24]
[1.21]
[1.]
[0.83]
[0.7]
[0.64]
[0.65]
[0.76]
[0.78]
[0.85]
[0.9]
[0.64]
[0.59]
[0.65]
[0.65]
[0.65]
[0.67]
[0.16]
[0.]
[0.]
[0.]
[0.]
[0.]
[0.]
[0.]
[0.]
[0.]
[0.]
[0.]
[0.]
[0.]
[0.]
[0.]
[0.]
[0.]
[0.]
[0.]
[0.]
[0.]
[0.]
[0.]
[0.34]
[0.66]
[0.71]
[0.71]
[0.77]
[0.78]
[0.81]
[0.78]
[0.67]
[0.75]
[0.8]
[0.82]
[0.81]
[0.81]
[0.81]
[0.8]
[0.8]
[0.81]
[0.82]
[0.82]
[0.83]
[0.83]
[0.83]
[0.83]
[0.83]
[0.82]
[0.76]
[0.76]
[0.77]
[0.78]
[0.85]
[0.83]
[0.81]
[0.77]
[0.8]
[0.81]
[0.87]
[0.85]
[0.8]
[0.84]
[0.86]
[0.86]
[0.86]
[0.86]
[0.86]
[0.87]
[0.87]
[0.94]
[0.92]
[0.89]
[0.87]
[0.84]
[0.81]
[0.84]
[0.86]
[0.88]
[0.85]
[0.85]
[0.86]
[0.86]
[0.87]
[0.91]
[0.92]
[0.92]
[0.87]
[0.87]
[0.89]
[0.96]
[0.93]
[0.87]
[0.86]
[0.86]
[0.87]
[1.26]
[1.7]
[1.51]
[1.47]
[1.34]
[1.36]
[1.36]
[1.36]
[1.36]
[1.36]
[1.24]
[1.29]
[1.47]
[1.67]
[2.26]
[1.83]
[3.23]
[2.92]
[2.42]
[2.19]
[2.03]
[2.01]
[1.91]
[1.87]
[1.85]
[1.98]
[1.97]
[1.87]
[1.81]
[1.81]
[1.78]
[1.72]
[1.72]
[1.72]
[1.7]
[1.63]
[1.62]
[1.62]
[1.64]
[1.62]
[1.61]
[1.62]
[1.67]
[1.97]
[2.01]
[2.65]
[2.94]
[2.52]
[2.26]
[2.12]
[2.5]
[2.89]
[2.98]
[3.54]
[3.07]
[2.56]
[2.41]
[2.57]
[2.84]
[4.66]
[3.71]
[2.99]
[2.65]
[2.45]
[2.33]
[2.28]
[2.22]
[2.19]
[2.11]
[2.09]
[2.06]
[2.27]
[2.55]
[3.]
[3.19]
[2.98]