0.7129141784218698, 0.7666048322277155, 14.810056333164503, 25.088150355379064[9.220955]
[9.931888]
[24.392633]
[20.912432]
[11.840645]
[6.91841]
[5.444903]
[4.7132506]
[4.865472]
[4.5461097]
[3.8690836]
[2.9698086]
[2.4708762]
[2.2374458]
[2.2645144]
[2.2659504]
[2.2497122]
[2.2458785]
[2.250992]
[2.242155]
[2.6431024]
[4.120904]
[4.83831]
[4.1785164]
[4.4963145]
[3.865544]
[3.965988]
[4.344507]
[4.184238]
[7.5465364]
[4.17212]
[3.674613]
[4.082519]
[3.1744256]
[2.8461607]
[3.2508912]
[3.5099595]
[13.836304]
[5.217402]
[4.4904175]
[5.181836]
[5.3353443]
[5.4196453]
[5.3305516]
[5.340636]
[4.7138762]
[4.1897235]
[3.988273]
[4.029995]
[4.1874423]
[3.8258646]
[3.5574598]
[3.2178528]
[2.9278724]
[2.9037278]
[2.8692303]
[2.7663898]
[2.7240129]
[2.471126]
[2.4890356]
[2.3011706]
[3.159903]
[2.682153]
[1.5509399]
[1.7093011]
[1.8002288]
[1.6778446]
[1.4333671]
[1.349528]
[1.1396714]
[0.85295826]
[0.81699926]
[0.57578105]
[0.49861488]
[0.4882014]
[0.4716789]
[0.49241835]
[0.4937584]
[0.48122486]
[0.4667747]
[0.46121377]
[0.4532166]
[0.4417706]
[0.43975458]
[0.43789563]
[0.7199094]
[0.7528742]
[0.56819016]
[0.42255145]
[0.49279743]
[0.3517077]
[0.33842862]
[0.32733518]
[0.3170357]
[0.32005775]
[0.26537797]
[0.20371035]
[0.16936573]
[0.162476]
[0.24092458]
[0.5192463]
[0.27518302]
[0.1658367]
[0.20005871]
[0.17864129]
[0.16321826]
[0.16797268]
[0.1634966]
[0.16241238]
[0.144355]
[0.13574085]
[0.13563879]
[0.13524248]
[0.1360331]
[0.13590454]
[0.1007017]
[0.1047291]
[0.29644006]
[0.49791107]
[0.22437292]
[-0.00833448]
[0.06470092]
[0.09142613]
[0.05428481]
[0.05635186]
[0.05606225]
[0.05114413]
[0.00426466]
[0.00761741]
[0.05904453]
[0.07362523]
[0.06961241]
[0.07375579]
[0.07146805]
[0.07321633]
[0.07007036]
[0.07434562]
[0.08547086]
[0.06519002]
[0.06311965]
[0.13150468]
[0.9416579]
[0.27546138]
[0.44370115]
[0.32144618]
[0.1814897]
[0.34234068]
[0.445238]
[0.47068614]
[0.46175787]
[0.4736863]
[0.17641121]
[0.19161819]
[0.19222327]
[0.18785654]
[0.19418892]
[0.61493045]
[1.5655499]
[0.8857534]
[0.8106125]
[0.20149219]
[0.2983474]
[0.55699205]
[0.46943226]
[-0.596944]
[0.5344367]
[1.2668903]
[0.48733523]
[0.09550987]
[0.0493985]
[0.10341093]
[0.80355513]
[0.93156654]
[1.1941875]
[2.4911604]
[0.6845508]
[0.61344796]
[0.5633476]
[1.4470154]
[1.1417882]
[1.3588856]
[0.89177364]
[0.9706908]
[0.6500657]
[0.32430452]
[0.9589333]
[1.0616815]
[1.1353889]
[1.5823228]
[3.1576538]
[1.7761565]
[1.6330004]
[1.8257711]
[0.96831155]
[2.3548503]
[2.3729634]
[1.6022491]
[3.4381123]
[6.250518]
[3.327459]
[2.9488187]
[2.1636581]
[3.4133825]
[2.8726425]
[1.3072796]
[5.837562]
[3.1864593]
[2.1646085]
[2.3610177]
[2.4240134]
[2.4019883]
[2.0757842]
[2.099027]
[2.083053]
[1.9876724]
[1.9823946]
[1.9786488]
[1.5435797]
[1.6708243]
[1.676311]
[1.6711994]
[1.6989446]
[1.7336551]
[1.6165932]
[1.4977374]
[2.0384939]
[3.7683833]
[3.6891122]
[2.5039856]
[2.1262937]
[0.557446]
[4.4860773]
[2.8262925]
[3.1602876]
[0.51788044]
[5.227082]
[2.9699523]
[2.8035312]
[2.5761514]
[3.0848656]
[3.2442904]
[7.0102506]
[4.870156]
[4.645144]
[3.0432622]
[3.2135584]
[3.1730173]
[3.1106055]
[2.5672975]
[2.0621493]
[2.0149472]
[2.0521686]
[2.0625641]
[1.9314339]
[3.0739405]
[4.588834]
[2.6630213]
[1.927602]
[2.6226146][4.3]
[30.92]
[39.25]
[29.7]
[19.45]
[13.74]
[11.15]
[9.61]
[8.47]
[7.25]
[6.36]
[5.68]
[5.17]
[4.9]
[4.63]
[4.43]
[4.25]
[3.5]
[3.25]
[3.48]
[3.45]
[3.34]
[3.16]
[3.03]
[3.19]
[3.24]
[3.07]
[2.9]
[3.01]
[3.39]
[4.09]
[3.93]
[3.38]
[3.37]
[3.68]
[3.86]
[4.88]
[11.97]
[10.98]
[9.57]
[8.25]
[9.26]
[7.3]
[7.03]
[5.94]
[5.1]
[4.59]
[4.19]
[3.92]
[3.62]
[3.37]
[3.17]
[2.96]
[2.64]
[2.49]
[2.4]
[2.35]
[2.23]
[2.07]
[2.05]
[2.27]
[2.12]
[2.14]
[2.13]
[2.16]
[2.18]
[1.91]
[1.59]
[1.35]
[1.24]
[1.21]
[1.]
[0.83]
[0.7]
[0.64]
[0.65]
[0.76]
[0.78]
[0.85]
[0.9]
[0.64]
[0.59]
[0.65]
[0.65]
[0.65]
[0.67]
[0.16]
[0.]
[0.]
[0.]
[0.]
[0.]
[0.]
[0.]
[0.]
[0.]
[0.]
[0.]
[0.]
[0.]
[0.]
[0.]
[0.]
[0.]
[0.]
[0.]
[0.]
[0.]
[0.]
[0.]
[0.34]
[0.66]
[0.71]
[0.71]
[0.77]
[0.78]
[0.81]
[0.78]
[0.67]
[0.75]
[0.8]
[0.82]
[0.81]
[0.81]
[0.81]
[0.8]
[0.8]
[0.81]
[0.82]
[0.82]
[0.83]
[0.83]
[0.83]
[0.83]
[0.83]
[0.82]
[0.76]
[0.76]
[0.77]
[0.78]
[0.85]
[0.83]
[0.81]
[0.77]
[0.8]
[0.81]
[0.87]
[0.85]
[0.8]
[0.84]
[0.86]
[0.86]
[0.86]
[0.86]
[0.86]
[0.87]
[0.87]
[0.94]
[0.92]
[0.89]
[0.87]
[0.84]
[0.81]
[0.84]
[0.86]
[0.88]
[0.85]
[0.85]
[0.86]
[0.86]
[0.87]
[0.91]
[0.92]
[0.92]
[0.87]
[0.87]
[0.89]
[0.96]
[0.93]
[0.87]
[0.86]
[0.86]
[0.87]
[1.26]
[1.7]
[1.51]
[1.47]
[1.34]
[1.36]
[1.36]
[1.36]
[1.36]
[1.36]
[1.24]
[1.29]
[1.47]
[1.67]
[2.26]
[1.83]
[3.23]
[2.92]
[2.42]
[2.19]
[2.03]
[2.01]
[1.91]
[1.87]
[1.85]
[1.98]
[1.97]
[1.87]
[1.81]
[1.81]
[1.78]
[1.72]
[1.72]
[1.72]
[1.7]
[1.63]
[1.62]
[1.62]
[1.64]
[1.62]
[1.61]
[1.62]
[1.67]
[1.97]
[2.01]
[2.65]
[2.94]
[2.52]
[2.26]
[2.12]
[2.5]
[2.89]
[2.98]
[3.54]
[3.07]
[2.56]
[2.41]
[2.57]
[2.84]
[4.66]
[3.71]
[2.99]
[2.65]
[2.45]
[2.33]
[2.28]
[2.22]
[2.19]
[2.11]
[2.09]
[2.06]
[2.27]
[2.55]
[3.]
[3.19]
[2.98]