0.7232174549851862, 0.7484412775185846, 9.142600694122414, 24.633840253828897[3.229361]
[7.0477886]
[33.581177]
[25.516705]
[10.434083]
[4.9632382]
[4.9032593]
[4.0913157]
[4.0845184]
[3.8763425]
[3.7393472]
[3.3707013]
[2.1913416]
[2.6728702]
[2.6852565]
[2.6658053]
[2.6955168]
[2.6651797]
[2.682693]
[2.7107942]
[2.426307]
[2.938345]
[3.78407]
[4.72149]
[3.4037702]
[4.644328]
[3.9655445]
[4.0749183]
[4.256792]
[7.0626116]
[5.236251]
[4.8884435]
[2.8193705]
[2.43389]
[2.2160802]
[2.406241]
[3.6775563]
[6.515068]
[5.1903806]
[4.6613255]
[4.6866746]
[5.743583]
[4.822879]
[7.0031776]
[4.287305]
[4.5920553]
[4.0571117]
[3.8624437]
[4.07846]
[4.131532]
[3.8131466]
[3.6567292]
[3.4311051]
[3.094556]
[3.0739982]
[3.0464268]
[3.0048642]
[3.0014963]
[2.7390118]
[2.7968059]
[1.7467353]
[2.5445817]
[2.9264674]
[2.323853]
[1.030964]
[1.9479903]
[1.8220558]
[1.6869333]
[1.5757989]
[1.4356755]
[1.2460382]
[1.226766]
[0.9640496]
[0.8503345]
[0.835109]
[0.8136949]
[0.83588964]
[0.8133105]
[0.7996503]
[0.8164863]
[0.810755]
[0.81108236]
[0.81015724]
[0.80989873]
[0.8097437]
[1.0146052]
[0.8766912]
[0.89627093]
[0.8875573]
[0.7832146]
[0.60996133]
[0.60003763]
[0.5938146]
[0.6005307]
[0.62082213]
[0.63674617]
[0.6211721]
[0.6279637]
[0.62356585]
[0.74085295]
[0.6753263]
[0.7802562]
[0.7808659]
[0.62119323]
[0.6267443]
[0.64707416]
[0.63286126]
[0.63418806]
[0.6365341]
[0.6554723]
[0.65271795]
[0.65267557]
[0.65061843]
[0.6508252]
[0.6510797]
[0.6169173]
[0.629256]
[0.62108195]
[0.74335945]
[0.79310787]
[0.46496946]
[0.36602134]
[0.6499106]
[0.48660356]
[0.47210836]
[0.46736056]
[0.4951077]
[0.48267227]
[0.48387048]
[0.5584699]
[0.5792107]
[0.59973407]
[0.5966484]
[0.6034573]
[0.59525406]
[0.60375684]
[0.60486627]
[0.58289284]
[0.6206366]
[0.56963295]
[0.6059717]
[-0.2785371]
[0.15766591]
[0.05758056]
[0.30621135]
[0.12726387]
[0.29856876]
[0.50615406]
[0.49147993]
[0.49930942]
[0.5017138]
[0.60991627]
[0.69367194]
[0.693216]
[0.69252676]
[0.7210387]
[0.7087159]
[0.10523211]
[1.018127]
[0.20766352]
[0.28402317]
[0.4088588]
[0.57624567]
[0.5107057]
[-0.2010031]
[1.1101204]
[0.88882715]
[0.59746623]
[0.25967452]
[0.15793896]
[0.5423616]
[1.280296]
[1.3335104]
[0.9338914]
[2.2975004]
[2.324989]
[0.9397725]
[0.6469628]
[2.1160848]
[2.050329]
[1.2685603]
[1.2032921]
[1.1170154]
[0.70696104]
[0.64728355]
[1.3469228]
[1.4069356]
[1.8660915]
[1.8635904]
[2.4445693]
[2.5042505]
[2.2975533]
[1.799409]
[1.4636135]
[1.7347717]
[2.1806571]
[1.3941395]
[2.1142929]
[5.469437]
[3.9435208]
[2.8746247]
[1.6503944]
[2.9961057]
[3.1705916]
[1.1226778]
[4.2165785]
[3.891932]
[3.1342337]
[2.3587406]
[2.6084158]
[2.5757048]
[2.480403]
[2.299425]
[2.3743544]
[2.0576136]
[2.057249]
[1.9701387]
[1.5114996]
[1.7062029]
[1.694788]
[1.6838847]
[1.6860784]
[1.651639]
[1.6672927]
[1.6743573]
[2.1875153]
[1.9838758]
[3.9015965]
[2.3086634]
[2.230028]
[1.1732745]
[4.387259]
[3.389888]
[2.8784964]
[2.43042]
[6.494873]
[3.8886971]
[3.138937]
[2.909607]
[2.8384683]
[2.528199]
[8.089563]
[5.151775]
[4.1522055]
[3.758113]
[3.786642]
[3.7072253]
[3.6900115]
[3.3179224]
[3.0113]
[1.7303474]
[1.7791919]
[1.8113408]
[1.7440048]
[2.8270805]
[4.494115]
[4.510732]
[2.3388493]
[1.497976][4.3]
[30.92]
[39.25]
[29.7]
[19.45]
[13.74]
[11.15]
[9.61]
[8.47]
[7.25]
[6.36]
[5.68]
[5.17]
[4.9]
[4.63]
[4.43]
[4.25]
[3.5]
[3.25]
[3.48]
[3.45]
[3.34]
[3.16]
[3.03]
[3.19]
[3.24]
[3.07]
[2.9]
[3.01]
[3.39]
[4.09]
[3.93]
[3.38]
[3.37]
[3.68]
[3.86]
[4.88]
[11.97]
[10.98]
[9.57]
[8.25]
[9.26]
[7.3]
[7.03]
[5.94]
[5.1]
[4.59]
[4.19]
[3.92]
[3.62]
[3.37]
[3.17]
[2.96]
[2.64]
[2.49]
[2.4]
[2.35]
[2.23]
[2.07]
[2.05]
[2.27]
[2.12]
[2.14]
[2.13]
[2.16]
[2.18]
[1.91]
[1.59]
[1.35]
[1.24]
[1.21]
[1.]
[0.83]
[0.7]
[0.64]
[0.65]
[0.76]
[0.78]
[0.85]
[0.9]
[0.64]
[0.59]
[0.65]
[0.65]
[0.65]
[0.67]
[0.16]
[0.]
[0.]
[0.]
[0.]
[0.]
[0.]
[0.]
[0.]
[0.]
[0.]
[0.]
[0.]
[0.]
[0.]
[0.]
[0.]
[0.]
[0.]
[0.]
[0.]
[0.]
[0.]
[0.]
[0.34]
[0.66]
[0.71]
[0.71]
[0.77]
[0.78]
[0.81]
[0.78]
[0.67]
[0.75]
[0.8]
[0.82]
[0.81]
[0.81]
[0.81]
[0.8]
[0.8]
[0.81]
[0.82]
[0.82]
[0.83]
[0.83]
[0.83]
[0.83]
[0.83]
[0.82]
[0.76]
[0.76]
[0.77]
[0.78]
[0.85]
[0.83]
[0.81]
[0.77]
[0.8]
[0.81]
[0.87]
[0.85]
[0.8]
[0.84]
[0.86]
[0.86]
[0.86]
[0.86]
[0.86]
[0.87]
[0.87]
[0.94]
[0.92]
[0.89]
[0.87]
[0.84]
[0.81]
[0.84]
[0.86]
[0.88]
[0.85]
[0.85]
[0.86]
[0.86]
[0.87]
[0.91]
[0.92]
[0.92]
[0.87]
[0.87]
[0.89]
[0.96]
[0.93]
[0.87]
[0.86]
[0.86]
[0.87]
[1.26]
[1.7]
[1.51]
[1.47]
[1.34]
[1.36]
[1.36]
[1.36]
[1.36]
[1.36]
[1.24]
[1.29]
[1.47]
[1.67]
[2.26]
[1.83]
[3.23]
[2.92]
[2.42]
[2.19]
[2.03]
[2.01]
[1.91]
[1.87]
[1.85]
[1.98]
[1.97]
[1.87]
[1.81]
[1.81]
[1.78]
[1.72]
[1.72]
[1.72]
[1.7]
[1.63]
[1.62]
[1.62]
[1.64]
[1.62]
[1.61]
[1.62]
[1.67]
[1.97]
[2.01]
[2.65]
[2.94]
[2.52]
[2.26]
[2.12]
[2.5]
[2.89]
[2.98]
[3.54]
[3.07]
[2.56]
[2.41]
[2.57]
[2.84]
[4.66]
[3.71]
[2.99]
[2.65]
[2.45]
[2.33]
[2.28]
[2.22]
[2.19]
[2.11]
[2.09]
[2.06]
[2.27]
[2.55]
[3.]
[3.19]
[2.98]