0.7964397843702234, 0.8258480240149202, 4.369791681532918, 21.125608283252188[24.543835]
[30.339342]
[42.239876]
[33.070644]
[19.21782]
[7.925152]
[6.1167765]
[5.855007]
[5.977988]
[5.8883843]
[4.572758]
[3.2564006]
[1.9946742]
[2.023686]
[2.0292025]
[2.0034394]
[1.987872]
[2.0042162]
[2.001405]
[2.005409]
[2.7250268]
[4.844673]
[5.3651896]
[4.8421335]
[4.960103]
[4.7310033]
[4.8157372]
[5.2352195]
[5.8256435]
[7.657605]
[5.9829884]
[3.693412]
[3.8003156]
[2.5614905]
[3.8550398]
[2.3929944]
[3.0082138]
[7.0439806]
[5.283132]
[4.6687956]
[3.8787682]
[6.1404214]
[4.659447]
[7.1776905]
[6.1089516]
[5.6500397]
[4.9257593]
[4.854203]
[4.785744]
[4.6701584]
[4.1266847]
[3.9575229]
[3.3694005]
[3.0804784]
[3.0400348]
[2.978118]
[2.8978767]
[2.8522391]
[2.3756082]
[2.3311205]
[2.413596]
[3.4486113]
[2.0702703]
[1.3691216]
[1.4965696]
[1.5581558]
[1.3678902]
[1.2365929]
[1.1759784]
[1.0031174]
[0.5844131]
[0.56281877]
[0.3646866]
[0.36497554]
[0.3668789]
[0.3654474]
[0.35662118]
[0.42364562]
[0.35621426]
[0.37998503]
[0.33574387]
[0.32729542]
[0.3028354]
[0.29835537]
[0.29437634]
[0.22877012]
[0.97656584]
[0.20332663]
[0.37300384]
[0.23437549]
[0.26868764]
[0.25063622]
[0.22240394]
[0.21409068]
[0.19250956]
[0.15881641]
[0.02538915]
[-0.00108157]
[-0.03113236]
[-0.1882787]
[0.3643181]
[-0.03178979]
[-0.03076124]
[-0.07046136]
[-0.10439309]
[-0.09523153]
[-0.0977552]
[-0.10282375]
[-0.10057577]
[-0.13470897]
[-0.13810214]
[-0.13782646]
[-0.1388126]
[-0.13781585]
[-0.13866414]
[-0.16961625]
[-0.18230884]
[-0.15101741]
[0.18779889]
[0.0084498]
[-0.19002831]
[-0.31789792]
[-0.21918839]
[-0.18730316]
[-0.21462882]
[-0.302512]
[-0.28330874]
[-0.22288907]
[-0.22194535]
[-0.20067438]
[-0.19214904]
[-0.15321237]
[-0.15576786]
[-0.15695547]
[-0.15286246]
[-0.15705091]
[-0.12589733]
[-0.14636241]
[-0.17152491]
[-0.14647904]
[-0.18781213]
[0.28116947]
[0.924417]
[0.2430135]
[0.23290423]
[-0.2825877]
[-0.20710021]
[-0.19012374]
[-0.18816206]
[-0.19344269]
[-0.17805676]
[-0.00944787]
[0.02139157]
[0.02164473]
[0.02033518]
[0.03408283]
[0.40882832]
[1.1798832]
[1.9216375]
[0.6141272]
[0.6228766]
[0.28696173]
[0.19569597]
[0.18179588]
[0.09929406]
[0.87432003]
[0.7400776]
[0.10346793]
[0.37343198]
[0.30629352]
[0.18686046]
[0.6758061]
[0.73695743]
[1.829888]
[2.93275]
[1.4644167]
[0.8176606]
[1.2206423]
[1.8227901]
[1.6076868]
[1.2278211]
[1.147489]
[1.0818576]
[0.5587973]
[0.69321996]
[1.1190314]
[0.90372396]
[1.0646863]
[1.7695186]
[3.0105326]
[1.7090287]
[1.5423841]
[1.5956053]
[1.5784154]
[2.111304]
[2.1490092]
[2.0122988]
[2.5185657]
[5.3055515]
[3.3194659]
[3.185904]
[2.2885098]
[3.1110938]
[2.6787605]
[2.1187756]
[4.525419]
[3.3542266]
[2.3808439]
[2.4200866]
[2.4035132]
[2.3408256]
[2.106551]
[2.1239674]
[2.1074417]
[1.5121942]
[1.5078201]
[1.4430304]
[1.1179074]
[1.1059995]
[1.0996903]
[1.0936238]
[1.1186775]
[1.1578064]
[1.1475924]
[0.9766136]
[2.1930676]
[2.2910745]
[4.132032]
[2.202017]
[3.021553]
[1.5526631]
[4.333252]
[2.682982]
[2.5381386]
[1.4049327]
[4.501667]
[3.2453144]
[3.0498226]
[2.6161458]
[2.6517038]
[4.544355]
[6.3458753]
[4.95326]
[4.546118]
[3.723258]
[3.5473824]
[3.5290883]
[3.4111252]
[2.9103796]
[2.6946037]
[1.8495657]
[1.8993592]
[1.9243932]
[1.785053]
[3.865053]
[5.78746]
[4.031343]
[2.3428297]
[4.7663746][4.3]
[30.92]
[39.25]
[29.7]
[19.45]
[13.74]
[11.15]
[9.61]
[8.47]
[7.25]
[6.36]
[5.68]
[5.17]
[4.9]
[4.63]
[4.43]
[4.25]
[3.5]
[3.25]
[3.48]
[3.45]
[3.34]
[3.16]
[3.03]
[3.19]
[3.24]
[3.07]
[2.9]
[3.01]
[3.39]
[4.09]
[3.93]
[3.38]
[3.37]
[3.68]
[3.86]
[4.88]
[11.97]
[10.98]
[9.57]
[8.25]
[9.26]
[7.3]
[7.03]
[5.94]
[5.1]
[4.59]
[4.19]
[3.92]
[3.62]
[3.37]
[3.17]
[2.96]
[2.64]
[2.49]
[2.4]
[2.35]
[2.23]
[2.07]
[2.05]
[2.27]
[2.12]
[2.14]
[2.13]
[2.16]
[2.18]
[1.91]
[1.59]
[1.35]
[1.24]
[1.21]
[1.]
[0.83]
[0.7]
[0.64]
[0.65]
[0.76]
[0.78]
[0.85]
[0.9]
[0.64]
[0.59]
[0.65]
[0.65]
[0.65]
[0.67]
[0.16]
[0.]
[0.]
[0.]
[0.]
[0.]
[0.]
[0.]
[0.]
[0.]
[0.]
[0.]
[0.]
[0.]
[0.]
[0.]
[0.]
[0.]
[0.]
[0.]
[0.]
[0.]
[0.]
[0.]
[0.34]
[0.66]
[0.71]
[0.71]
[0.77]
[0.78]
[0.81]
[0.78]
[0.67]
[0.75]
[0.8]
[0.82]
[0.81]
[0.81]
[0.81]
[0.8]
[0.8]
[0.81]
[0.82]
[0.82]
[0.83]
[0.83]
[0.83]
[0.83]
[0.83]
[0.82]
[0.76]
[0.76]
[0.77]
[0.78]
[0.85]
[0.83]
[0.81]
[0.77]
[0.8]
[0.81]
[0.87]
[0.85]
[0.8]
[0.84]
[0.86]
[0.86]
[0.86]
[0.86]
[0.86]
[0.87]
[0.87]
[0.94]
[0.92]
[0.89]
[0.87]
[0.84]
[0.81]
[0.84]
[0.86]
[0.88]
[0.85]
[0.85]
[0.86]
[0.86]
[0.87]
[0.91]
[0.92]
[0.92]
[0.87]
[0.87]
[0.89]
[0.96]
[0.93]
[0.87]
[0.86]
[0.86]
[0.87]
[1.26]
[1.7]
[1.51]
[1.47]
[1.34]
[1.36]
[1.36]
[1.36]
[1.36]
[1.36]
[1.24]
[1.29]
[1.47]
[1.67]
[2.26]
[1.83]
[3.23]
[2.92]
[2.42]
[2.19]
[2.03]
[2.01]
[1.91]
[1.87]
[1.85]
[1.98]
[1.97]
[1.87]
[1.81]
[1.81]
[1.78]
[1.72]
[1.72]
[1.72]
[1.7]
[1.63]
[1.62]
[1.62]
[1.64]
[1.62]
[1.61]
[1.62]
[1.67]
[1.97]
[2.01]
[2.65]
[2.94]
[2.52]
[2.26]
[2.12]
[2.5]
[2.89]
[2.98]
[3.54]
[3.07]
[2.56]
[2.41]
[2.57]
[2.84]
[4.66]
[3.71]
[2.99]
[2.65]
[2.45]
[2.33]
[2.28]
[2.22]
[2.19]
[2.11]
[2.09]
[2.06]
[2.27]
[2.55]
[3.]
[3.19]
[2.98]