0.8515601648460307, 0.8602255932360615, 14.298550404648683, 18.040061065418925[13.626928]
[24.807055]
[30.727861]
[35.945225]
[16.673038]
[11.198559]
[7.815923]
[5.6427536]
[5.5191164]
[4.7399516]
[3.543361]
[3.543361]
[3.543361]
[3.543361]
[3.543361]
[3.543361]
[3.543361]
[3.543361]
[3.543361]
[3.543361]
[3.543361]
[3.543361]
[4.81975]
[4.284873]
[3.7119691]
[3.5905697]
[3.9737418]
[4.5214686]
[6.310226]
[9.000621]
[4.924472]
[4.0083194]
[3.543361]
[2.7734675]
[3.0476713]
[3.2315764]
[3.543361]
[6.4665546]
[7.3270154]
[6.7089]
[6.8115315]
[6.226162]
[7.4156632]
[7.370448]
[6.78498]
[5.670205]
[4.5414486]
[3.6507316]
[3.543361]
[3.543361]
[3.543361]
[3.543361]
[3.4355953]
[3.119093]
[3.086434]
[3.0424006]
[2.9285772]
[2.8920767]
[2.4686677]
[2.4735463]
[2.7777138]
[3.2071497]
[1.6924944]
[1.6652193]
[1.7250003]
[1.5646778]
[1.3094033]
[1.0097337]
[0.9726205]
[0.8265207]
[0.33762968]
[0.3270724]
[0.18632464]
[0.12453111]
[0.11623043]
[0.10057511]
[0.10306366]
[0.12585226]
[0.09512748]
[0.10055457]
[0.07969484]
[0.06998519]
[0.05053376]
[0.04703753]
[0.04387333]
[0.08807372]
[0.4191944]
[0.01301004]
[0.02127228]
[0.07993905]
[-0.06104531]
[-0.08075752]
[-0.09614344]
[-0.10664107]
[-0.11589807]
[-0.19393045]
[-0.28098655]
[-0.3163816]
[-0.3294453]
[-0.39994907]
[-0.0043475]
[-0.2823544]
[-0.37585756]
[-0.26620504]
[-0.28904533]
[-0.29719955]
[-0.28829247]
[-0.29320198]
[-0.2929687]
[-0.3644268]
[-0.37993997]
[-0.37982333]
[-0.3854645]
[-0.38482827]
[-0.38541147]
[-0.4184843]
[-0.42296964]
[-0.5065265]
[-0.12156043]
[-0.28996786]
[-0.528105]
[-0.5640832]
[-0.3788584]
[-0.36509484]
[-0.5090396]
[-0.39324757]
[-0.3985812]
[-0.36196676]
[-0.3663779]
[-0.34669748]
[-0.344142]
[-0.41317186]
[-0.41549405]
[-0.4158758]
[-0.41372326]
[-0.42629918]
[-0.3881578]
[-0.40482676]
[-0.41472]
[-0.4098741]
[-0.47618943]
[-0.539101]
[-0.02723021]
[-0.11370312]
[-0.3714252]
[-0.37698156]
[-0.28365868]
[-0.21040855]
[-0.241191]
[-0.20084405]
[-0.2091255]
[-0.10611089]
[-0.15432575]
[-0.15366833]
[-0.15630865]
[-0.17105834]
[-0.19910504]
[-0.06377045]
[0.3532605]
[-0.32122746]
[0.05488557]
[0.01430335]
[-0.00879044]
[-0.03025226]
[0.02553197]
[0.03527774]
[0.5698145]
[0.07726064]
[0.4174004]
[0.4435381]
[0.37370998]
[0.6215591]
[0.6403445]
[0.9261714]
[1.5983703]
[0.77864313]
[0.87810385]
[1.2599788]
[1.2699227]
[0.96712923]
[0.69981945]
[0.84954816]
[0.7896915]
[0.97601944]
[1.2174972]
[1.4617777]
[1.0758413]
[1.1300745]
[1.6411773]
[2.6188262]
[1.2426218]
[1.4183623]
[1.6929086]
[1.4765638]
[1.8680148]
[1.6891475]
[1.5022568]
[1.991119]
[5.77679]
[1.4161986]
[2.1988835]
[1.7255868]
[2.106879]
[1.7586013]
[2.1422195]
[3.045912]
[1.7500643]
[2.2524667]
[2.3892486]
[2.2746346]
[2.1816957]
[2.0079725]
[2.0394912]
[2.0213912]
[1.6675457]
[1.662784]
[1.611914]
[1.2996385]
[1.1943787]
[1.1884778]
[1.1826166]
[1.2206016]
[1.268063]
[1.1617988]
[0.94082105]
[1.5237253]
[2.586663]
[2.6554172]
[0.7658455]
[1.6097423]
[2.1696615]
[3.4386923]
[1.6072272]
[1.6272382]
[1.1195133]
[7.0206437]
[1.6441143]
[2.0897572]
[2.0850163]
[1.9910352]
[3.4753976]
[9.589043]
[4.668101]
[2.68739]
[2.939966]
[2.7528548]
[2.7402554]
[2.6677365]
[2.4496508]
[2.5092602]
[2.3459282]
[2.2905014]
[2.2508714]
[2.1487265]
[3.212672]
[6.953692]
[2.5757527]
[2.2690263]
[5.6264677][4.3]
[30.92]
[39.25]
[29.7]
[19.45]
[13.74]
[11.15]
[9.61]
[8.47]
[7.25]
[6.36]
[5.68]
[5.17]
[4.9]
[4.63]
[4.43]
[4.25]
[3.5]
[3.25]
[3.48]
[3.45]
[3.34]
[3.16]
[3.03]
[3.19]
[3.24]
[3.07]
[2.9]
[3.01]
[3.39]
[4.09]
[3.93]
[3.38]
[3.37]
[3.68]
[3.86]
[4.88]
[11.97]
[10.98]
[9.57]
[8.25]
[9.26]
[7.3]
[7.03]
[5.94]
[5.1]
[4.59]
[4.19]
[3.92]
[3.62]
[3.37]
[3.17]
[2.96]
[2.64]
[2.49]
[2.4]
[2.35]
[2.23]
[2.07]
[2.05]
[2.27]
[2.12]
[2.14]
[2.13]
[2.16]
[2.18]
[1.91]
[1.59]
[1.35]
[1.24]
[1.21]
[1.]
[0.83]
[0.7]
[0.64]
[0.65]
[0.76]
[0.78]
[0.85]
[0.9]
[0.64]
[0.59]
[0.65]
[0.65]
[0.65]
[0.67]
[0.16]
[0.]
[0.]
[0.]
[0.]
[0.]
[0.]
[0.]
[0.]
[0.]
[0.]
[0.]
[0.]
[0.]
[0.]
[0.]
[0.]
[0.]
[0.]
[0.]
[0.]
[0.]
[0.]
[0.]
[0.34]
[0.66]
[0.71]
[0.71]
[0.77]
[0.78]
[0.81]
[0.78]
[0.67]
[0.75]
[0.8]
[0.82]
[0.81]
[0.81]
[0.81]
[0.8]
[0.8]
[0.81]
[0.82]
[0.82]
[0.83]
[0.83]
[0.83]
[0.83]
[0.83]
[0.82]
[0.76]
[0.76]
[0.77]
[0.78]
[0.85]
[0.83]
[0.81]
[0.77]
[0.8]
[0.81]
[0.87]
[0.85]
[0.8]
[0.84]
[0.86]
[0.86]
[0.86]
[0.86]
[0.86]
[0.87]
[0.87]
[0.94]
[0.92]
[0.89]
[0.87]
[0.84]
[0.81]
[0.84]
[0.86]
[0.88]
[0.85]
[0.85]
[0.86]
[0.86]
[0.87]
[0.91]
[0.92]
[0.92]
[0.87]
[0.87]
[0.89]
[0.96]
[0.93]
[0.87]
[0.86]
[0.86]
[0.87]
[1.26]
[1.7]
[1.51]
[1.47]
[1.34]
[1.36]
[1.36]
[1.36]
[1.36]
[1.36]
[1.24]
[1.29]
[1.47]
[1.67]
[2.26]
[1.83]
[3.23]
[2.92]
[2.42]
[2.19]
[2.03]
[2.01]
[1.91]
[1.87]
[1.85]
[1.98]
[1.97]
[1.87]
[1.81]
[1.81]
[1.78]
[1.72]
[1.72]
[1.72]
[1.7]
[1.63]
[1.62]
[1.62]
[1.64]
[1.62]
[1.61]
[1.62]
[1.67]
[1.97]
[2.01]
[2.65]
[2.94]
[2.52]
[2.26]
[2.12]
[2.5]
[2.89]
[2.98]
[3.54]
[3.07]
[2.56]
[2.41]
[2.57]
[2.84]
[4.66]
[3.71]
[2.99]
[2.65]
[2.45]
[2.33]
[2.28]
[2.22]
[2.19]
[2.11]
[2.09]
[2.06]
[2.27]
[2.55]
[3.]
[3.19]
[2.98]