0.7507908864139883, 0.8045701579065104, 16.09865794578463, 23.374629285471208[13.595419]
[24.136036]
[17.553326]
[25.162271]
[12.420497]
[6.0202503]
[5.121256]
[3.9665802]
[4.2748895]
[4.4082427]
[3.7533457]
[3.280483]
[2.3248742]
[1.9289875]
[1.9227817]
[1.915994]
[1.9102893]
[1.9080585]
[1.9105133]
[1.9167482]
[2.600466]
[3.5942852]
[4.369497]
[4.928261]
[4.456264]
[4.5449014]
[4.571482]
[4.93812]
[4.5932965]
[5.6396594]
[4.550471]
[4.28768]
[1.6974008]
[3.321954]
[2.675451]
[3.0954914]
[2.5725718]
[7.7477994]
[5.3166337]
[5.455499]
[5.369441]
[3.7322974]
[5.32553]
[5.8403325]
[4.0632696]
[3.9814014]
[3.5259552]
[3.6353905]
[3.8223968]
[4.0047507]
[4.015357]
[3.8386018]
[3.3136752]
[2.9746945]
[2.9500754]
[2.9166288]
[2.8643873]
[2.8557427]
[2.742119]
[2.6894057]
[2.434838]
[2.5277846]
[2.2659004]
[1.8680854]
[1.538807]
[1.8219726]
[1.8434106]
[1.739219]
[1.4943962]
[1.267499]
[1.026072]
[0.9854388]
[0.674876]
[0.56881016]
[0.55442625]
[0.5387965]
[0.56019205]
[0.5318829]
[0.547176]
[0.5393452]
[0.5304779]
[0.53210026]
[0.53117245]
[0.53093123]
[0.5307987]
[0.69691837]
[0.46166277]
[0.71320826]
[0.6425401]
[0.5279569]
[0.38344747]
[0.364846]
[0.36873487]
[0.3687269]
[0.40864444]
[0.3637432]
[0.3726874]
[0.3618266]
[0.35546175]
[0.4093814]
[0.43821275]
[0.4938051]
[0.48251486]
[0.39190918]
[0.40857285]
[0.40535465]
[0.39462107]
[0.39698303]
[0.39685315]
[0.41540426]
[0.40897578]
[0.40937343]
[0.40641502]
[0.40627715]
[0.40607303]
[0.3658215]
[0.36698526]
[0.24717179]
[0.4774145]
[0.376062]
[0.2709134]
[0.05339244]
[0.3774935]
[0.1960144]
[0.21372253]
[0.23185745]
[0.2174126]
[0.2651821]
[0.26816705]
[0.3397047]
[0.35197577]
[0.3436148]
[0.34579384]
[0.3459582]
[0.3456719]
[0.34496942]
[0.35965285]
[0.3443226]
[0.3508942]
[0.34482625]
[0.27221766]
[-0.5543597]
[1.2389566]
[-0.4130446]
[0.2592202]
[0.21741526]
[0.14867699]
[0.20452915]
[0.21022862]
[0.20911524]
[0.19910802]
[0.48994538]
[0.467007]
[0.4667101]
[0.46484387]
[0.4522891]
[-0.0153435]
[0.8186696]
[1.3358529]
[0.38035914]
[0.36948773]
[0.38157856]
[0.18947725]
[0.17299649]
[-0.0673969]
[0.8042672]
[0.49366993]
[0.86882234]
[0.52784026]
[0.4944917]
[0.5608468]
[1.1935729]
[1.2465117]
[0.26388848]
[1.6952933]
[1.0531273]
[1.5619178]
[0.7850587]
[1.6109464]
[1.8190142]
[1.5516798]
[1.2594826]
[1.2655134]
[1.1297733]
[1.4655039]
[1.5132018]
[1.4203986]
[1.9276196]
[1.4207431]
[1.9469316]
[2.10943]
[2.0227585]
[1.8264103]
[2.0366917]
[2.0721767]
[2.1930134]
[2.3646312]
[3.1059096]
[2.910264]
[2.5014157]
[2.4247937]
[2.5310876]
[2.2867208]
[1.9041007]
[2.8730292]
[2.5420809]
[2.317901]
[2.636618]
[2.4171405]
[2.466747]
[2.422612]
[2.3187518]
[2.279155]
[2.2910657]
[1.9088061]
[1.9130979]
[1.7944826]
[1.4128302]
[1.5498905]
[1.5373517]
[1.5253509]
[1.5360156]
[1.596947]
[1.6923375]
[1.5633413]
[1.0939567]
[2.1568496]
[2.767324]
[2.760201]
[1.9329426]
[2.561019]
[3.581076]
[1.9926864]
[2.8489563]
[2.9566445]
[2.70771]
[2.0504391]
[1.8685546]
[2.1477518]
[2.984503]
[2.5588586]
[4.1488967]
[2.9234762]
[2.5843258]
[3.035724]
[3.0346477]
[3.00316]
[2.9754527]
[2.6929312]
[2.5525148]
[1.8110774]
[1.7428348]
[1.7024508]
[1.6184247]
[1.8458389]
[3.2742589]
[2.9412744]
[3.172551]
[1.4704585][4.3]
[30.92]
[39.25]
[29.7]
[19.45]
[13.74]
[11.15]
[9.61]
[8.47]
[7.25]
[6.36]
[5.68]
[5.17]
[4.9]
[4.63]
[4.43]
[4.25]
[3.5]
[3.25]
[3.48]
[3.45]
[3.34]
[3.16]
[3.03]
[3.19]
[3.24]
[3.07]
[2.9]
[3.01]
[3.39]
[4.09]
[3.93]
[3.38]
[3.37]
[3.68]
[3.86]
[4.88]
[11.97]
[10.98]
[9.57]
[8.25]
[9.26]
[7.3]
[7.03]
[5.94]
[5.1]
[4.59]
[4.19]
[3.92]
[3.62]
[3.37]
[3.17]
[2.96]
[2.64]
[2.49]
[2.4]
[2.35]
[2.23]
[2.07]
[2.05]
[2.27]
[2.12]
[2.14]
[2.13]
[2.16]
[2.18]
[1.91]
[1.59]
[1.35]
[1.24]
[1.21]
[1.]
[0.83]
[0.7]
[0.64]
[0.65]
[0.76]
[0.78]
[0.85]
[0.9]
[0.64]
[0.59]
[0.65]
[0.65]
[0.65]
[0.67]
[0.16]
[0.]
[0.]
[0.]
[0.]
[0.]
[0.]
[0.]
[0.]
[0.]
[0.]
[0.]
[0.]
[0.]
[0.]
[0.]
[0.]
[0.]
[0.]
[0.]
[0.]
[0.]
[0.]
[0.]
[0.34]
[0.66]
[0.71]
[0.71]
[0.77]
[0.78]
[0.81]
[0.78]
[0.67]
[0.75]
[0.8]
[0.82]
[0.81]
[0.81]
[0.81]
[0.8]
[0.8]
[0.81]
[0.82]
[0.82]
[0.83]
[0.83]
[0.83]
[0.83]
[0.83]
[0.82]
[0.76]
[0.76]
[0.77]
[0.78]
[0.85]
[0.83]
[0.81]
[0.77]
[0.8]
[0.81]
[0.87]
[0.85]
[0.8]
[0.84]
[0.86]
[0.86]
[0.86]
[0.86]
[0.86]
[0.87]
[0.87]
[0.94]
[0.92]
[0.89]
[0.87]
[0.84]
[0.81]
[0.84]
[0.86]
[0.88]
[0.85]
[0.85]
[0.86]
[0.86]
[0.87]
[0.91]
[0.92]
[0.92]
[0.87]
[0.87]
[0.89]
[0.96]
[0.93]
[0.87]
[0.86]
[0.86]
[0.87]
[1.26]
[1.7]
[1.51]
[1.47]
[1.34]
[1.36]
[1.36]
[1.36]
[1.36]
[1.36]
[1.24]
[1.29]
[1.47]
[1.67]
[2.26]
[1.83]
[3.23]
[2.92]
[2.42]
[2.19]
[2.03]
[2.01]
[1.91]
[1.87]
[1.85]
[1.98]
[1.97]
[1.87]
[1.81]
[1.81]
[1.78]
[1.72]
[1.72]
[1.72]
[1.7]
[1.63]
[1.62]
[1.62]
[1.64]
[1.62]
[1.61]
[1.62]
[1.67]
[1.97]
[2.01]
[2.65]
[2.94]
[2.52]
[2.26]
[2.12]
[2.5]
[2.89]
[2.98]
[3.54]
[3.07]
[2.56]
[2.41]
[2.57]
[2.84]
[4.66]
[3.71]
[2.99]
[2.65]
[2.45]
[2.33]
[2.28]
[2.22]
[2.19]
[2.11]
[2.09]
[2.06]
[2.27]
[2.55]
[3.]
[3.19]
[2.98]