0.711969808954801, 0.8333693677771894, 1.6088693491655162, 25.129380240770313[8.128455]
[46.61994]
[60.893238]
[24.807957]
[13.9615]
[9.841701]
[4.494468]
[4.445021]
[4.857491]
[4.539284]
[3.9264064]
[3.4425468]
[2.7184496]
[2.3121414]
[2.3043642]
[2.284721]
[2.2948272]
[2.2849412]
[2.29832]
[2.262032]
[2.8004174]
[4.079922]
[3.8246186]
[4.4995556]
[3.891821]
[4.453504]
[4.653249]
[5.0909104]
[5.5989804]
[8.244639]
[3.5792365]
[4.791344]
[3.143219]
[3.4412122]
[2.825327]
[3.2217994]
[3.8622227]
[5.9869227]
[5.1332164]
[4.8859754]
[4.748282]
[6.1845713]
[6.2102633]
[6.513901]
[5.857183]
[5.4398437]
[4.3445115]
[4.3406982]
[4.3862286]
[4.351632]
[4.060736]
[3.9294457]
[3.3677247]
[2.9472704]
[2.905431]
[2.8435137]
[2.781214]
[2.767379]
[2.580826]
[2.562143]
[2.865143]
[2.7538557]
[1.26498]
[1.5747966]
[1.3116307]
[1.5863098]
[1.6538628]
[1.5081286]
[1.4142047]
[1.2646638]
[0.78166914]
[0.7536423]
[0.5491685]
[0.4478167]
[0.43339837]
[0.41307312]
[0.4205805]
[0.4152621]
[0.41371992]
[0.40666848]
[0.38682505]
[0.3836042]
[0.3546953]
[0.3493464]
[0.3446218]
[0.47693568]
[0.4648422]
[0.3506427]
[0.28150347]
[0.24038842]
[0.173079]
[0.16557029]
[0.16199619]
[0.16242829]
[0.18028486]
[0.077086]
[0.06618808]
[0.06020563]
[0.05659773]
[0.25560468]
[0.22126007]
[0.14142706]
[0.19404311]
[0.12602127]
[0.14494283]
[0.16466235]
[0.15128516]
[0.15620857]
[0.15610187]
[0.10342949]
[0.09126244]
[0.09174623]
[0.08669889]
[0.08591886]
[0.08551724]
[0.05337488]
[0.06205067]
[0.21175522]
[0.29528227]
[0.05295935]
[0.00744245]
[0.05462876]
[0.12033769]
[0.04890212]
[-0.01900177]
[0.01613745]
[0.01983217]
[0.04333983]
[0.04335044]
[0.06949378]
[0.07754991]
[0.03389462]
[0.03497288]
[0.03708168]
[0.03539173]
[0.04464144]
[0.04014084]
[0.02167257]
[0.03632617]
[0.03632352]
[0.13051854]
[0.1466434]
[1.1394782]
[-0.16410235]
[0.10654829]
[0.03886111]
[-0.01823831]
[0.17628993]
[0.04173537]
[0.11855827]
[0.11003557]
[0.18836154]
[0.14689192]
[0.14663877]
[0.14517745]
[0.13011892]
[0.5326228]
[1.0438272]
[0.872024]
[-0.47299775]
[0.11544609]
[0.67254746]
[0.48332772]
[0.4402384]
[1.6873989]
[1.5244974]
[1.1577256]
[0.45706773]
[0.4792294]
[0.6249602]
[0.72748375]
[0.9755724]
[1.0605102]
[2.005216]
[2.1349747]
[0.24830738]
[1.1714619]
[1.6004053]
[1.9060471]
[1.1533432]
[1.4464762]
[1.0505003]
[1.2426562]
[1.0090737]
[1.2341508]
[1.2635863]
[0.9147879]
[1.5523576]
[2.0575628]
[1.9921697]
[1.1532449]
[1.8250988]
[1.5865649]
[2.3779361]
[2.4909055]
[1.9513907]
[2.885915]
[2.8153863]
[5.0749583]
[2.4411612]
[3.1302373]
[3.3503828]
[2.428437]
[3.1478465]
[3.5511022]
[4.6369185]
[2.948361]
[2.6984005]
[2.29673]
[2.5693324]
[2.4498296]
[2.2239914]
[2.179913]
[2.206848]
[1.6019853]
[1.60579]
[1.4744345]
[1.0190123]
[1.149163]
[1.1353706]
[1.1221615]
[1.1038688]
[1.1323237]
[1.2676414]
[1.0707711]
[2.144622]
[3.68267]
[3.6044579]
[2.4748635]
[1.6001406]
[2.2295938]
[5.902522]
[2.8173852]
[2.660147]
[1.6226095]
[7.601568]
[2.6267898]
[2.886088]
[3.045646]
[3.4828444]
[3.494782]
[8.138928]
[4.685829]
[4.135574]
[3.0672448]
[3.5883934]
[3.5906487]
[3.600813]
[3.1619809]
[2.9456117]
[1.7923735]
[1.7160048]
[1.6662359]
[1.6918538]
[2.8357425]
[5.576874]
[3.5733252]
[2.502959]
[2.313085][4.3]
[30.92]
[39.25]
[29.7]
[19.45]
[13.74]
[11.15]
[9.61]
[8.47]
[7.25]
[6.36]
[5.68]
[5.17]
[4.9]
[4.63]
[4.43]
[4.25]
[3.5]
[3.25]
[3.48]
[3.45]
[3.34]
[3.16]
[3.03]
[3.19]
[3.24]
[3.07]
[2.9]
[3.01]
[3.39]
[4.09]
[3.93]
[3.38]
[3.37]
[3.68]
[3.86]
[4.88]
[11.97]
[10.98]
[9.57]
[8.25]
[9.26]
[7.3]
[7.03]
[5.94]
[5.1]
[4.59]
[4.19]
[3.92]
[3.62]
[3.37]
[3.17]
[2.96]
[2.64]
[2.49]
[2.4]
[2.35]
[2.23]
[2.07]
[2.05]
[2.27]
[2.12]
[2.14]
[2.13]
[2.16]
[2.18]
[1.91]
[1.59]
[1.35]
[1.24]
[1.21]
[1.]
[0.83]
[0.7]
[0.64]
[0.65]
[0.76]
[0.78]
[0.85]
[0.9]
[0.64]
[0.59]
[0.65]
[0.65]
[0.65]
[0.67]
[0.16]
[0.]
[0.]
[0.]
[0.]
[0.]
[0.]
[0.]
[0.]
[0.]
[0.]
[0.]
[0.]
[0.]
[0.]
[0.]
[0.]
[0.]
[0.]
[0.]
[0.]
[0.]
[0.]
[0.]
[0.34]
[0.66]
[0.71]
[0.71]
[0.77]
[0.78]
[0.81]
[0.78]
[0.67]
[0.75]
[0.8]
[0.82]
[0.81]
[0.81]
[0.81]
[0.8]
[0.8]
[0.81]
[0.82]
[0.82]
[0.83]
[0.83]
[0.83]
[0.83]
[0.83]
[0.82]
[0.76]
[0.76]
[0.77]
[0.78]
[0.85]
[0.83]
[0.81]
[0.77]
[0.8]
[0.81]
[0.87]
[0.85]
[0.8]
[0.84]
[0.86]
[0.86]
[0.86]
[0.86]
[0.86]
[0.87]
[0.87]
[0.94]
[0.92]
[0.89]
[0.87]
[0.84]
[0.81]
[0.84]
[0.86]
[0.88]
[0.85]
[0.85]
[0.86]
[0.86]
[0.87]
[0.91]
[0.92]
[0.92]
[0.87]
[0.87]
[0.89]
[0.96]
[0.93]
[0.87]
[0.86]
[0.86]
[0.87]
[1.26]
[1.7]
[1.51]
[1.47]
[1.34]
[1.36]
[1.36]
[1.36]
[1.36]
[1.36]
[1.24]
[1.29]
[1.47]
[1.67]
[2.26]
[1.83]
[3.23]
[2.92]
[2.42]
[2.19]
[2.03]
[2.01]
[1.91]
[1.87]
[1.85]
[1.98]
[1.97]
[1.87]
[1.81]
[1.81]
[1.78]
[1.72]
[1.72]
[1.72]
[1.7]
[1.63]
[1.62]
[1.62]
[1.64]
[1.62]
[1.61]
[1.62]
[1.67]
[1.97]
[2.01]
[2.65]
[2.94]
[2.52]
[2.26]
[2.12]
[2.5]
[2.89]
[2.98]
[3.54]
[3.07]
[2.56]
[2.41]
[2.57]
[2.84]
[4.66]
[3.71]
[2.99]
[2.65]
[2.45]
[2.33]
[2.28]
[2.22]
[2.19]
[2.11]
[2.09]
[2.06]
[2.27]
[2.55]
[3.]
[3.19]
[2.98]