0.7297203232209978, 0.7371640999027297, -1.4210396208449838, 24.342740367038733[17.908014]
[23.078955]
[25.32868]
[17.70736]
[15.271962]
[4.9524875]
[4.047238]
[5.7101226]
[5.5783186]
[4.8973875]
[2.640621]
[3.5535264]
[2.6679895]
[2.1960065]
[2.1697536]
[2.183493]
[2.1767128]
[2.1707554]
[2.1698678]
[2.1639388]
[2.5498545]
[3.1108987]
[4.1180654]
[4.012026]
[4.8155823]
[4.1916447]
[3.9704893]
[4.437761]
[4.5332503]
[7.338509]
[5.4741473]
[5.7680755]
[3.3561432]
[3.1907454]
[3.539486]
[3.3634737]
[2.798729]
[9.847118]
[9.224423]
[4.618802]
[8.602908]
[6.461127]
[6.4109554]
[8.542579]
[5.8387976]
[4.7987485]
[4.480544]
[4.3797064]
[4.2768717]
[4.239137]
[4.1481967]
[4.116954]
[3.8740492]
[3.5795896]
[3.5442927]
[3.4956458]
[3.4287174]
[3.4190786]
[3.2772412]
[3.213943]
[3.376295]
[3.2298455]
[2.7559688]
[2.3982286]
[2.0504043]
[2.188042]
[2.0722103]
[1.8831216]
[1.8003398]
[1.6391263]
[1.253976]
[1.228452]
[0.98564494]
[0.89271075]
[0.88021666]
[0.8575026]
[0.8615326]
[0.8721585]
[0.85494477]
[0.8599471]
[0.81963295]
[0.8127783]
[0.7850292]
[0.77997553]
[0.77549815]
[0.82573664]
[1.0017244]
[0.73918855]
[0.71971524]
[0.6729312]
[0.5387395]
[0.50288385]
[0.48937112]
[0.47348252]
[0.46146792]
[0.411409]
[0.30799344]
[0.25706238]
[0.23053697]
[0.25643775]
[0.36249328]
[0.2747274]
[0.21336499]
[0.13092281]
[0.15867426]
[0.15854304]
[0.15660158]
[0.15885584]
[0.15882403]
[0.1219912]
[0.10981289]
[0.10991595]
[0.10527751]
[0.10549422]
[0.10532158]
[0.07392412]
[0.07647961]
[0.17842856]
[0.31572482]
[0.26211533]
[0.12990518]
[0.0657139]
[0.08079066]
[0.1305023]
[0.14932778]
[0.0462966]
[0.10449515]
[0.08511265]
[0.08750145]
[0.10352392]
[0.10604362]
[0.05814587]
[0.05938484]
[0.06017183]
[0.05833176]
[0.07944002]
[0.06093596]
[0.06565061]
[0.06901728]
[0.05363268]
[0.18122627]
[0.894853]
[0.5611841]
[0.63360286]
[0.8798591]
[-0.04480049]
[0.41861948]
[0.5100894]
[0.44624072]
[0.47766402]
[0.4947018]
[0.4094861]
[0.36600608]
[0.36587918]
[0.363941]
[0.34969136]
[0.9784056]
[1.771667]
[0.84833205]
[1.0360607]
[1.2836009]
[0.5526346]
[1.0000052]
[0.9724563]
[1.1318529]
[0.7928434]
[1.1608748]
[1.4448191]
[0.66514415]
[0.9917569]
[1.1892731]
[1.3584738]
[1.37752]
[2.0751479]
[2.175982]
[2.2698216]
[2.1530545]
[1.4869498]
[1.8161952]
[2.1455588]
[2.1068935]
[1.6031988]
[1.6833158]
[1.5141376]
[1.6882783]
[1.6112665]
[1.8688147]
[1.7824696]
[2.141773]
[2.4503767]
[2.4487693]
[2.282955]
[1.9054664]
[2.1095347]
[2.2519877]
[2.5064526]
[2.2022636]
[2.3555865]
[4.013917]
[3.1468985]
[3.1565444]
[1.984134]
[2.8305566]
[2.9847648]
[2.451734]
[5.398725]
[3.6420903]
[3.1873548]
[2.4480324]
[2.7951841]
[2.772919]
[2.5858705]
[2.5887895]
[2.5960433]
[2.2131007]
[2.2108207]
[2.1500099]
[1.9587419]
[1.790046]
[1.7856315]
[1.7816192]
[1.8158282]
[1.8529532]
[1.778403]
[1.6314231]
[2.6946304]
[3.1254175]
[2.1640096]
[2.338651]
[2.0915527]
[1.505144]
[5.845521]
[3.0546887]
[2.7369075]
[0.77588916]
[9.087448]
[3.6261795]
[3.3554146]
[2.4562314]
[2.7093513]
[3.0320725]
[12.859941]
[5.665353]
[4.285509]
[3.1188202]
[3.4378326]
[3.5084937]
[3.5017002]
[3.2573614]
[3.1940105]
[2.795598]
[2.7697039]
[2.7165022]
[2.6120954]
[3.260223]
[8.609364]
[4.1161056]
[3.4967678]
[3.1622736][4.3]
[30.92]
[39.25]
[29.7]
[19.45]
[13.74]
[11.15]
[9.61]
[8.47]
[7.25]
[6.36]
[5.68]
[5.17]
[4.9]
[4.63]
[4.43]
[4.25]
[3.5]
[3.25]
[3.48]
[3.45]
[3.34]
[3.16]
[3.03]
[3.19]
[3.24]
[3.07]
[2.9]
[3.01]
[3.39]
[4.09]
[3.93]
[3.38]
[3.37]
[3.68]
[3.86]
[4.88]
[11.97]
[10.98]
[9.57]
[8.25]
[9.26]
[7.3]
[7.03]
[5.94]
[5.1]
[4.59]
[4.19]
[3.92]
[3.62]
[3.37]
[3.17]
[2.96]
[2.64]
[2.49]
[2.4]
[2.35]
[2.23]
[2.07]
[2.05]
[2.27]
[2.12]
[2.14]
[2.13]
[2.16]
[2.18]
[1.91]
[1.59]
[1.35]
[1.24]
[1.21]
[1.]
[0.83]
[0.7]
[0.64]
[0.65]
[0.76]
[0.78]
[0.85]
[0.9]
[0.64]
[0.59]
[0.65]
[0.65]
[0.65]
[0.67]
[0.16]
[0.]
[0.]
[0.]
[0.]
[0.]
[0.]
[0.]
[0.]
[0.]
[0.]
[0.]
[0.]
[0.]
[0.]
[0.]
[0.]
[0.]
[0.]
[0.]
[0.]
[0.]
[0.]
[0.]
[0.34]
[0.66]
[0.71]
[0.71]
[0.77]
[0.78]
[0.81]
[0.78]
[0.67]
[0.75]
[0.8]
[0.82]
[0.81]
[0.81]
[0.81]
[0.8]
[0.8]
[0.81]
[0.82]
[0.82]
[0.83]
[0.83]
[0.83]
[0.83]
[0.83]
[0.82]
[0.76]
[0.76]
[0.77]
[0.78]
[0.85]
[0.83]
[0.81]
[0.77]
[0.8]
[0.81]
[0.87]
[0.85]
[0.8]
[0.84]
[0.86]
[0.86]
[0.86]
[0.86]
[0.86]
[0.87]
[0.87]
[0.94]
[0.92]
[0.89]
[0.87]
[0.84]
[0.81]
[0.84]
[0.86]
[0.88]
[0.85]
[0.85]
[0.86]
[0.86]
[0.87]
[0.91]
[0.92]
[0.92]
[0.87]
[0.87]
[0.89]
[0.96]
[0.93]
[0.87]
[0.86]
[0.86]
[0.87]
[1.26]
[1.7]
[1.51]
[1.47]
[1.34]
[1.36]
[1.36]
[1.36]
[1.36]
[1.36]
[1.24]
[1.29]
[1.47]
[1.67]
[2.26]
[1.83]
[3.23]
[2.92]
[2.42]
[2.19]
[2.03]
[2.01]
[1.91]
[1.87]
[1.85]
[1.98]
[1.97]
[1.87]
[1.81]
[1.81]
[1.78]
[1.72]
[1.72]
[1.72]
[1.7]
[1.63]
[1.62]
[1.62]
[1.64]
[1.62]
[1.61]
[1.62]
[1.67]
[1.97]
[2.01]
[2.65]
[2.94]
[2.52]
[2.26]
[2.12]
[2.5]
[2.89]
[2.98]
[3.54]
[3.07]
[2.56]
[2.41]
[2.57]
[2.84]
[4.66]
[3.71]
[2.99]
[2.65]
[2.45]
[2.33]
[2.28]
[2.22]
[2.19]
[2.11]
[2.09]
[2.06]
[2.27]
[2.55]
[3.]
[3.19]
[2.98]