0.7842880831494878, 0.7877609258221067, 5.930295418053736, 21.747024343852893[20.173697]
[28.835894]
[35.146267]
[18.877468]
[12.521815]
[8.829319]
[7.8356714]
[6.4423385]
[6.3279276]
[6.264383]
[4.936356]
[4.0782576]
[2.805695]
[2.7044425]
[2.7053347]
[2.7180557]
[2.6808157]
[2.6992946]
[2.6993945]
[2.616478]
[1.4254886]
[4.296261]
[5.2700644]
[5.011679]
[5.5952435]
[4.794304]
[4.7227645]
[5.8717604]
[4.6783056]
[9.21061]
[6.9293294]
[2.983462]
[4.267725]
[2.8095841]
[3.5318673]
[2.6610384]
[3.0125716]
[8.783024]
[6.7782664]
[7.128222]
[6.0493445]
[6.5636773]
[5.603562]
[9.768846]
[5.64368]
[5.5868645]
[4.554544]
[3.9938695]
[4.064432]
[3.9300873]
[3.5820644]
[3.757651]
[3.6542175]
[3.1131463]
[3.0701313]
[3.0112762]
[2.9408746]
[2.924918]
[2.207126]
[2.1473498]
[2.0021045]
[3.451526]
[3.4338198]
[1.4901903]
[2.0702703]
[1.9235657]
[1.5664849]
[1.3349154]
[1.2025485]
[1.0369776]
[0.7778306]
[0.73421246]
[0.51904815]
[0.41586122]
[0.40080336]
[0.37764296]
[0.38390243]
[0.38141257]
[0.36655614]
[0.38696754]
[0.33845776]
[0.33373582]
[0.30847922]
[0.30378312]
[0.29970467]
[0.3690606]
[0.41269735]
[0.15953879]
[0.30635715]
[0.17467022]
[0.04615842]
[0.00464573]
[-0.00854656]
[-0.01731579]
[-0.01973342]
[-0.07084309]
[-0.16943598]
[-0.20557328]
[-0.23865671]
[-0.20465076]
[-0.12080757]
[-0.33151302]
[-0.28100777]
[-0.30111232]
[-0.35259312]
[-0.33096164]
[-0.3404201]
[-0.34234998]
[-0.33849025]
[-0.34976193]
[-0.35138428]
[-0.35121465]
[-0.35274157]
[-0.35302785]
[-0.35322934]
[-0.39328998]
[-0.38776547]
[-0.36145777]
[-0.0922519]
[-0.4173179]
[-0.48969853]
[-0.458757]
[-0.27864313]
[-0.56790054]
[-0.44632953]
[-0.3878715]
[-0.42904556]
[-0.4399355]
[-0.44480258]
[-0.41919473]
[-0.41478363]
[-0.39994907]
[-0.40213344]
[-0.4005217]
[-0.4005217]
[-0.39691645]
[-0.39372474]
[-0.41638476]
[-0.40473133]
[-0.3976587]
[-0.38067162]
[-0.17773865]
[0.29968745]
[-0.8530968]
[-0.23181735]
[-0.15305331]
[-0.04203293]
[-0.02417636]
[-0.0026085]
[-0.00909795]
[0.00476237]
[-0.03378328]
[-0.04481109]
[-0.04515041]
[-0.04700605]
[-0.05531933]
[-0.07949568]
[0.28559914]
[0.64029443]
[-0.85074276]
[0.07781103]
[0.3726367]
[0.2139462]
[0.2724168]
[0.41398236]
[0.75474775]
[-0.00999926]
[0.11440163]
[0.594083]
[0.5527963]
[0.6003491]
[0.7345789]
[0.7393632]
[0.7021933]
[3.8350976]
[1.1864879]
[0.82713103]
[0.9378161]
[2.1920843]
[1.2734089]
[0.8684588]
[0.846378]
[1.1127765]
[1.3100644]
[1.5009887]
[1.4787774]
[1.5324154]
[1.256325]
[1.1605501]
[3.3915966]
[2.5167224]
[1.334596]
[1.9068185]
[1.7172406]
[2.1283057]
[2.6661239]
[1.6116612]
[2.70767]
[6.823445]
[2.9254599]
[2.1715002]
[2.0210955]
[3.1204982]
[2.8273933]
[2.1745157]
[5.3277006]
[3.4596105]
[2.0634735]
[2.9001226]
[2.959639]
[2.8225708]
[2.4012704]
[2.3634975]
[2.3648045]
[1.5580862]
[1.5497497]
[1.5456427]
[1.5083675]
[1.124092]
[1.127071]
[1.1298405]
[0.9945775]
[1.045438]
[1.1174661]
[1.0003101]
[1.0674055]
[1.947854]
[5.2856765]
[3.4381318]
[1.7906915]
[1.3834007]
[5.0297976]
[3.6127222]
[2.8468869]
[2.1225557]
[6.8003173]
[3.7205555]
[1.9969066]
[2.9766858]
[3.0094292]
[3.5249]
[10.391835]
[5.8399262]
[3.9669714]
[3.914356]
[3.8791485]
[3.8223891]
[3.7507586]
[3.2372582]
[3.1886318]
[2.8876944]
[2.8113759]
[2.7579215]
[2.587366]
[1.9796429]
[8.038032]
[5.6931314]
[2.6215622]
[2.6548412][4.3]
[30.92]
[39.25]
[29.7]
[19.45]
[13.74]
[11.15]
[9.61]
[8.47]
[7.25]
[6.36]
[5.68]
[5.17]
[4.9]
[4.63]
[4.43]
[4.25]
[3.5]
[3.25]
[3.48]
[3.45]
[3.34]
[3.16]
[3.03]
[3.19]
[3.24]
[3.07]
[2.9]
[3.01]
[3.39]
[4.09]
[3.93]
[3.38]
[3.37]
[3.68]
[3.86]
[4.88]
[11.97]
[10.98]
[9.57]
[8.25]
[9.26]
[7.3]
[7.03]
[5.94]
[5.1]
[4.59]
[4.19]
[3.92]
[3.62]
[3.37]
[3.17]
[2.96]
[2.64]
[2.49]
[2.4]
[2.35]
[2.23]
[2.07]
[2.05]
[2.27]
[2.12]
[2.14]
[2.13]
[2.16]
[2.18]
[1.91]
[1.59]
[1.35]
[1.24]
[1.21]
[1.]
[0.83]
[0.7]
[0.64]
[0.65]
[0.76]
[0.78]
[0.85]
[0.9]
[0.64]
[0.59]
[0.65]
[0.65]
[0.65]
[0.67]
[0.16]
[0.]
[0.]
[0.]
[0.]
[0.]
[0.]
[0.]
[0.]
[0.]
[0.]
[0.]
[0.]
[0.]
[0.]
[0.]
[0.]
[0.]
[0.]
[0.]
[0.]
[0.]
[0.]
[0.]
[0.34]
[0.66]
[0.71]
[0.71]
[0.77]
[0.78]
[0.81]
[0.78]
[0.67]
[0.75]
[0.8]
[0.82]
[0.81]
[0.81]
[0.81]
[0.8]
[0.8]
[0.81]
[0.82]
[0.82]
[0.83]
[0.83]
[0.83]
[0.83]
[0.83]
[0.82]
[0.76]
[0.76]
[0.77]
[0.78]
[0.85]
[0.83]
[0.81]
[0.77]
[0.8]
[0.81]
[0.87]
[0.85]
[0.8]
[0.84]
[0.86]
[0.86]
[0.86]
[0.86]
[0.86]
[0.87]
[0.87]
[0.94]
[0.92]
[0.89]
[0.87]
[0.84]
[0.81]
[0.84]
[0.86]
[0.88]
[0.85]
[0.85]
[0.86]
[0.86]
[0.87]
[0.91]
[0.92]
[0.92]
[0.87]
[0.87]
[0.89]
[0.96]
[0.93]
[0.87]
[0.86]
[0.86]
[0.87]
[1.26]
[1.7]
[1.51]
[1.47]
[1.34]
[1.36]
[1.36]
[1.36]
[1.36]
[1.36]
[1.24]
[1.29]
[1.47]
[1.67]
[2.26]
[1.83]
[3.23]
[2.92]
[2.42]
[2.19]
[2.03]
[2.01]
[1.91]
[1.87]
[1.85]
[1.98]
[1.97]
[1.87]
[1.81]
[1.81]
[1.78]
[1.72]
[1.72]
[1.72]
[1.7]
[1.63]
[1.62]
[1.62]
[1.64]
[1.62]
[1.61]
[1.62]
[1.67]
[1.97]
[2.01]
[2.65]
[2.94]
[2.52]
[2.26]
[2.12]
[2.5]
[2.89]
[2.98]
[3.54]
[3.07]
[2.56]
[2.41]
[2.57]
[2.84]
[4.66]
[3.71]
[2.99]
[2.65]
[2.45]
[2.33]
[2.28]
[2.22]
[2.19]
[2.11]
[2.09]
[2.06]
[2.27]
[2.55]
[3.]
[3.19]
[2.98]