0.742237171678344, 0.8711917264618552, 0.3137677819239544, 23.772393794103657[18.834303]
[37.06996]
[50.675186]
[48.718704]
[19.998684]
[7.849219]
[7.2672796]
[5.166767]
[4.933493]
[4.822133]
[4.311446]
[3.5304906]
[3.2369957]
[3.2465794]
[3.2853048]
[3.2754288]
[3.2426462]
[3.2436986]
[3.2578087]
[3.2586558]
[3.8381653]
[5.0023685]
[4.3474374]
[4.963908]
[5.164257]
[4.7806907]
[4.2599797]
[5.083086]
[4.7786403]
[5.2472224]
[4.7364597]
[3.9133434]
[3.7689326]
[4.0335975]
[3.548222]
[3.8062086]
[5.045298]
[5.9976225]
[5.785408]
[5.5043097]
[6.2666535]
[6.584561]
[5.9833097]
[6.9891534]
[7.0692577]
[6.030641]
[5.252817]
[4.9828396]
[4.747573]
[4.6572804]
[4.1665273]
[4.014953]
[3.5791516]
[2.9595013]
[2.9101133]
[2.839174]
[2.7670195]
[2.7579665]
[2.7054353]
[2.7480383]
[2.504344]
[3.2108545]
[2.516661]
[1.5549389]
[1.584209]
[1.7057747]
[1.2757562]
[0.9765261]
[0.92866117]
[0.8243237]
[0.7178775]
[0.696922]
[0.356877]
[0.19941388]
[0.17812172]
[0.14383078]
[0.15026191]
[0.17817076]
[0.18802421]
[0.14125012]
[0.13115145]
[0.13957606]
[0.13375068]
[0.13269427]
[0.1318473]
[0.2839397]
[0.3625009]
[0.56598395]
[0.01582067]
[-0.06711061]
[-0.09248517]
[-0.08895416]
[-0.08666377]
[-0.10469]
[-0.12276925]
[-0.00683936]
[-0.01327579]
[-0.05973045]
[-0.06790588]
[-0.12565345]
[0.15552132]
[0.2739696]
[-0.13199444]
[-0.1746954]
[-0.12282227]
[-0.14301164]
[-0.13286394]
[-0.13175055]
[-0.13587537]
[-0.06129979]
[-0.05009172]
[-0.05001749]
[-0.04536248]
[-0.04415367]
[-0.045108]
[-0.0818497]
[-0.0824223]
[-0.37707698]
[0.15889329]
[0.13407938]
[-0.35041937]
[-0.7772912]
[-0.22885893]
[-0.24485986]
[-0.4187812]
[-0.52873063]
[-0.40645975]
[-0.1422588]
[-0.14822865]
[-0.17212932]
[-0.1830511]
[-0.03521477]
[-0.03795052]
[-0.03999703]
[-0.03744154]
[-0.05366515]
[-0.00726351]
[-0.02489741]
[-0.05628426]
[-0.055542]
[-0.18024112]
[-0.46456784]
[-0.62455595]
[0.8640623]
[-0.66365165]
[-0.88744205]
[-0.8790121]
[-0.9616359]
[-0.876902]
[-0.9953343]
[-0.85919386]
[0.1712015]
[0.2504957]
[0.25164488]
[0.24799855]
[0.27318358]
[0.11792205]
[0.8964631]
[1.4568828]
[0.8733498]
[0.26270714]
[-0.36629304]
[-0.10772265]
[-0.26534614]
[-1.442035]
[-0.56638426]
[1.395905]
[0.5695773]
[0.15676592]
[0.34045324]
[0.52540505]
[0.73868454]
[0.7339288]
[0.8395254]
[2.0412629]
[1.8647038]
[1.1103007]
[1.3006669]
[1.7618322]
[1.8461897]
[1.306894]
[1.1716774]
[1.0104167]
[1.1527762]
[0.7063195]
[1.8038361]
[1.5332186]
[0.7369349]
[1.7434071]
[2.7143657]
[2.0980055]
[1.6805711]
[1.7174519]
[1.2720888]
[1.3198768]
[2.4802082]
[1.4753861]
[2.9252195]
[5.1607976]
[3.3610077]
[2.95421]
[2.2980556]
[2.5752435]
[2.0333881]
[1.183047]
[4.291777]
[2.707232]
[2.7041934]
[2.7556722]
[2.2621253]
[2.20196]
[2.0417678]
[2.0632865]
[2.0327122]
[1.71498]
[1.7103157]
[1.7019402]
[1.5818244]
[1.4295081]
[1.4291117]
[1.4287248]
[1.408823]
[1.4752417]
[1.4888462]
[1.284878]
[1.969912]
[3.3289826]
[4.3799844]
[2.2450056]
[2.763874]
[2.0520506]
[3.1814823]
[1.9265337]
[2.4630773]
[2.5938787]
[5.2453117]
[2.698755]
[2.765421]
[2.7462397]
[2.9104924]
[3.6325066]
[6.1137805]
[3.9186246]
[3.6831331]
[3.9466164]
[3.6875913]
[3.6466618]
[3.5085464]
[3.221881]
[3.023286]
[2.300739]
[2.278553]
[2.260687]
[2.1880572]
[3.3990119]
[4.346634]
[4.360695]
[2.687421]
[5.2346616][4.3]
[30.92]
[39.25]
[29.7]
[19.45]
[13.74]
[11.15]
[9.61]
[8.47]
[7.25]
[6.36]
[5.68]
[5.17]
[4.9]
[4.63]
[4.43]
[4.25]
[3.5]
[3.25]
[3.48]
[3.45]
[3.34]
[3.16]
[3.03]
[3.19]
[3.24]
[3.07]
[2.9]
[3.01]
[3.39]
[4.09]
[3.93]
[3.38]
[3.37]
[3.68]
[3.86]
[4.88]
[11.97]
[10.98]
[9.57]
[8.25]
[9.26]
[7.3]
[7.03]
[5.94]
[5.1]
[4.59]
[4.19]
[3.92]
[3.62]
[3.37]
[3.17]
[2.96]
[2.64]
[2.49]
[2.4]
[2.35]
[2.23]
[2.07]
[2.05]
[2.27]
[2.12]
[2.14]
[2.13]
[2.16]
[2.18]
[1.91]
[1.59]
[1.35]
[1.24]
[1.21]
[1.]
[0.83]
[0.7]
[0.64]
[0.65]
[0.76]
[0.78]
[0.85]
[0.9]
[0.64]
[0.59]
[0.65]
[0.65]
[0.65]
[0.67]
[0.16]
[0.]
[0.]
[0.]
[0.]
[0.]
[0.]
[0.]
[0.]
[0.]
[0.]
[0.]
[0.]
[0.]
[0.]
[0.]
[0.]
[0.]
[0.]
[0.]
[0.]
[0.]
[0.]
[0.]
[0.34]
[0.66]
[0.71]
[0.71]
[0.77]
[0.78]
[0.81]
[0.78]
[0.67]
[0.75]
[0.8]
[0.82]
[0.81]
[0.81]
[0.81]
[0.8]
[0.8]
[0.81]
[0.82]
[0.82]
[0.83]
[0.83]
[0.83]
[0.83]
[0.83]
[0.82]
[0.76]
[0.76]
[0.77]
[0.78]
[0.85]
[0.83]
[0.81]
[0.77]
[0.8]
[0.81]
[0.87]
[0.85]
[0.8]
[0.84]
[0.86]
[0.86]
[0.86]
[0.86]
[0.86]
[0.87]
[0.87]
[0.94]
[0.92]
[0.89]
[0.87]
[0.84]
[0.81]
[0.84]
[0.86]
[0.88]
[0.85]
[0.85]
[0.86]
[0.86]
[0.87]
[0.91]
[0.92]
[0.92]
[0.87]
[0.87]
[0.89]
[0.96]
[0.93]
[0.87]
[0.86]
[0.86]
[0.87]
[1.26]
[1.7]
[1.51]
[1.47]
[1.34]
[1.36]
[1.36]
[1.36]
[1.36]
[1.36]
[1.24]
[1.29]
[1.47]
[1.67]
[2.26]
[1.83]
[3.23]
[2.92]
[2.42]
[2.19]
[2.03]
[2.01]
[1.91]
[1.87]
[1.85]
[1.98]
[1.97]
[1.87]
[1.81]
[1.81]
[1.78]
[1.72]
[1.72]
[1.72]
[1.7]
[1.63]
[1.62]
[1.62]
[1.64]
[1.62]
[1.61]
[1.62]
[1.67]
[1.97]
[2.01]
[2.65]
[2.94]
[2.52]
[2.26]
[2.12]
[2.5]
[2.89]
[2.98]
[3.54]
[3.07]
[2.56]
[2.41]
[2.57]
[2.84]
[4.66]
[3.71]
[2.99]
[2.65]
[2.45]
[2.33]
[2.28]
[2.22]
[2.19]
[2.11]
[2.09]
[2.06]
[2.27]
[2.55]
[3.]
[3.19]
[2.98]