0.6069642857041839, 0.6321291478942114, 23.72752299652717, 29.354776585369308[9.1236925]
[10.96782]
[29.264078]
[10.670529]
[7.7324166]
[7.622886]
[5.359804]
[4.807848]
[4.458618]
[4.01794]
[2.6009521]
[1.9733145]
[2.111503]
[2.3786263]
[2.3907874]
[2.3889265]
[2.3666415]
[2.3795674]
[2.373261]
[2.3493073]
[2.0807416]
[3.6988902]
[4.111477]
[4.6192765]
[5.016749]
[4.220507]
[4.007853]
[4.5510664]
[6.4529724]
[6.0173883]
[5.514382]
[3.6655283]
[3.828373]
[4.736895]
[3.0855901]
[3.9333923]
[4.935318]
[8.027769]
[9.367478]
[6.506726]
[5.5124507]
[5.8997135]
[7.7717676]
[5.8735523]
[6.7338243]
[5.3641376]
[4.816572]
[4.1625767]
[3.7690554]
[3.6334946]
[3.2272928]
[3.1790864]
[2.9709783]
[2.8449292]
[2.8268406]
[2.8024166]
[2.7429974]
[2.723312]
[2.4069195]
[2.336975]
[2.1366415]
[2.5985332]
[2.7117457]
[1.4685163]
[1.7429949]
[1.2412665]
[1.1827223]
[0.9510839]
[0.848064]
[0.73062575]
[0.49777055]
[0.46043772]
[0.17187482]
[0.04616439]
[0.02913092]
[0.01525072]
[0.03606175]
[0.00828676]
[0.0497365]
[0.00097156]
[-0.00364766]
[0.00051693]
[-0.00191926]
[-0.00236462]
[-0.00269333]
[0.27813548]
[0.00836894]
[0.5058121]
[-0.05239271]
[-0.08026975]
[-0.206464]
[-0.24246344]
[-0.22461747]
[-0.23903845]
[-0.17040092]
[-0.2056475]
[-0.17977455]
[-0.22407667]
[-0.22723657]
[-0.00699842]
[-0.14766666]
[0.00096626]
[-0.1428738]
[-0.290339]
[-0.29363674]
[-0.33308238]
[-0.3274306]
[-0.32846978]
[-0.33254158]
[-0.30584154]
[-0.2999353]
[-0.2995748]
[-0.29627705]
[-0.2964785]
[-0.29688144]
[-0.32704887]
[-0.3210154]
[-0.2923855]
[-0.10374627]
[-0.22854082]
[-0.3051205]
[-0.49239185]
[-0.21912476]
[-0.3577677]
[-0.340102]
[-0.37842363]
[-0.41798592]
[-0.41982037]
[-0.418251]
[-0.40190017]
[-0.3974148]
[-0.41549405]
[-0.4138611]
[-0.41458213]
[-0.4135854]
[-0.44008395]
[-0.4003308]
[-0.40627947]
[-0.41715884]
[-0.4205732]
[-0.45080426]
[-1.8958083]
[0.32782295]
[-0.01191852]
[-0.08542313]
[-0.22944213]
[-0.5400341]
[-0.5057949]
[-0.5266841]
[-0.535676]
[-0.5030167]
[-0.19276404]
[-0.22215742]
[-0.22425693]
[-0.22275122]
[-0.2360058]
[-0.36477673]
[-0.5712195]
[0.8272331]
[0.06457102]
[0.13888417]
[-0.06107712]
[-0.16294654]
[-0.20179838]
[-1.096716]
[0.3138142]
[0.50404924]
[0.60960215]
[-0.15875809]
[-0.04481109]
[-0.14125144]
[0.45590198]
[0.5297035]
[0.427284]
[2.2029898]
[1.4206302]
[0.83219695]
[0.5505874]
[1.0039114]
[1.5761104]
[0.6888314]
[0.75004506]
[0.5062044]
[0.44584972]
[0.8402491]
[0.47374928]
[1.0835476]
[1.3765773]
[1.1842625]
[2.0030577]
[2.393445]
[1.4955662]
[1.6816341]
[1.8243171]
[1.412753]
[2.5864701]
[1.7432865]
[2.602296]
[4.386447]
[3.1348844]
[2.55935]
[2.4838943]
[1.9994804]
[2.4611268]
[1.5634748]
[3.426313]
[2.8688087]
[2.324134]
[2.6325974]
[2.056842]
[2.055933]
[1.7233198]
[1.75257]
[1.7228029]
[1.4878018]
[1.486524]
[1.4158559]
[1.1658427]
[1.092941]
[1.0858525]
[1.0791047]
[1.0022386]
[1.000554]
[1.1744395]
[1.0000702]
[0.92353827]
[1.2656324]
[3.409127]
[3.3752875]
[2.0069492]
[1.366912]
[3.514475]
[2.8921812]
[2.2689977]
[1.7651725]
[11.380891]
[3.0354347]
[2.3802686]
[3.0130603]
[2.4179952]
[5.2080827]
[17.847725]
[3.9468112]
[3.683941]
[3.4709272]
[2.6636767]
[2.6793609]
[2.565968]
[2.115194]
[2.1264327]
[1.8324435]
[1.8763956]
[1.9092736]
[1.7447948]
[2.9816232]
[4.3616757]
[4.4033337]
[2.695306]
[3.3982682][4.3]
[30.92]
[39.25]
[29.7]
[19.45]
[13.74]
[11.15]
[9.61]
[8.47]
[7.25]
[6.36]
[5.68]
[5.17]
[4.9]
[4.63]
[4.43]
[4.25]
[3.5]
[3.25]
[3.48]
[3.45]
[3.34]
[3.16]
[3.03]
[3.19]
[3.24]
[3.07]
[2.9]
[3.01]
[3.39]
[4.09]
[3.93]
[3.38]
[3.37]
[3.68]
[3.86]
[4.88]
[11.97]
[10.98]
[9.57]
[8.25]
[9.26]
[7.3]
[7.03]
[5.94]
[5.1]
[4.59]
[4.19]
[3.92]
[3.62]
[3.37]
[3.17]
[2.96]
[2.64]
[2.49]
[2.4]
[2.35]
[2.23]
[2.07]
[2.05]
[2.27]
[2.12]
[2.14]
[2.13]
[2.16]
[2.18]
[1.91]
[1.59]
[1.35]
[1.24]
[1.21]
[1.]
[0.83]
[0.7]
[0.64]
[0.65]
[0.76]
[0.78]
[0.85]
[0.9]
[0.64]
[0.59]
[0.65]
[0.65]
[0.65]
[0.67]
[0.16]
[0.]
[0.]
[0.]
[0.]
[0.]
[0.]
[0.]
[0.]
[0.]
[0.]
[0.]
[0.]
[0.]
[0.]
[0.]
[0.]
[0.]
[0.]
[0.]
[0.]
[0.]
[0.]
[0.]
[0.34]
[0.66]
[0.71]
[0.71]
[0.77]
[0.78]
[0.81]
[0.78]
[0.67]
[0.75]
[0.8]
[0.82]
[0.81]
[0.81]
[0.81]
[0.8]
[0.8]
[0.81]
[0.82]
[0.82]
[0.83]
[0.83]
[0.83]
[0.83]
[0.83]
[0.82]
[0.76]
[0.76]
[0.77]
[0.78]
[0.85]
[0.83]
[0.81]
[0.77]
[0.8]
[0.81]
[0.87]
[0.85]
[0.8]
[0.84]
[0.86]
[0.86]
[0.86]
[0.86]
[0.86]
[0.87]
[0.87]
[0.94]
[0.92]
[0.89]
[0.87]
[0.84]
[0.81]
[0.84]
[0.86]
[0.88]
[0.85]
[0.85]
[0.86]
[0.86]
[0.87]
[0.91]
[0.92]
[0.92]
[0.87]
[0.87]
[0.89]
[0.96]
[0.93]
[0.87]
[0.86]
[0.86]
[0.87]
[1.26]
[1.7]
[1.51]
[1.47]
[1.34]
[1.36]
[1.36]
[1.36]
[1.36]
[1.36]
[1.24]
[1.29]
[1.47]
[1.67]
[2.26]
[1.83]
[3.23]
[2.92]
[2.42]
[2.19]
[2.03]
[2.01]
[1.91]
[1.87]
[1.85]
[1.98]
[1.97]
[1.87]
[1.81]
[1.81]
[1.78]
[1.72]
[1.72]
[1.72]
[1.7]
[1.63]
[1.62]
[1.62]
[1.64]
[1.62]
[1.61]
[1.62]
[1.67]
[1.97]
[2.01]
[2.65]
[2.94]
[2.52]
[2.26]
[2.12]
[2.5]
[2.89]
[2.98]
[3.54]
[3.07]
[2.56]
[2.41]
[2.57]
[2.84]
[4.66]
[3.71]
[2.99]
[2.65]
[2.45]
[2.33]
[2.28]
[2.22]
[2.19]
[2.11]
[2.09]
[2.06]
[2.27]
[2.55]
[3.]
[3.19]
[2.98]