0.6955493355936901, 0.7662300324217015, 42.53974608168632, 25.835759592219475[13.823672]
[13.776519]
[25.38218]
[25.184017]
[8.0219755]
[7.9339647]
[5.423428]
[4.681223]
[4.7010336]
[4.4323244]
[3.6186059]
[2.6503413]
[2.5413582]
[3.1497145]
[3.1833863]
[3.1840358]
[3.1443913]
[3.1606998]
[3.157834]
[3.1875958]
[3.3591647]
[4.02488]
[5.6886177]
[4.252795]
[4.7161093]
[3.5557659]
[4.0236354]
[4.6040006]
[4.7859583]
[7.2551312]
[5.8286643]
[3.4459953]
[3.9697952]
[3.107582]
[2.666439]
[2.4397578]
[3.6314733]
[16.689348]
[9.291093]
[5.176311]
[5.6012716]
[6.5939374]
[5.312694]
[8.079429]
[6.3958344]
[4.783441]
[3.4067686]
[3.3418329]
[3.0553975]
[2.930701]
[2.4500885]
[2.5270844]
[2.7561646]
[2.5968168]
[2.5840538]
[2.5693731]
[2.510259]
[2.4944475]
[2.2079046]
[2.288079]
[1.7281723]
[3.0443988]
[2.1790998]
[0.69261426]
[0.7743354]
[1.0282998]
[0.97224754]
[0.62691]
[0.40771362]
[0.15401295]
[-0.41290677]
[-0.46639165]
[-0.70820826]
[-0.71642613]
[-0.7172532]
[-0.7186423]
[-0.71432656]
[-0.68236715]
[-0.697541]
[-0.7163201]
[-0.8263331]
[-0.85064733]
[-0.90831006]
[-0.90940225]
[-0.91031414]
[-0.624153]
[-0.55000156]
[-0.77150154]
[-0.7802602]
[-0.85337245]
[-1.017496]
[-1.0231266]
[-1.023837]
[-1.0256184]
[-1.0205605]
[-1.0832069]
[-1.0935773]
[-1.1042022]
[-1.111752]
[-0.80899614]
[-0.7097246]
[-1.002757]
[-0.97486925]
[-1.0275059]
[-1.025417]
[-1.0267106]
[-1.0338469]
[-1.0312808]
[-1.0315883]
[-1.0447369]
[-1.055245]
[-1.0552557]
[-1.0592003]
[-1.0588078]
[-1.0585641]
[-1.1216664]
[-1.1030676]
[-1.075551]
[-0.80829626]
[-1.032585]
[-1.2278727]
[-1.2958211]
[-1.0968432]
[-1.1301069]
[-1.2139926]
[-1.256895]
[-1.2194004]
[-1.2090088]
[-1.2036858]
[-1.1457579]
[-1.1307007]
[-1.1538804]
[-1.1483665]
[-1.1510704]
[-1.1496813]
[-1.1453338]
[-1.1651309]
[-1.1369463]
[-1.1531699]
[-1.1513461]
[-1.1684391]
[-1.2955878]
[-0.2767239]
[-0.7278038]
[-1.0219707]
[-1.4114752]
[-1.1743984]
[-0.9863955]
[-1.03724]
[-1.0322139]
[-1.0253851]
[-1.0040612]
[-1.0200303]
[-1.020359]
[-1.02231]
[-1.0301038]
[-1.0431781]
[-0.7438578]
[0.7443177]
[-0.6841804]
[-1.2758756]
[-1.2253385]
[-0.7785848]
[-0.84312934]
[-1.440964]
[-0.9881132]
[-0.29811147]
[-0.22452202]
[-0.7941298]
[-0.7351946]
[-0.62944424]
[0.00601758]
[0.08952808]
[-0.08996151]
[0.9501548]
[0.20851049]
[0.10435333]
[-0.17663588]
[0.06579044]
[0.78083676]
[0.37567464]
[0.32481813]
[0.18316509]
[-0.21061002]
[-0.45024228]
[-0.25862342]
[0.38791126]
[0.45228747]
[0.15640806]
[1.3928645]
[1.3357041]
[1.1222311]
[1.0873636]
[0.83577037]
[0.9052456]
[1.1696546]
[1.3431293]
[2.4043257]
[3.8568702]
[1.5169857]
[2.0385587]
[2.396459]
[1.4236562]
[2.0857823]
[1.6413269]
[3.0233676]
[2.314693]
[1.9670635]
[1.9086467]
[1.8433784]
[1.9250134]
[1.6615163]
[1.6709483]
[1.6632341]
[1.1666936]
[1.1653707]
[1.0768832]
[0.3646455]
[0.6855853]
[0.67289937]
[0.6496018]
[0.71154445]
[0.7252311]
[0.70097524]
[0.5767135]
[0.5557024]
[2.127733]
[3.0854602]
[0.7276713]
[1.198547]
[1.332682]
[2.853232]
[2.0961566]
[1.852438]
[1.1577613]
[4.1722326]
[1.8610826]
[1.7486585]
[2.3566384]
[2.7921283]
[3.1582675]
[5.807489]
[3.566856]
[3.3354018]
[2.9539297]
[2.9569743]
[2.935523]
[2.8306181]
[2.1997306]
[1.9668475]
[1.2849987]
[1.4936086]
[1.6223185]
[1.4822799]
[2.7463906]
[3.075738]
[3.1592655]
[1.4571214]
[2.8547337][4.3]
[30.92]
[39.25]
[29.7]
[19.45]
[13.74]
[11.15]
[9.61]
[8.47]
[7.25]
[6.36]
[5.68]
[5.17]
[4.9]
[4.63]
[4.43]
[4.25]
[3.5]
[3.25]
[3.48]
[3.45]
[3.34]
[3.16]
[3.03]
[3.19]
[3.24]
[3.07]
[2.9]
[3.01]
[3.39]
[4.09]
[3.93]
[3.38]
[3.37]
[3.68]
[3.86]
[4.88]
[11.97]
[10.98]
[9.57]
[8.25]
[9.26]
[7.3]
[7.03]
[5.94]
[5.1]
[4.59]
[4.19]
[3.92]
[3.62]
[3.37]
[3.17]
[2.96]
[2.64]
[2.49]
[2.4]
[2.35]
[2.23]
[2.07]
[2.05]
[2.27]
[2.12]
[2.14]
[2.13]
[2.16]
[2.18]
[1.91]
[1.59]
[1.35]
[1.24]
[1.21]
[1.]
[0.83]
[0.7]
[0.64]
[0.65]
[0.76]
[0.78]
[0.85]
[0.9]
[0.64]
[0.59]
[0.65]
[0.65]
[0.65]
[0.67]
[0.16]
[0.]
[0.]
[0.]
[0.]
[0.]
[0.]
[0.]
[0.]
[0.]
[0.]
[0.]
[0.]
[0.]
[0.]
[0.]
[0.]
[0.]
[0.]
[0.]
[0.]
[0.]
[0.]
[0.]
[0.34]
[0.66]
[0.71]
[0.71]
[0.77]
[0.78]
[0.81]
[0.78]
[0.67]
[0.75]
[0.8]
[0.82]
[0.81]
[0.81]
[0.81]
[0.8]
[0.8]
[0.81]
[0.82]
[0.82]
[0.83]
[0.83]
[0.83]
[0.83]
[0.83]
[0.82]
[0.76]
[0.76]
[0.77]
[0.78]
[0.85]
[0.83]
[0.81]
[0.77]
[0.8]
[0.81]
[0.87]
[0.85]
[0.8]
[0.84]
[0.86]
[0.86]
[0.86]
[0.86]
[0.86]
[0.87]
[0.87]
[0.94]
[0.92]
[0.89]
[0.87]
[0.84]
[0.81]
[0.84]
[0.86]
[0.88]
[0.85]
[0.85]
[0.86]
[0.86]
[0.87]
[0.91]
[0.92]
[0.92]
[0.87]
[0.87]
[0.89]
[0.96]
[0.93]
[0.87]
[0.86]
[0.86]
[0.87]
[1.26]
[1.7]
[1.51]
[1.47]
[1.34]
[1.36]
[1.36]
[1.36]
[1.36]
[1.36]
[1.24]
[1.29]
[1.47]
[1.67]
[2.26]
[1.83]
[3.23]
[2.92]
[2.42]
[2.19]
[2.03]
[2.01]
[1.91]
[1.87]
[1.85]
[1.98]
[1.97]
[1.87]
[1.81]
[1.81]
[1.78]
[1.72]
[1.72]
[1.72]
[1.7]
[1.63]
[1.62]
[1.62]
[1.64]
[1.62]
[1.61]
[1.62]
[1.67]
[1.97]
[2.01]
[2.65]
[2.94]
[2.52]
[2.26]
[2.12]
[2.5]
[2.89]
[2.98]
[3.54]
[3.07]
[2.56]
[2.41]
[2.57]
[2.84]
[4.66]
[3.71]
[2.99]
[2.65]
[2.45]
[2.33]
[2.28]
[2.22]
[2.19]
[2.11]
[2.09]
[2.06]
[2.27]
[2.55]
[3.]
[3.19]
[2.98]