0.42069239700113314, 0.5881894461334802, 66.75522980895924, 35.638333349706784[1.4245747]
[1.5124539]
[30.311306]
[24.613373]
[17.170797]
[4.537864]
[2.754049]
[1.2962968]
[1.0852548]
[0.69004554]
[-1.0770674]
[-1.1793292]
[-0.57824975]
[0.10268458]
[0.16051167]
[0.15225142]
[0.14825913]
[0.137454]
[0.14358293]
[0.12903468]
[0.90230703]
[-0.01187611]
[0.24177288]
[4.092648]
[3.4581459]
[2.321682]
[0.96167433]
[3.022094]
[-1.0489147]
[6.920513]
[2.072525]
[-0.12983128]
[4.2029104]
[1.0322205]
[2.1960154]
[0.05857333]
[-4.2343197]
[9.316947]
[2.6690767]
[0.5967412]
[1.5556228]
[2.8724604]
[2.789134]
[4.0841384]
[0.20001298]
[2.473113]
[-0.03077184]
[-0.6585195]
[-0.7921999]
[0.3549034]
[1.3866242]
[2.266559]
[2.1368918]
[1.0737047]
[0.9128471]
[0.6583167]
[0.5633715]
[0.7306443]
[1.4806787]
[1.4739083]
[0.2901097]
[0.5535843]
[1.5434948]
[0.8262417]
[1.0345613]
[0.85544944]
[1.2651831]
[1.3377837]
[1.061696]
[0.86805457]
[0.33485186]
[0.29862177]
[-0.03708102]
[-0.17947766]
[-0.19878693]
[-0.22404486]
[-0.19746147]
[-0.23667383]
[-0.22339804]
[-0.23794627]
[-0.22342986]
[-0.21642083]
[-0.21098115]
[-0.21000561]
[-0.20909369]
[0.3421737]
[-0.20685633]
[0.00856379]
[-0.21309128]
[-0.15417731]
[-0.32781234]
[-0.32981643]
[-0.32287103]
[-0.3204746]
[-0.27983075]
[-0.38238943]
[-0.35231742]
[-0.35930523]
[-0.34959227]
[-0.02462171]
[-0.13456053]
[-0.19287008]
[-0.15103862]
[-0.31173718]
[-0.2819939]
[-0.27953386]
[-0.3095104]
[-0.30356175]
[-0.3036784]
[-0.27466676]
[-0.30509928]
[-0.30468574]
[-0.31590444]
[-0.31656185]
[-0.3161377]
[-0.3138155]
[-0.296171]
[0.07257017]
[-0.20468257]
[-0.29855683]
[-0.50422555]
[-0.22735322]
[-0.6272599]
[-0.5196963]
[-0.46424973]
[-0.5526843]
[-0.4971953]
[-0.50196695]
[-0.49790576]
[-0.37177515]
[-0.33847964]
[-0.40336347]
[-0.38936663]
[-0.39108443]
[-0.3944882]
[-0.33542576]
[-0.42963934]
[-0.39178425]
[-0.39668316]
[-0.38482827]
[-0.24414942]
[-0.8123787]
[-0.17223535]
[-0.67032135]
[-0.7378985]
[-0.6906168]
[-0.80357766]
[-0.31367767]
[-0.42673394]
[-0.40768975]
[-0.4431166]
[-0.4152608]
[-0.47528812]
[-0.4778436]
[-0.47844803]
[-0.49755582]
[0.38393623]
[-0.5662252]
[-0.1616635]
[-2.1427147]
[-1.1399896]
[-1.3213758]
[-0.86106014]
[-0.70958674]
[-2.37274]
[-1.64114]
[-2.05147]
[-0.38453135]
[-1.3921765]
[-0.80868864]
[-0.8271602]
[0.39389572]
[0.40816295]
[0.05732474]
[0.3419033]
[0.4346191]
[0.85181504]
[1.3074678]
[0.2799169]
[0.9353322]
[0.5110689]
[0.12106074]
[0.18225715]
[0.10553962]
[0.6261054]
[-0.540331]
[0.90630996]
[0.8363364]
[1.2696472]
[-0.46905318]
[0.960097]
[1.4193578]
[1.3443235]
[1.6046488]
[1.3331897]
[1.0165801]
[0.08935047]
[2.2387428]
[-1.0901841]
[-0.30959526]
[1.4617857]
[-0.22296329]
[0.05858923]
[0.8950144]
[-2.4524264]
[1.4486159]
[1.0840565]
[2.2238579]
[2.4831731]
[2.038034]
[2.1492054]
[1.551323]
[1.6269563]
[1.5944773]
[0.46886098]
[0.46768397]
[0.42920327]
[0.2727011]
[0.27119538]
[0.26662523]
[0.2621796]
[0.3227345]
[0.30963898]
[0.3629383]
[0.32720926]
[1.618431]
[3.3731203]
[0.9696562]
[1.7969092]
[-0.40877134]
[0.5930246]
[4.1379285]
[2.463278]
[2.9341233]
[-0.11549513]
[3.6582582]
[1.231291]
[1.237656]
[2.5929213]
[0.63937855]
[2.932888]
[7.424572]
[2.6739333]
[0.66622704]
[1.7217451]
[0.32430652]
[0.3406971]
[0.54036945]
[0.5664889]
[0.4642113]
[1.2056674]
[1.2160934]
[1.1987034]
[1.0340258]
[-0.651203]
[7.673469]
[2.234321]
[3.1305084]
[3.707035][4.3]
[30.92]
[39.25]
[29.7]
[19.45]
[13.74]
[11.15]
[9.61]
[8.47]
[7.25]
[6.36]
[5.68]
[5.17]
[4.9]
[4.63]
[4.43]
[4.25]
[3.5]
[3.25]
[3.48]
[3.45]
[3.34]
[3.16]
[3.03]
[3.19]
[3.24]
[3.07]
[2.9]
[3.01]
[3.39]
[4.09]
[3.93]
[3.38]
[3.37]
[3.68]
[3.86]
[4.88]
[11.97]
[10.98]
[9.57]
[8.25]
[9.26]
[7.3]
[7.03]
[5.94]
[5.1]
[4.59]
[4.19]
[3.92]
[3.62]
[3.37]
[3.17]
[2.96]
[2.64]
[2.49]
[2.4]
[2.35]
[2.23]
[2.07]
[2.05]
[2.27]
[2.12]
[2.14]
[2.13]
[2.16]
[2.18]
[1.91]
[1.59]
[1.35]
[1.24]
[1.21]
[1.]
[0.83]
[0.7]
[0.64]
[0.65]
[0.76]
[0.78]
[0.85]
[0.9]
[0.64]
[0.59]
[0.65]
[0.65]
[0.65]
[0.67]
[0.16]
[0.]
[0.]
[0.]
[0.]
[0.]
[0.]
[0.]
[0.]
[0.]
[0.]
[0.]
[0.]
[0.]
[0.]
[0.]
[0.]
[0.]
[0.]
[0.]
[0.]
[0.]
[0.]
[0.]
[0.34]
[0.66]
[0.71]
[0.71]
[0.77]
[0.78]
[0.81]
[0.78]
[0.67]
[0.75]
[0.8]
[0.82]
[0.81]
[0.81]
[0.81]
[0.8]
[0.8]
[0.81]
[0.82]
[0.82]
[0.83]
[0.83]
[0.83]
[0.83]
[0.83]
[0.82]
[0.76]
[0.76]
[0.77]
[0.78]
[0.85]
[0.83]
[0.81]
[0.77]
[0.8]
[0.81]
[0.87]
[0.85]
[0.8]
[0.84]
[0.86]
[0.86]
[0.86]
[0.86]
[0.86]
[0.87]
[0.87]
[0.94]
[0.92]
[0.89]
[0.87]
[0.84]
[0.81]
[0.84]
[0.86]
[0.88]
[0.85]
[0.85]
[0.86]
[0.86]
[0.87]
[0.91]
[0.92]
[0.92]
[0.87]
[0.87]
[0.89]
[0.96]
[0.93]
[0.87]
[0.86]
[0.86]
[0.87]
[1.26]
[1.7]
[1.51]
[1.47]
[1.34]
[1.36]
[1.36]
[1.36]
[1.36]
[1.36]
[1.24]
[1.29]
[1.47]
[1.67]
[2.26]
[1.83]
[3.23]
[2.92]
[2.42]
[2.19]
[2.03]
[2.01]
[1.91]
[1.87]
[1.85]
[1.98]
[1.97]
[1.87]
[1.81]
[1.81]
[1.78]
[1.72]
[1.72]
[1.72]
[1.7]
[1.63]
[1.62]
[1.62]
[1.64]
[1.62]
[1.61]
[1.62]
[1.67]
[1.97]
[2.01]
[2.65]
[2.94]
[2.52]
[2.26]
[2.12]
[2.5]
[2.89]
[2.98]
[3.54]
[3.07]
[2.56]
[2.41]
[2.57]
[2.84]
[4.66]
[3.71]
[2.99]
[2.65]
[2.45]
[2.33]
[2.28]
[2.22]
[2.19]
[2.11]
[2.09]
[2.06]
[2.27]
[2.55]
[3.]
[3.19]
[2.98]