0.7433022675508792, 0.7957930692013535, -12.624175763055007, 23.723228270942545[15.211667]
[22.990097]
[35.27412]
[38.701347]
[16.467335]
[13.557671]
[8.566773]
[7.58366]
[6.7007084]
[6.5863905]
[6.1899776]
[4.980823]
[4.7409816]
[5.1253643]
[5.1646085]
[5.1550493]
[5.1215467]
[5.1333013]
[5.1377068]
[5.115254]
[7.1440268]
[6.559351]
[8.345369]
[6.416827]
[6.3803773]
[5.1860595]
[5.6572337]
[6.2266345]
[8.975731]
[11.410054]
[6.258382]
[6.266075]
[4.92302]
[5.326187]
[5.863708]
[4.4272933]
[7.2997866]
[14.296891]
[7.9756775]
[7.8231916]
[9.923855]
[5.412771]
[7.1768107]
[9.474325]
[6.194044]
[6.1482787]
[4.4160852]
[4.565146]
[4.8255086]
[4.6951895]
[4.99417]
[4.8823814]
[4.212898]
[3.7875261]
[3.7716312]
[3.7590978]
[3.6700747]
[3.655378]
[3.5158815]
[3.376035]
[2.9479332]
[5.2166247]
[3.8532424]
[2.3069892]
[2.0670547]
[1.9625664]
[1.608494]
[1.3819573]
[1.2156918]
[1.0343373]
[0.6492015]
[0.5797687]
[0.00963078]
[-0.20120457]
[-0.22321779]
[-0.2631406]
[-0.26587632]
[-0.24547487]
[-0.20011239]
[-0.26641712]
[-0.27638456]
[-0.2510524]
[-0.2504162]
[-0.25040558]
[-0.2501405]
[-0.13345775]
[0.03872724]
[0.2791972]
[-0.01143075]
[-0.18290263]
[-0.28722152]
[-0.26626867]
[-0.25110543]
[-0.27028745]
[-0.28589606]
[-0.48943344]
[-0.44255462]
[-0.4928054]
[-0.5031015]
[-0.36667478]
[-0.14558834]
[-0.37525314]
[-0.327929]
[-0.6182468]
[-0.5171196]
[-0.5224851]
[-0.54643875]
[-0.53867686]
[-0.5417095]
[-0.53632283]
[-0.5400129]
[-0.53960997]
[-0.54053247]
[-0.54042643]
[-0.54084]
[-0.5723223]
[-0.56790054]
[-0.27061617]
[0.04242792]
[-0.63409925]
[-0.7523832]
[-1.020603]
[-0.8308291]
[-0.90985817]
[-0.82753134]
[-1.0555314]
[-0.91140634]
[-0.7400829]
[-0.7393512]
[-0.63118327]
[-0.62115216]
[-0.5914195]
[-0.5877294]
[-0.5917164]
[-0.5894684]
[-0.61363417]
[-0.5936357]
[-0.5746869]
[-0.612595]
[-0.5926601]
[-0.6184694]
[1.7872028]
[-1.137328]
[-2.8067057]
[-0.5463857]
[-1.6731949]
[-0.908098]
[-0.73628676]
[-0.7022596]
[-0.7568897]
[-0.64975023]
[-0.39859182]
[-0.36568865]
[-0.3658689]
[-0.36749128]
[-0.3574708]
[0.04908172]
[2.750705]
[1.7239202]
[-0.60802484]
[-0.41194183]
[-0.12903601]
[0.73061645]
[0.5387749]
[0.22649166]
[0.00431304]
[1.0983622]
[0.02273691]
[0.03155386]
[0.45544603]
[0.10296955]
[0.91761744]
[1.0221059]
[3.8409104]
[3.9633298]
[0.89198303]
[1.7739483]
[0.06305205]
[2.3415837]
[1.7520411]
[2.699378]
[2.2392]
[1.9247166]
[1.0322642]
[0.77944106]
[1.814502]
[1.1634899]
[1.9739599]
[2.2859144]
[5.290707]
[2.2263167]
[2.4393866]
[2.3542817]
[2.1673656]
[2.8266537]
[2.7803369]
[3.0363147]
[4.6268673]
[7.9217844]
[2.659084]
[3.2536476]
[1.1992508]
[3.3173544]
[3.1095595]
[2.4262805]
[6.0445323]
[3.0752144]
[3.82817]
[3.1638134]
[3.0407577]
[2.8790464]
[2.402258]
[2.4390898]
[2.4320807]
[2.2386806]
[2.2306695]
[2.2157395]
[1.5201284]
[1.7561235]
[1.7553813]
[1.7546973]
[1.685466]
[1.6738338]
[1.7609854]
[1.5570397]
[3.4001796]
[2.452604]
[5.782452]
[2.600976]
[1.5585455]
[-1.2141198]
[4.3870416]
[1.4834237]
[3.0677812]
[6.576216]
[6.280252]
[0.95848924]
[3.7512352]
[2.8923807]
[1.3921314]
[4.8082485]
[10.583771]
[4.396988]
[6.193212]
[5.8864903]
[4.7724476]
[4.710236]
[4.5781035]
[4.072362]
[3.836319]
[2.6720576]
[2.6026301]
[2.5520506]
[2.5105054]
[7.073512]
[8.665022]
[4.4510665]
[4.8191676]
[5.3626213][4.3]
[30.92]
[39.25]
[29.7]
[19.45]
[13.74]
[11.15]
[9.61]
[8.47]
[7.25]
[6.36]
[5.68]
[5.17]
[4.9]
[4.63]
[4.43]
[4.25]
[3.5]
[3.25]
[3.48]
[3.45]
[3.34]
[3.16]
[3.03]
[3.19]
[3.24]
[3.07]
[2.9]
[3.01]
[3.39]
[4.09]
[3.93]
[3.38]
[3.37]
[3.68]
[3.86]
[4.88]
[11.97]
[10.98]
[9.57]
[8.25]
[9.26]
[7.3]
[7.03]
[5.94]
[5.1]
[4.59]
[4.19]
[3.92]
[3.62]
[3.37]
[3.17]
[2.96]
[2.64]
[2.49]
[2.4]
[2.35]
[2.23]
[2.07]
[2.05]
[2.27]
[2.12]
[2.14]
[2.13]
[2.16]
[2.18]
[1.91]
[1.59]
[1.35]
[1.24]
[1.21]
[1.]
[0.83]
[0.7]
[0.64]
[0.65]
[0.76]
[0.78]
[0.85]
[0.9]
[0.64]
[0.59]
[0.65]
[0.65]
[0.65]
[0.67]
[0.16]
[0.]
[0.]
[0.]
[0.]
[0.]
[0.]
[0.]
[0.]
[0.]
[0.]
[0.]
[0.]
[0.]
[0.]
[0.]
[0.]
[0.]
[0.]
[0.]
[0.]
[0.]
[0.]
[0.]
[0.34]
[0.66]
[0.71]
[0.71]
[0.77]
[0.78]
[0.81]
[0.78]
[0.67]
[0.75]
[0.8]
[0.82]
[0.81]
[0.81]
[0.81]
[0.8]
[0.8]
[0.81]
[0.82]
[0.82]
[0.83]
[0.83]
[0.83]
[0.83]
[0.83]
[0.82]
[0.76]
[0.76]
[0.77]
[0.78]
[0.85]
[0.83]
[0.81]
[0.77]
[0.8]
[0.81]
[0.87]
[0.85]
[0.8]
[0.84]
[0.86]
[0.86]
[0.86]
[0.86]
[0.86]
[0.87]
[0.87]
[0.94]
[0.92]
[0.89]
[0.87]
[0.84]
[0.81]
[0.84]
[0.86]
[0.88]
[0.85]
[0.85]
[0.86]
[0.86]
[0.87]
[0.91]
[0.92]
[0.92]
[0.87]
[0.87]
[0.89]
[0.96]
[0.93]
[0.87]
[0.86]
[0.86]
[0.87]
[1.26]
[1.7]
[1.51]
[1.47]
[1.34]
[1.36]
[1.36]
[1.36]
[1.36]
[1.36]
[1.24]
[1.29]
[1.47]
[1.67]
[2.26]
[1.83]
[3.23]
[2.92]
[2.42]
[2.19]
[2.03]
[2.01]
[1.91]
[1.87]
[1.85]
[1.98]
[1.97]
[1.87]
[1.81]
[1.81]
[1.78]
[1.72]
[1.72]
[1.72]
[1.7]
[1.63]
[1.62]
[1.62]
[1.64]
[1.62]
[1.61]
[1.62]
[1.67]
[1.97]
[2.01]
[2.65]
[2.94]
[2.52]
[2.26]
[2.12]
[2.5]
[2.89]
[2.98]
[3.54]
[3.07]
[2.56]
[2.41]
[2.57]
[2.84]
[4.66]
[3.71]
[2.99]
[2.65]
[2.45]
[2.33]
[2.28]
[2.22]
[2.19]
[2.11]
[2.09]
[2.06]
[2.27]
[2.55]
[3.]
[3.19]
[2.98]