0.7780382290468142, 0.7987757233019119, 7.118274238572002, 22.059814807851176[7.2201343]
[10.7421665]
[32.075397]
[21.444843]
[18.207869]
[9.91652]
[9.229539]
[6.153014]
[6.2286215]
[6.010449]
[5.1197624]
[4.191319]
[3.199242]
[2.88017]
[2.8808982]
[2.8816912]
[2.8712826]
[2.8726144]
[2.8781292]
[2.8598917]
[3.728562]
[3.9694839]
[4.6890073]
[3.819734]
[4.3853755]
[4.05404]
[3.7512712]
[4.310686]
[5.087991]
[8.357007]
[5.4287]
[2.971752]
[2.6663165]
[2.8027554]
[2.6089866]
[2.382453]
[2.613595]
[5.8321495]
[6.930371]
[3.3348813]
[3.9004686]
[4.1020417]
[6.32592]
[4.7928977]
[5.1376276]
[4.9289856]
[4.7013793]
[4.6563272]
[4.5091934]
[4.3444767]
[3.8545332]
[3.8455029]
[3.3595073]
[3.1940207]
[3.1663823]
[3.122196]
[3.0634475]
[3.0399625]
[2.8277864]
[2.78101]
[2.7069104]
[3.186116]
[2.6650178]
[1.6665256]
[1.6106757]
[1.7834139]
[1.39412]
[1.0877725]
[0.953001]
[0.78602725]
[0.7806356]
[0.7767505]
[0.7163093]
[0.6912338]
[0.6881639]
[0.6837769]
[0.68575454]
[0.6871915]
[0.6833006]
[0.68161476]
[0.6696313]
[0.66718966]
[0.65798134]
[0.6563215]
[0.65483785]
[0.7056677]
[0.6940265]
[0.64335144]
[0.60594153]
[0.6022901]
[0.57134444]
[0.5571173]
[0.5532438]
[0.54746944]
[0.54519576]
[0.5488214]
[0.5153937]
[0.49426854]
[0.48511112]
[0.51697296]
[0.45464727]
[0.46721345]
[0.43290544]
[0.42890736]
[0.43561718]
[0.43425873]
[0.43624228]
[0.43627426]
[0.43618032]
[0.4364719]
[0.43910792]
[0.43915963]
[0.44016364]
[0.44009656]
[0.4399625]
[0.42665857]
[0.42775273]
[0.49293032]
[0.4421222]
[0.4588334]
[0.42523402]
[0.3913424]
[0.42899385]
[0.4509819]
[0.42794493]
[0.42240533]
[0.42937195]
[0.42612755]
[0.42488676]
[0.42747685]
[0.42761323]
[0.4306462]
[0.42990592]
[0.42987114]
[0.43018493]
[0.4334615]
[0.43373203]
[0.42823917]
[0.42527395]
[0.42930582]
[0.45111823]
[0.86167777]
[0.4160955]
[0.7021233]
[0.53012717]
[0.3791722]
[0.49974334]
[0.47292966]
[0.4788894]
[0.48099142]
[0.49002078]
[0.5310843]
[0.5412249]
[0.5412333]
[0.54059064]
[0.54351294]
[0.66917235]
[1.1449794]
[0.6552373]
[0.8355288]
[0.5957716]
[0.63000125]
[0.6804608]
[0.6658491]
[0.5358447]
[0.5106399]
[0.8720955]
[0.5223593]
[0.5774374]
[0.6837903]
[0.69561493]
[0.71893585]
[0.7205859]
[1.0794451]
[1.7124659]
[0.9271011]
[0.7439088]
[0.79416025]
[0.9520331]
[0.94867605]
[0.73337525]
[0.75072634]
[0.8079894]
[0.81984514]
[0.9212149]
[0.92266244]
[0.87487173]
[0.8270126]
[1.0484438]
[1.8426923]
[1.6863565]
[1.3370597]
[1.1773747]
[1.5001224]
[1.4747865]
[1.172944]
[1.9510107]
[2.9277492]
[3.5408998]
[2.4139228]
[2.5963829]
[1.6413252]
[2.7328968]
[2.4099028]
[2.9014664]
[3.494034]
[3.2822168]
[2.8311281]
[2.3660617]
[2.8401453]
[2.7789197]
[2.5551298]
[2.561222]
[2.575905]
[1.9715968]
[1.9658601]
[1.8560499]
[1.3151737]
[1.1401985]
[1.1295551]
[1.1193694]
[1.0962207]
[1.1168232]
[0.98935866]
[0.9097296]
[1.9291158]
[2.616483]
[0.85442984]
[1.1387669]
[0.93906033]
[1.8349197]
[4.2797074]
[2.3732474]
[2.1966455]
[2.2220407]
[6.320889]
[2.535341]
[2.5544925]
[2.1553268]
[2.9062443]
[4.660677]
[11.310181]
[4.7863746]
[4.1877685]
[3.5730572]
[4.1244144]
[4.1645036]
[4.1173577]
[3.7578979]
[3.5818574]
[2.8651981]
[2.7989395]
[2.7648444]
[2.4668963]
[4.772826]
[6.7389984]
[4.233411]
[2.7721415]
[4.0017405][4.3]
[30.92]
[39.25]
[29.7]
[19.45]
[13.74]
[11.15]
[9.61]
[8.47]
[7.25]
[6.36]
[5.68]
[5.17]
[4.9]
[4.63]
[4.43]
[4.25]
[3.5]
[3.25]
[3.48]
[3.45]
[3.34]
[3.16]
[3.03]
[3.19]
[3.24]
[3.07]
[2.9]
[3.01]
[3.39]
[4.09]
[3.93]
[3.38]
[3.37]
[3.68]
[3.86]
[4.88]
[11.97]
[10.98]
[9.57]
[8.25]
[9.26]
[7.3]
[7.03]
[5.94]
[5.1]
[4.59]
[4.19]
[3.92]
[3.62]
[3.37]
[3.17]
[2.96]
[2.64]
[2.49]
[2.4]
[2.35]
[2.23]
[2.07]
[2.05]
[2.27]
[2.12]
[2.14]
[2.13]
[2.16]
[2.18]
[1.91]
[1.59]
[1.35]
[1.24]
[1.21]
[1.]
[0.83]
[0.7]
[0.64]
[0.65]
[0.76]
[0.78]
[0.85]
[0.9]
[0.64]
[0.59]
[0.65]
[0.65]
[0.65]
[0.67]
[0.16]
[0.]
[0.]
[0.]
[0.]
[0.]
[0.]
[0.]
[0.]
[0.]
[0.]
[0.]
[0.]
[0.]
[0.]
[0.]
[0.]
[0.]
[0.]
[0.]
[0.]
[0.]
[0.]
[0.]
[0.34]
[0.66]
[0.71]
[0.71]
[0.77]
[0.78]
[0.81]
[0.78]
[0.67]
[0.75]
[0.8]
[0.82]
[0.81]
[0.81]
[0.81]
[0.8]
[0.8]
[0.81]
[0.82]
[0.82]
[0.83]
[0.83]
[0.83]
[0.83]
[0.83]
[0.82]
[0.76]
[0.76]
[0.77]
[0.78]
[0.85]
[0.83]
[0.81]
[0.77]
[0.8]
[0.81]
[0.87]
[0.85]
[0.8]
[0.84]
[0.86]
[0.86]
[0.86]
[0.86]
[0.86]
[0.87]
[0.87]
[0.94]
[0.92]
[0.89]
[0.87]
[0.84]
[0.81]
[0.84]
[0.86]
[0.88]
[0.85]
[0.85]
[0.86]
[0.86]
[0.87]
[0.91]
[0.92]
[0.92]
[0.87]
[0.87]
[0.89]
[0.96]
[0.93]
[0.87]
[0.86]
[0.86]
[0.87]
[1.26]
[1.7]
[1.51]
[1.47]
[1.34]
[1.36]
[1.36]
[1.36]
[1.36]
[1.36]
[1.24]
[1.29]
[1.47]
[1.67]
[2.26]
[1.83]
[3.23]
[2.92]
[2.42]
[2.19]
[2.03]
[2.01]
[1.91]
[1.87]
[1.85]
[1.98]
[1.97]
[1.87]
[1.81]
[1.81]
[1.78]
[1.72]
[1.72]
[1.72]
[1.7]
[1.63]
[1.62]
[1.62]
[1.64]
[1.62]
[1.61]
[1.62]
[1.67]
[1.97]
[2.01]
[2.65]
[2.94]
[2.52]
[2.26]
[2.12]
[2.5]
[2.89]
[2.98]
[3.54]
[3.07]
[2.56]
[2.41]
[2.57]
[2.84]
[4.66]
[3.71]
[2.99]
[2.65]
[2.45]
[2.33]
[2.28]
[2.22]
[2.19]
[2.11]
[2.09]
[2.06]
[2.27]
[2.55]
[3.]
[3.19]
[2.98]