0.7140716330221936, 0.7181419458155142, 0.3977276518946218, 25.037524861531036[10.272622]
[18.670265]
[47.409103]
[21.33803]
[17.56339]
[2.2494597]
[4.616769]
[5.1806083]
[4.4285717]
[2.4267213]
[1.273094]
[0.8915437]
[2.7774515]
[1.9614742]
[1.9498141]
[1.9344825]
[1.9249233]
[1.9129597]
[1.9251341]
[1.8510886]
[-0.08256014]
[2.8735332]
[5.066982]
[4.0636806]
[5.0032587]
[4.361445]
[4.4542975]
[3.944047]
[3.297609]
[4.5010552]
[4.261598]
[2.2737727]
[1.6758358]
[2.0614388]
[2.8022878]
[1.4850223]
[0.665897]
[5.489044]
[2.9723067]
[3.958057]
[5.4868207]
[3.2985275]
[2.9954846]
[6.7320743]
[3.8431106]
[4.627751]
[3.4954782]
[3.3027942]
[3.4057431]
[3.3895197]
[3.6698673]
[3.8129723]
[4.1801767]
[4.358778]
[4.3342166]
[4.2871094]
[4.1949854]
[4.1866636]
[3.7991796]
[3.6257646]
[3.4704208]
[3.1556947]
[2.9930227]
[1.9577357]
[1.5763848]
[1.8001095]
[1.8243257]
[1.9251142]
[1.8796006]
[1.7956076]
[1.1398066]
[1.1048132]
[0.98334426]
[0.9344163]
[0.92780757]
[0.9013647]
[0.9286492]
[0.91429585]
[0.89860505]
[0.90248996]
[0.8627912]
[0.8618501]
[0.8636434]
[0.8680201]
[0.8719819]
[1.3135159]
[1.2745845]
[1.1990348]
[1.0243963]
[0.9896309]
[0.7512379]
[0.8170801]
[0.8372072]
[0.8499183]
[0.8498136]
[0.9787197]
[1.0815341]
[1.1288173]
[1.1586003]
[1.127411]
[1.5012313]
[1.4833893]
[1.3883791]
[1.3388228]
[1.4066254]
[1.4065975]
[1.4001306]
[1.407874]
[1.405231]
[1.3625075]
[1.3577147]
[1.3577543]
[1.354112]
[1.3538722]
[1.3541956]
[1.3330134]
[1.3363602]
[0.7291797]
[1.4678695]
[1.382441]
[1.165258]
[0.8220373]
[1.621457]
[1.1960405]
[1.1037277]
[1.153899]
[1.2095642]
[1.304202]
[1.3021421]
[1.3341334]
[1.3441831]
[1.3553461]
[1.3530954]
[1.3552413]
[1.3525573]
[1.341495]
[1.3620489]
[1.3456689]
[1.357443]
[1.3416461]
[1.2845587]
[-2.0121942]
[-1.9802877]
[-2.5335658]
[0.40282267]
[0.14627095]
[0.82049847]
[0.7190267]
[0.69082624]
[0.70053124]
[0.791178]
[1.2585717]
[1.3204573]
[1.3204772]
[1.319572]
[1.3336787]
[0.794766]
[0.82122874]
[-2.269704]
[-2.9417858]
[-0.32696405]
[0.15949504]
[0.69965774]
[0.6691298]
[-0.41662866]
[-1.6623156]
[1.2230878]
[1.202404]
[0.54185134]
[0.66133606]
[0.93096346]
[1.8200954]
[1.9339536]
[-0.14080608]
[3.264342]
[1.4968692]
[1.2681746]
[0.6765868]
[2.19544]
[1.9062091]
[1.578035]
[1.286955]
[1.4158227]
[0.9707577]
[0.9302782]
[1.2681216]
[1.4575005]
[1.7133352]
[1.2546656]
[2.6011603]
[2.5321112]
[2.1280417]
[2.084698]
[1.5211887]
[2.3858442]
[2.855582]
[1.3439736]
[2.3370972]
[5.597269]
[3.171343]
[3.1800601]
[2.003804]
[2.6140609]
[2.715263]
[1.9270374]
[3.599934]
[2.6449625]
[3.169998]
[2.9082701]
[3.239339]
[3.2439961]
[2.6099613]
[2.5666804]
[2.5631819]
[1.9542384]
[1.9476006]
[1.918524]
[1.6333411]
[1.476314]
[1.4740143]
[1.471826]
[1.4725192]
[1.4574792]
[1.4457873]
[1.48641]
[1.2170901]
[2.1059108]
[3.305455]
[2.8481402]
[1.7754673]
[0.9492203]
[6.6296177]
[2.476208]
[1.7660029]
[1.9961388]
[7.428465]
[2.9555638]
[2.971834]
[2.981128]
[2.4267187]
[2.4980514]
[10.51296]
[5.6701694]
[4.3556905]
[4.655362]
[4.993391]
[4.946777]
[4.850572]
[4.3489566]
[4.0348115]
[2.6723347]
[2.6968186]
[2.707442]
[2.7230983]
[3.0541117]
[5.154936]
[5.4139137]
[2.9602773]
[5.326818][4.3]
[30.92]
[39.25]
[29.7]
[19.45]
[13.74]
[11.15]
[9.61]
[8.47]
[7.25]
[6.36]
[5.68]
[5.17]
[4.9]
[4.63]
[4.43]
[4.25]
[3.5]
[3.25]
[3.48]
[3.45]
[3.34]
[3.16]
[3.03]
[3.19]
[3.24]
[3.07]
[2.9]
[3.01]
[3.39]
[4.09]
[3.93]
[3.38]
[3.37]
[3.68]
[3.86]
[4.88]
[11.97]
[10.98]
[9.57]
[8.25]
[9.26]
[7.3]
[7.03]
[5.94]
[5.1]
[4.59]
[4.19]
[3.92]
[3.62]
[3.37]
[3.17]
[2.96]
[2.64]
[2.49]
[2.4]
[2.35]
[2.23]
[2.07]
[2.05]
[2.27]
[2.12]
[2.14]
[2.13]
[2.16]
[2.18]
[1.91]
[1.59]
[1.35]
[1.24]
[1.21]
[1.]
[0.83]
[0.7]
[0.64]
[0.65]
[0.76]
[0.78]
[0.85]
[0.9]
[0.64]
[0.59]
[0.65]
[0.65]
[0.65]
[0.67]
[0.16]
[0.]
[0.]
[0.]
[0.]
[0.]
[0.]
[0.]
[0.]
[0.]
[0.]
[0.]
[0.]
[0.]
[0.]
[0.]
[0.]
[0.]
[0.]
[0.]
[0.]
[0.]
[0.]
[0.]
[0.34]
[0.66]
[0.71]
[0.71]
[0.77]
[0.78]
[0.81]
[0.78]
[0.67]
[0.75]
[0.8]
[0.82]
[0.81]
[0.81]
[0.81]
[0.8]
[0.8]
[0.81]
[0.82]
[0.82]
[0.83]
[0.83]
[0.83]
[0.83]
[0.83]
[0.82]
[0.76]
[0.76]
[0.77]
[0.78]
[0.85]
[0.83]
[0.81]
[0.77]
[0.8]
[0.81]
[0.87]
[0.85]
[0.8]
[0.84]
[0.86]
[0.86]
[0.86]
[0.86]
[0.86]
[0.87]
[0.87]
[0.94]
[0.92]
[0.89]
[0.87]
[0.84]
[0.81]
[0.84]
[0.86]
[0.88]
[0.85]
[0.85]
[0.86]
[0.86]
[0.87]
[0.91]
[0.92]
[0.92]
[0.87]
[0.87]
[0.89]
[0.96]
[0.93]
[0.87]
[0.86]
[0.86]
[0.87]
[1.26]
[1.7]
[1.51]
[1.47]
[1.34]
[1.36]
[1.36]
[1.36]
[1.36]
[1.36]
[1.24]
[1.29]
[1.47]
[1.67]
[2.26]
[1.83]
[3.23]
[2.92]
[2.42]
[2.19]
[2.03]
[2.01]
[1.91]
[1.87]
[1.85]
[1.98]
[1.97]
[1.87]
[1.81]
[1.81]
[1.78]
[1.72]
[1.72]
[1.72]
[1.7]
[1.63]
[1.62]
[1.62]
[1.64]
[1.62]
[1.61]
[1.62]
[1.67]
[1.97]
[2.01]
[2.65]
[2.94]
[2.52]
[2.26]
[2.12]
[2.5]
[2.89]
[2.98]
[3.54]
[3.07]
[2.56]
[2.41]
[2.57]
[2.84]
[4.66]
[3.71]
[2.99]
[2.65]
[2.45]
[2.33]
[2.28]
[2.22]
[2.19]
[2.11]
[2.09]
[2.06]
[2.27]
[2.55]
[3.]
[3.19]
[2.98]