0.7817648947188867, 0.7971296920058132, 20.226793952740135, 21.87384235487882[12.11182]
[17.196722]
[34.444927]
[29.756264]
[12.548553]
[7.0239015]
[5.1488967]
[4.084894]
[4.0569496]
[3.9883876]
[4.1629744]
[3.8887887]
[3.5285926]
[3.194703]
[3.1833637]
[3.1905637]
[3.180868]
[3.1736813]
[3.1761863]
[3.1774616]
[3.7410688]
[4.2341857]
[5.286678]
[5.397799]
[5.38708]
[5.332633]
[4.9543457]
[5.3229184]
[5.441648]
[8.236588]
[5.3977656]
[4.666834]
[3.7614212]
[3.4885876]
[3.459975]
[3.3595066]
[3.2925816]
[3.831978]
[4.993981]
[5.2184353]
[4.740164]
[5.1939764]
[5.1811805]
[5.60449]
[5.6080894]
[5.3468738]
[5.0253544]
[4.8458133]
[4.8237286]
[4.785269]
[4.592502]
[4.5481257]
[4.032634]
[3.50007]
[3.472596]
[3.4403343]
[3.3619785]
[3.3524778]
[3.1230145]
[3.1761255]
[3.2651327]
[2.5122008]
[2.3085706]
[1.7117883]
[1.5317168]
[1.6524847]
[1.5930458]
[1.3782526]
[1.2436364]
[1.0847696]
[0.65342575]
[0.6138794]
[0.3614856]
[0.25563186]
[0.24141234]
[0.21606164]
[0.22773892]
[0.22138467]
[0.23500508]
[0.2261192]
[0.17256804]
[0.16085099]
[0.12696962]
[0.12079299]
[0.11531885]
[0.19751582]
[0.14057943]
[0.32111746]
[0.13769789]
[0.04774963]
[-0.14126204]
[-0.18946631]
[-0.1975251]
[-0.22029117]
[-0.23705557]
[-0.3242177]
[-0.42526004]
[-0.4980436]
[-0.53355527]
[-0.49646366]
[-0.49352643]
[-0.47993255]
[-0.5626093]
[-0.59779227]
[-0.6328162]
[-0.64690846]
[-0.653101]
[-0.6536736]
[-0.6539493]
[-0.67523086]
[-0.6834381]
[-0.6832684]
[-0.6857391]
[-0.6858133]
[-0.6857179]
[-0.72929895]
[-0.72162193]
[-0.5892139]
[-0.5651542]
[-0.6035819]
[-0.80362004]
[-0.71457046]
[-0.80743736]
[-0.8243078]
[-0.7909805]
[-0.78425777]
[-0.84241885]
[-0.8011282]
[-0.79927254]
[-0.7751492]
[-0.7675676]
[-0.7558824]
[-0.7539313]
[-0.75491744]
[-0.7539313]
[-0.75204384]
[-0.7553416]
[-0.74103725]
[-0.74941415]
[-0.7551931]
[-0.68662983]
[-0.5961381]
[-0.61417496]
[-1.0419799]
[-0.6802888]
[-0.7316954]
[-0.7794331]
[-0.5649421]
[-0.5938159]
[-0.5910696]
[-0.58729464]
[-0.42501616]
[-0.4355562]
[-0.43572587]
[-0.4379102]
[-0.4480155]
[-0.03883063]
[0.2080214]
[-0.2689514]
[-0.4321312]
[-0.47738767]
[-0.4720222]
[-0.35041937]
[-0.3539716]
[-0.5207779]
[-0.46352866]
[-0.42274696]
[0.39319056]
[0.2683801]
[0.13700335]
[0.11689084]
[0.4081126]
[0.4606193]
[0.6022445]
[0.9493794]
[0.72404087]
[0.7665086]
[0.96393293]
[0.8548875]
[1.0407829]
[0.93925285]
[0.7983381]
[0.6309566]
[0.7703285]
[0.57117313]
[0.7909765]
[1.0482533]
[1.1347209]
[1.2933226]
[1.7263339]
[1.7686584]
[1.7407681]
[1.6712372]
[1.2510881]
[1.3249692]
[1.997178]
[1.7564881]
[2.1857774]
[4.3809857]
[2.8412006]
[3.1599417]
[1.9861847]
[1.8173664]
[2.541398]
[1.9230305]
[4.302044]
[2.6875138]
[2.6291432]
[2.5984802]
[2.5025249]
[2.5249834]
[2.3327284]
[2.2976196]
[2.3001566]
[1.841214]
[1.8418343]
[1.7193036]
[1.2828621]
[1.3068846]
[1.2927208]
[1.2791693]
[1.3218782]
[1.3268169]
[1.3410258]
[1.2053996]
[1.8366783]
[2.5922372]
[2.1465359]
[2.4076593]
[2.4498034]
[1.7733983]
[3.910485]
[2.31976]
[2.16382]
[1.6443119]
[7.1550956]
[2.7097762]
[2.8272357]
[2.8903804]
[2.160978]
[2.7402418]
[10.51224]
[3.7722423]
[4.083399]
[3.6982977]
[3.072973]
[2.9963164]
[2.897644]
[2.4777043]
[2.4459755]
[2.12821]
[2.0904531]
[2.0647604]
[1.9335349]
[3.585061]
[3.5188122]
[3.2285447]
[2.6032093]
[3.2568102][4.3]
[30.92]
[39.25]
[29.7]
[19.45]
[13.74]
[11.15]
[9.61]
[8.47]
[7.25]
[6.36]
[5.68]
[5.17]
[4.9]
[4.63]
[4.43]
[4.25]
[3.5]
[3.25]
[3.48]
[3.45]
[3.34]
[3.16]
[3.03]
[3.19]
[3.24]
[3.07]
[2.9]
[3.01]
[3.39]
[4.09]
[3.93]
[3.38]
[3.37]
[3.68]
[3.86]
[4.88]
[11.97]
[10.98]
[9.57]
[8.25]
[9.26]
[7.3]
[7.03]
[5.94]
[5.1]
[4.59]
[4.19]
[3.92]
[3.62]
[3.37]
[3.17]
[2.96]
[2.64]
[2.49]
[2.4]
[2.35]
[2.23]
[2.07]
[2.05]
[2.27]
[2.12]
[2.14]
[2.13]
[2.16]
[2.18]
[1.91]
[1.59]
[1.35]
[1.24]
[1.21]
[1.]
[0.83]
[0.7]
[0.64]
[0.65]
[0.76]
[0.78]
[0.85]
[0.9]
[0.64]
[0.59]
[0.65]
[0.65]
[0.65]
[0.67]
[0.16]
[0.]
[0.]
[0.]
[0.]
[0.]
[0.]
[0.]
[0.]
[0.]
[0.]
[0.]
[0.]
[0.]
[0.]
[0.]
[0.]
[0.]
[0.]
[0.]
[0.]
[0.]
[0.]
[0.]
[0.34]
[0.66]
[0.71]
[0.71]
[0.77]
[0.78]
[0.81]
[0.78]
[0.67]
[0.75]
[0.8]
[0.82]
[0.81]
[0.81]
[0.81]
[0.8]
[0.8]
[0.81]
[0.82]
[0.82]
[0.83]
[0.83]
[0.83]
[0.83]
[0.83]
[0.82]
[0.76]
[0.76]
[0.77]
[0.78]
[0.85]
[0.83]
[0.81]
[0.77]
[0.8]
[0.81]
[0.87]
[0.85]
[0.8]
[0.84]
[0.86]
[0.86]
[0.86]
[0.86]
[0.86]
[0.87]
[0.87]
[0.94]
[0.92]
[0.89]
[0.87]
[0.84]
[0.81]
[0.84]
[0.86]
[0.88]
[0.85]
[0.85]
[0.86]
[0.86]
[0.87]
[0.91]
[0.92]
[0.92]
[0.87]
[0.87]
[0.89]
[0.96]
[0.93]
[0.87]
[0.86]
[0.86]
[0.87]
[1.26]
[1.7]
[1.51]
[1.47]
[1.34]
[1.36]
[1.36]
[1.36]
[1.36]
[1.36]
[1.24]
[1.29]
[1.47]
[1.67]
[2.26]
[1.83]
[3.23]
[2.92]
[2.42]
[2.19]
[2.03]
[2.01]
[1.91]
[1.87]
[1.85]
[1.98]
[1.97]
[1.87]
[1.81]
[1.81]
[1.78]
[1.72]
[1.72]
[1.72]
[1.7]
[1.63]
[1.62]
[1.62]
[1.64]
[1.62]
[1.61]
[1.62]
[1.67]
[1.97]
[2.01]
[2.65]
[2.94]
[2.52]
[2.26]
[2.12]
[2.5]
[2.89]
[2.98]
[3.54]
[3.07]
[2.56]
[2.41]
[2.57]
[2.84]
[4.66]
[3.71]
[2.99]
[2.65]
[2.45]
[2.33]
[2.28]
[2.22]
[2.19]
[2.11]
[2.09]
[2.06]
[2.27]
[2.55]
[3.]
[3.19]
[2.98]