0.7494667633788334, 0.8015927263859347, 35.939330756599915, 23.436645237956185[12.263123]
[21.078104]
[19.73973]
[30.764128]
[19.164936]
[7.473138]
[5.757364]
[4.2797413]
[4.8150625]
[4.6697283]
[3.155266]
[2.4672015]
[2.2913795]
[2.468535]
[2.4795296]
[2.469183]
[2.4642563]
[2.4772313]
[2.4654691]
[2.5029464]
[3.2715902]
[4.208061]
[3.9525418]
[4.1853366]
[4.2174606]
[3.8705773]
[3.6719508]
[4.4257245]
[4.893478]
[6.175478]
[4.9490848]
[2.7182248]
[4.512094]
[3.3784792]
[2.7118943]
[4.3841357]
[3.8914778]
[7.0094233]
[5.1795]
[4.727037]
[7.06345]
[5.7646165]
[5.7777004]
[6.1801143]
[5.721512]
[4.240713]
[3.625625]
[3.621178]
[3.583478]
[3.5209963]
[3.0917985]
[2.9443192]
[2.661035]
[2.2619846]
[2.2219043]
[2.1636782]
[2.109398]
[2.1052983]
[1.7163929]
[1.65708]
[1.5324538]
[2.484834]
[1.6463889]
[1.1027813]
[1.0558853]
[1.07125]
[0.8195799]
[0.58901906]
[0.5013228]
[0.37972656]
[0.09758289]
[0.06653933]
[-0.17636018]
[-0.28771988]
[-0.30273467]
[-0.32799262]
[-0.32873487]
[-0.30999818]
[-0.31313688]
[-0.32756847]
[-0.35774648]
[-0.36187133]
[-0.3829196]
[-0.3867475]
[-0.3901195]
[-0.47945538]
[-0.22607017]
[-0.22016393]
[-0.4555335]
[-0.49415207]
[-0.6521679]
[-0.6857391]
[-0.6935646]
[-0.7090884]
[-0.7030549]
[-0.71960723]
[-0.789549]
[-0.8430975]
[-0.86346716]
[-0.91318774]
[-0.80557114]
[-0.7075402]
[-0.86638314]
[-0.9102187]
[-0.89471614]
[-0.91088676]
[-0.91040957]
[-0.9097416]
[-0.9123925]
[-0.9178746]
[-0.920377]
[-0.92015433]
[-0.9237808]
[-0.92333543]
[-0.92361116]
[-0.98110425]
[-0.98588645]
[-0.98141176]
[-0.7326073]
[-0.7110925]
[-0.8338193]
[-1.0473453]
[-0.7045924]
[-0.71248156]
[-0.75644433]
[-0.82365036]
[-0.8191968]
[-0.8783229]
[-0.8810374]
[-0.9006436]
[-0.9064862]
[-0.9708717]
[-0.97356504]
[-0.9732787]
[-0.97193205]
[-0.9821964]
[-0.9472361]
[-0.9611799]
[-0.96727705]
[-0.9660258]
[-0.96324766]
[-0.94123447]
[0.07238858]
[-0.7418113]
[-1.234744]
[-1.4956577]
[-1.1999215]
[-0.96869797]
[-1.0309839]
[-1.0438673]
[-0.9856426]
[-0.5414868]
[-0.6001463]
[-0.60001904]
[-0.601037]
[-0.6211098]
[-0.6157019]
[-0.09795667]
[1.642048]
[0.13879536]
[-1.0250459]
[-1.2101434]
[-0.49974018]
[-0.50832915]
[-1.1850551]
[-0.4422259]
[-0.16828018]
[7.024929e-05]
[0.121408]
[-0.0676726]
[-0.23967467]
[0.38267174]
[0.475198]
[0.8640411]
[2.3484058]
[0.94065255]
[0.07464186]
[0.59862334]
[1.2651354]
[1.0895493]
[0.7439877]
[0.6592047]
[0.39363858]
[0.60889435]
[0.5380963]
[0.87291634]
[0.79192555]
[0.6652104]
[0.774896]
[2.2932444]
[1.4986798]
[1.1350456]
[1.1317849]
[0.8912872]
[1.450441]
[1.8658463]
[1.1690688]
[2.0329084]
[4.2159653]
[3.5017052]
[1.8479526]
[1.7384008]
[2.0827668]
[2.3386426]
[0.5637466]
[3.202724]
[2.7533917]
[1.928722]
[1.841145]
[1.7883561]
[1.7771626]
[1.5541754]
[1.5690855]
[1.5705951]
[0.9612701]
[0.9599234]
[0.89511245]
[0.6010834]
[0.5609313]
[0.55447763]
[0.5485529]
[0.5324817]
[0.5766711]
[0.6441489]
[0.50003314]
[0.74880177]
[1.1104199]
[2.6802263]
[2.1135638]
[1.8405393]
[2.4800093]
[4.2575755]
[2.6379192]
[1.2816969]
[3.5098627]
[4.3386407]
[3.1855354]
[1.702571]
[2.5384831]
[2.069931]
[3.3806224]
[5.321786]
[4.3339396]
[2.7676816]
[3.2153988]
[2.736068]
[2.7471037]
[2.7080636]
[2.1763415]
[1.990043]
[1.4102956]
[1.2605599]
[1.1682947]
[1.1026262]
[2.9805765]
[4.9578123]
[3.6072652]
[1.3635015]
[3.9686084][4.3]
[30.92]
[39.25]
[29.7]
[19.45]
[13.74]
[11.15]
[9.61]
[8.47]
[7.25]
[6.36]
[5.68]
[5.17]
[4.9]
[4.63]
[4.43]
[4.25]
[3.5]
[3.25]
[3.48]
[3.45]
[3.34]
[3.16]
[3.03]
[3.19]
[3.24]
[3.07]
[2.9]
[3.01]
[3.39]
[4.09]
[3.93]
[3.38]
[3.37]
[3.68]
[3.86]
[4.88]
[11.97]
[10.98]
[9.57]
[8.25]
[9.26]
[7.3]
[7.03]
[5.94]
[5.1]
[4.59]
[4.19]
[3.92]
[3.62]
[3.37]
[3.17]
[2.96]
[2.64]
[2.49]
[2.4]
[2.35]
[2.23]
[2.07]
[2.05]
[2.27]
[2.12]
[2.14]
[2.13]
[2.16]
[2.18]
[1.91]
[1.59]
[1.35]
[1.24]
[1.21]
[1.]
[0.83]
[0.7]
[0.64]
[0.65]
[0.76]
[0.78]
[0.85]
[0.9]
[0.64]
[0.59]
[0.65]
[0.65]
[0.65]
[0.67]
[0.16]
[0.]
[0.]
[0.]
[0.]
[0.]
[0.]
[0.]
[0.]
[0.]
[0.]
[0.]
[0.]
[0.]
[0.]
[0.]
[0.]
[0.]
[0.]
[0.]
[0.]
[0.]
[0.]
[0.]
[0.34]
[0.66]
[0.71]
[0.71]
[0.77]
[0.78]
[0.81]
[0.78]
[0.67]
[0.75]
[0.8]
[0.82]
[0.81]
[0.81]
[0.81]
[0.8]
[0.8]
[0.81]
[0.82]
[0.82]
[0.83]
[0.83]
[0.83]
[0.83]
[0.83]
[0.82]
[0.76]
[0.76]
[0.77]
[0.78]
[0.85]
[0.83]
[0.81]
[0.77]
[0.8]
[0.81]
[0.87]
[0.85]
[0.8]
[0.84]
[0.86]
[0.86]
[0.86]
[0.86]
[0.86]
[0.87]
[0.87]
[0.94]
[0.92]
[0.89]
[0.87]
[0.84]
[0.81]
[0.84]
[0.86]
[0.88]
[0.85]
[0.85]
[0.86]
[0.86]
[0.87]
[0.91]
[0.92]
[0.92]
[0.87]
[0.87]
[0.89]
[0.96]
[0.93]
[0.87]
[0.86]
[0.86]
[0.87]
[1.26]
[1.7]
[1.51]
[1.47]
[1.34]
[1.36]
[1.36]
[1.36]
[1.36]
[1.36]
[1.24]
[1.29]
[1.47]
[1.67]
[2.26]
[1.83]
[3.23]
[2.92]
[2.42]
[2.19]
[2.03]
[2.01]
[1.91]
[1.87]
[1.85]
[1.98]
[1.97]
[1.87]
[1.81]
[1.81]
[1.78]
[1.72]
[1.72]
[1.72]
[1.7]
[1.63]
[1.62]
[1.62]
[1.64]
[1.62]
[1.61]
[1.62]
[1.67]
[1.97]
[2.01]
[2.65]
[2.94]
[2.52]
[2.26]
[2.12]
[2.5]
[2.89]
[2.98]
[3.54]
[3.07]
[2.56]
[2.41]
[2.57]
[2.84]
[4.66]
[3.71]
[2.99]
[2.65]
[2.45]
[2.33]
[2.28]
[2.22]
[2.19]
[2.11]
[2.09]
[2.06]
[2.27]
[2.55]
[3.]
[3.19]
[2.98]