0.7311521648004733, 0.81546372517013, -23.927540402664345, 24.278175333768726[18.297392]
[23.91301]
[51.344208]
[42.385715]
[16.610424]
[6.295348]
[6.9630265]
[3.9055655]
[2.3789053]
[2.05688]
[5.982141]
[5.1968164]
[4.373024]
[3.756494]
[3.7475398]
[3.767561]
[3.7321546]
[3.7378857]
[3.7381053]
[3.6375911]
[2.9968996]
[3.9552484]
[4.8050523]
[4.415481]
[5.370751]
[4.55509]
[4.7179832]
[4.722014]
[5.900847]
[8.278257]
[6.816569]
[4.655441]
[5.536751]
[5.0496626]
[3.3101737]
[5.5786214]
[3.0483336]
[12.813748]
[6.967731]
[6.5222597]
[6.047038]
[6.166996]
[8.100253]
[5.608174]
[8.289188]
[5.028144]
[4.786737]
[4.8635783]
[4.2314854]
[4.3313656]
[3.8755226]
[4.547785]
[3.8393152]
[3.1498933]
[3.0812147]
[2.9722202]
[2.852399]
[2.8269806]
[2.7136214]
[2.422536]
[3.494745]
[3.1149108]
[1.8054869]
[2.2712278]
[1.5500194]
[2.038515]
[2.4874952]
[2.4364767]
[2.412955]
[2.2314684]
[1.6918752]
[1.6097665]
[1.2032421]
[1.0528867]
[1.0316038]
[1.020867]
[1.0376711]
[1.0167063]
[0.98880315]
[1.0074351]
[0.9813697]
[0.99092454]
[0.9842459]
[0.98304206]
[0.9821414]
[1.2376076]
[1.1451291]
[1.0109651]
[1.0977412]
[0.83001655]
[0.74549675]
[0.70657927]
[0.70053387]
[0.6990487]
[0.75403166]
[0.7326507]
[0.6839239]
[0.6732228]
[0.65413684]
[0.768958]
[0.86607534]
[0.723963]
[1.0097182]
[0.7243371]
[0.8018459]
[0.7488962]
[0.7617279]
[0.75458604]
[0.7506667]
[0.6557062]
[0.62611604]
[0.6264875]
[0.6182216]
[0.61792004]
[0.61754227]
[0.6297226]
[0.6203291]
[1.044779]
[0.82175696]
[0.8111311]
[0.61216223]
[0.82003653]
[0.7276819]
[0.74148256]
[0.52874154]
[0.6380418]
[0.6527849]
[0.6741864]
[0.683401]
[0.70579827]
[0.7125879]
[0.6261223]
[0.61986184]
[0.62063986]
[0.62142354]
[0.60936683]
[0.6410702]
[0.62659216]
[0.61984825]
[0.62499434]
[0.7901776]
[0.9913321]
[-0.08482933]
[0.8019248]
[0.572652]
[0.16817349]
[0.76666427]
[0.90819275]
[0.7578904]
[0.87973845]
[0.84969366]
[0.9132636]
[0.9489234]
[0.94933265]
[0.95009345]
[0.9328831]
[1.7695034]
[0.8517872]
[0.5778461]
[1.1940205]
[-0.1307008]
[0.8990981]
[1.1107427]
[1.1147217]
[0.90120095]
[2.4487226]
[2.1235704]
[0.6021676]
[-0.18807723]
[0.46765417]
[1.1934764]
[1.5180888]
[1.5967634]
[2.6169298]
[1.6564167]
[1.4197968]
[1.6803136]
[1.2716646]
[2.0004857]
[2.504757]
[2.2601364]
[1.4385092]
[1.8674237]
[1.4504464]
[1.8837185]
[1.2324715]
[1.4180638]
[2.3564382]
[2.5477939]
[2.4812546]
[2.0454757]
[2.5389843]
[1.7156106]
[2.2667406]
[2.929473]
[3.1648066]
[3.0504336]
[4.155789]
[5.682015]
[3.7676105]
[3.2587042]
[3.1870692]
[3.5647135]
[3.8360512]
[3.2575345]
[5.3479414]
[4.5724244]
[4.0658293]
[2.4717124]
[3.3737228]
[3.3928444]
[2.734123]
[2.6800337]
[2.6985152]
[1.9415025]
[1.9398582]
[1.9039062]
[1.857711]
[1.6599072]
[1.6578245]
[1.6557857]
[1.5551572]
[1.569612]
[1.7114466]
[1.5564976]
[2.9626076]
[4.17029]
[2.9144394]
[3.284896]
[3.305652]
[3.526991]
[5.8124957]
[3.6001403]
[3.9438064]
[2.904777]
[10.385019]
[3.7319689]
[4.0628576]
[4.2803283]
[3.8519905]
[5.578659]
[10.511339]
[5.344409]
[5.046655]
[3.8556674]
[4.480841]
[4.5904737]
[4.553094]
[3.9981382]
[3.6100488]
[2.8254032]
[2.7860255]
[2.6872563]
[2.6175172]
[5.0272093]
[5.0930133]
[3.5439534]
[3.979529]
[5.942232][4.3]
[30.92]
[39.25]
[29.7]
[19.45]
[13.74]
[11.15]
[9.61]
[8.47]
[7.25]
[6.36]
[5.68]
[5.17]
[4.9]
[4.63]
[4.43]
[4.25]
[3.5]
[3.25]
[3.48]
[3.45]
[3.34]
[3.16]
[3.03]
[3.19]
[3.24]
[3.07]
[2.9]
[3.01]
[3.39]
[4.09]
[3.93]
[3.38]
[3.37]
[3.68]
[3.86]
[4.88]
[11.97]
[10.98]
[9.57]
[8.25]
[9.26]
[7.3]
[7.03]
[5.94]
[5.1]
[4.59]
[4.19]
[3.92]
[3.62]
[3.37]
[3.17]
[2.96]
[2.64]
[2.49]
[2.4]
[2.35]
[2.23]
[2.07]
[2.05]
[2.27]
[2.12]
[2.14]
[2.13]
[2.16]
[2.18]
[1.91]
[1.59]
[1.35]
[1.24]
[1.21]
[1.]
[0.83]
[0.7]
[0.64]
[0.65]
[0.76]
[0.78]
[0.85]
[0.9]
[0.64]
[0.59]
[0.65]
[0.65]
[0.65]
[0.67]
[0.16]
[0.]
[0.]
[0.]
[0.]
[0.]
[0.]
[0.]
[0.]
[0.]
[0.]
[0.]
[0.]
[0.]
[0.]
[0.]
[0.]
[0.]
[0.]
[0.]
[0.]
[0.]
[0.]
[0.]
[0.34]
[0.66]
[0.71]
[0.71]
[0.77]
[0.78]
[0.81]
[0.78]
[0.67]
[0.75]
[0.8]
[0.82]
[0.81]
[0.81]
[0.81]
[0.8]
[0.8]
[0.81]
[0.82]
[0.82]
[0.83]
[0.83]
[0.83]
[0.83]
[0.83]
[0.82]
[0.76]
[0.76]
[0.77]
[0.78]
[0.85]
[0.83]
[0.81]
[0.77]
[0.8]
[0.81]
[0.87]
[0.85]
[0.8]
[0.84]
[0.86]
[0.86]
[0.86]
[0.86]
[0.86]
[0.87]
[0.87]
[0.94]
[0.92]
[0.89]
[0.87]
[0.84]
[0.81]
[0.84]
[0.86]
[0.88]
[0.85]
[0.85]
[0.86]
[0.86]
[0.87]
[0.91]
[0.92]
[0.92]
[0.87]
[0.87]
[0.89]
[0.96]
[0.93]
[0.87]
[0.86]
[0.86]
[0.87]
[1.26]
[1.7]
[1.51]
[1.47]
[1.34]
[1.36]
[1.36]
[1.36]
[1.36]
[1.36]
[1.24]
[1.29]
[1.47]
[1.67]
[2.26]
[1.83]
[3.23]
[2.92]
[2.42]
[2.19]
[2.03]
[2.01]
[1.91]
[1.87]
[1.85]
[1.98]
[1.97]
[1.87]
[1.81]
[1.81]
[1.78]
[1.72]
[1.72]
[1.72]
[1.7]
[1.63]
[1.62]
[1.62]
[1.64]
[1.62]
[1.61]
[1.62]
[1.67]
[1.97]
[2.01]
[2.65]
[2.94]
[2.52]
[2.26]
[2.12]
[2.5]
[2.89]
[2.98]
[3.54]
[3.07]
[2.56]
[2.41]
[2.57]
[2.84]
[4.66]
[3.71]
[2.99]
[2.65]
[2.45]
[2.33]
[2.28]
[2.22]
[2.19]
[2.11]
[2.09]
[2.06]
[2.27]
[2.55]
[3.]
[3.19]
[2.98]