0.759539307699462, 0.7745589253741738, -14.197326493675918, 22.96068381980445[14.247974]
[28.112217]
[28.768328]
[23.296976]
[4.731366]
[6.1567383]
[5.7814345]
[5.863174]
[5.948675]
[5.694132]
[5.1464815]
[4.329791]
[3.2960496]
[2.7162192]
[2.671774]
[2.6650538]
[2.6406045]
[2.644194]
[2.6475844]
[2.644789]
[2.6413057]
[4.637975]
[4.743904]
[5.65642]
[4.8818073]
[5.0343504]
[4.845812]
[5.5515575]
[5.290795]
[8.3295555]
[6.1088862]
[5.5243497]
[4.4402328]
[4.183757]
[4.1135607]
[4.429105]
[4.559401]
[8.110924]
[6.432484]
[6.187642]
[6.2893777]
[5.8957963]
[6.3217134]
[6.5777206]
[5.6025577]
[5.14448]
[4.3299775]
[4.2116594]
[4.323652]
[4.243603]
[4.295291]
[4.550415]
[4.4741387]
[4.0910044]
[4.074421]
[4.045989]
[4.0634604]
[4.083828]
[4.0361104]
[3.9243453]
[3.9212656]
[4.5961246]
[4.339566]
[1.9143488]
[1.3698412]
[1.7810873]
[1.8674382]
[1.7227273]
[1.60705]
[1.5611075]
[1.4763352]
[1.4499533]
[1.2273856]
[1.1195298]
[1.103737]
[1.0713408]
[1.0599239]
[1.0760787]
[1.1217022]
[1.0613819]
[1.0940783]
[1.114941]
[1.1355493]
[1.138949]
[1.1420718]
[0.9960945]
[1.015541]
[1.7258812]
[1.0504841]
[0.9330411]
[0.96908164]
[0.9995215]
[1.020966]
[1.0160772]
[1.0248774]
[1.1158496]
[1.2252841]
[1.2149065]
[1.2352039]
[1.1210315]
[1.3704404]
[1.6999586]
[1.3637389]
[1.2251681]
[1.3577815]
[1.3074877]
[1.3288999]
[1.3258692]
[1.3175792]
[1.3852537]
[1.3884467]
[1.3882711]
[1.389743]
[1.3904495]
[1.3906728]
[1.364118]
[1.3574953]
[1.2652268]
[1.491521]
[1.7362145]
[1.1815486]
[0.77896255]
[1.0853395]
[1.4219092]
[1.0518094]
[1.0387126]
[1.0962713]
[1.102766]
[1.1154765]
[1.2154559]
[1.2470243]
[1.312498]
[1.323219]
[1.3131169]
[1.3160396]
[1.3276738]
[1.3020706]
[1.3616003]
[1.2790049]
[1.2977887]
[1.3168899]
[0.45542216]
[1.0543318]
[1.6291473]
[0.03903408]
[-0.5797449]
[0.27072287]
[0.48948976]
[0.2385487]
[0.41209427]
[0.38675946]
[1.046896]
[1.1688845]
[1.167848]
[1.1691669]
[1.2008361]
[1.244209]
[1.2385851]
[1.2047104]
[1.993476]
[-0.6409068]
[-0.43476093]
[0.3318974]
[0.21134697]
[-1.6002523]
[-0.07092793]
[1.841224]
[0.24386047]
[-0.48623112]
[0.17769359]
[0.14011022]
[0.9341969]
[1.0366144]
[-0.40930152]
[2.0128012]
[3.1557803]
[1.277162]
[0.737933]
[1.7730198]
[2.7596273]
[1.1999984]
[0.9986427]
[0.80291826]
[0.5851587]
[0.96873635]
[0.8515082]
[1.9719751]
[1.408147]
[1.1828946]
[3.1344755]
[3.8088355]
[1.9897462]
[1.4551265]
[1.4724994]
[2.6825726]
[3.6967387]
[1.9592706]
[0.6195523]
[4.9838276]
[4.4389052]
[3.5292807]
[3.56971]
[3.1369462]
[3.5803263]
[2.1346366]
[5.591304]
[4.767485]
[3.418783]
[2.6631188]
[2.9803393]
[2.9264421]
[2.6884072]
[2.6252797]
[2.6477785]
[2.1979365]
[2.1976795]
[2.0386894]
[1.5167093]
[1.6658155]
[1.6544172]
[1.6435934]
[1.6662177]
[1.6419221]
[1.9009657]
[1.8289217]
[1.5520825]
[1.6894132]
[4.746245]
[3.3677046]
[2.6595466]
[3.2179422]
[6.055298]
[4.143133]
[4.199747]
[3.415833]
[6.335208]
[4.675541]
[3.8627114]
[3.508681]
[4.201984]
[1.8469917]
[8.134755]
[5.890632]
[5.2888036]
[4.0713067]
[4.2664423]
[4.233715]
[4.1889396]
[3.5759838]
[3.2452388]
[2.7550478]
[2.7929137]
[2.815086]
[2.6519477]
[3.3454938]
[6.6109486]
[6.392149]
[3.5890944]
[1.9619778][4.3]
[30.92]
[39.25]
[29.7]
[19.45]
[13.74]
[11.15]
[9.61]
[8.47]
[7.25]
[6.36]
[5.68]
[5.17]
[4.9]
[4.63]
[4.43]
[4.25]
[3.5]
[3.25]
[3.48]
[3.45]
[3.34]
[3.16]
[3.03]
[3.19]
[3.24]
[3.07]
[2.9]
[3.01]
[3.39]
[4.09]
[3.93]
[3.38]
[3.37]
[3.68]
[3.86]
[4.88]
[11.97]
[10.98]
[9.57]
[8.25]
[9.26]
[7.3]
[7.03]
[5.94]
[5.1]
[4.59]
[4.19]
[3.92]
[3.62]
[3.37]
[3.17]
[2.96]
[2.64]
[2.49]
[2.4]
[2.35]
[2.23]
[2.07]
[2.05]
[2.27]
[2.12]
[2.14]
[2.13]
[2.16]
[2.18]
[1.91]
[1.59]
[1.35]
[1.24]
[1.21]
[1.]
[0.83]
[0.7]
[0.64]
[0.65]
[0.76]
[0.78]
[0.85]
[0.9]
[0.64]
[0.59]
[0.65]
[0.65]
[0.65]
[0.67]
[0.16]
[0.]
[0.]
[0.]
[0.]
[0.]
[0.]
[0.]
[0.]
[0.]
[0.]
[0.]
[0.]
[0.]
[0.]
[0.]
[0.]
[0.]
[0.]
[0.]
[0.]
[0.]
[0.]
[0.]
[0.34]
[0.66]
[0.71]
[0.71]
[0.77]
[0.78]
[0.81]
[0.78]
[0.67]
[0.75]
[0.8]
[0.82]
[0.81]
[0.81]
[0.81]
[0.8]
[0.8]
[0.81]
[0.82]
[0.82]
[0.83]
[0.83]
[0.83]
[0.83]
[0.83]
[0.82]
[0.76]
[0.76]
[0.77]
[0.78]
[0.85]
[0.83]
[0.81]
[0.77]
[0.8]
[0.81]
[0.87]
[0.85]
[0.8]
[0.84]
[0.86]
[0.86]
[0.86]
[0.86]
[0.86]
[0.87]
[0.87]
[0.94]
[0.92]
[0.89]
[0.87]
[0.84]
[0.81]
[0.84]
[0.86]
[0.88]
[0.85]
[0.85]
[0.86]
[0.86]
[0.87]
[0.91]
[0.92]
[0.92]
[0.87]
[0.87]
[0.89]
[0.96]
[0.93]
[0.87]
[0.86]
[0.86]
[0.87]
[1.26]
[1.7]
[1.51]
[1.47]
[1.34]
[1.36]
[1.36]
[1.36]
[1.36]
[1.36]
[1.24]
[1.29]
[1.47]
[1.67]
[2.26]
[1.83]
[3.23]
[2.92]
[2.42]
[2.19]
[2.03]
[2.01]
[1.91]
[1.87]
[1.85]
[1.98]
[1.97]
[1.87]
[1.81]
[1.81]
[1.78]
[1.72]
[1.72]
[1.72]
[1.7]
[1.63]
[1.62]
[1.62]
[1.64]
[1.62]
[1.61]
[1.62]
[1.67]
[1.97]
[2.01]
[2.65]
[2.94]
[2.52]
[2.26]
[2.12]
[2.5]
[2.89]
[2.98]
[3.54]
[3.07]
[2.56]
[2.41]
[2.57]
[2.84]
[4.66]
[3.71]
[2.99]
[2.65]
[2.45]
[2.33]
[2.28]
[2.22]
[2.19]
[2.11]
[2.09]
[2.06]
[2.27]
[2.55]
[3.]
[3.19]
[2.98]