0.7428567103128962, 0.7945359525695981, -24.822742249761966, 23.74380787103576[17.657036]
[17.608377]
[43.34274]
[36.48496]
[12.325301]
[11.966806]
[8.98321]
[8.471377]
[8.688597]
[8.501805]
[7.0219865]
[5.281987]
[3.800345]
[2.9945626]
[2.9543474]
[2.9441059]
[2.9282982]
[2.9304702]
[2.9330037]
[2.903883]
[2.1993515]
[5.7134767]
[5.5463257]
[6.7702727]
[6.2596045]
[6.211339]
[6.447447]
[7.0475717]
[8.244069]
[11.06375]
[6.948232]
[5.9656825]
[6.358771]
[4.363234]
[4.30416]
[4.4053216]
[6.215982]
[7.6630073]
[7.337728]
[7.045239]
[7.0012827]
[8.0908785]
[7.4380317]
[9.023789]
[8.2828]
[7.439235]
[6.7727027]
[6.3521156]
[6.2421675]
[6.0962286]
[5.4774585]
[5.30781]
[4.9303]
[4.280908]
[4.228039]
[4.145184]
[4.12787]
[4.14154]
[3.601119]
[3.5026057]
[3.4789612]
[4.2908764]
[2.8289032]
[2.100755]
[2.0675404]
[2.1284297]
[2.193881]
[1.7472999]
[1.600526]
[1.3415504]
[0.69772553]
[0.6507831]
[0.37391543]
[0.2813282]
[0.2700439]
[0.25451946]
[0.27057144]
[0.2750601]
[0.26206332]
[0.25755244]
[0.2259754]
[0.22468473]
[0.22242814]
[0.22200796]
[0.22163683]
[0.3274992]
[0.58729464]
[0.3650988]
[0.27864778]
[0.27874687]
[0.16834016]
[0.16719231]
[0.16218705]
[0.15991323]
[0.17890275]
[0.14943184]
[0.13380866]
[0.123317]
[0.1221095]
[0.13665242]
[0.54120386]
[0.34452802]
[0.2331438]
[0.24088979]
[0.23250759]
[0.22163287]
[0.22182572]
[0.22033457]
[0.21840471]
[0.21476434]
[0.21271849]
[0.212969]
[0.213026]
[0.2132732]
[0.21276622]
[0.13100266]
[0.12763931]
[0.03087357]
[0.6963139]
[0.29762933]
[0.09309621]
[-0.12796505]
[0.32467863]
[0.19894631]
[0.14098768]
[0.16403374]
[0.15856424]
[0.13862273]
[0.14029281]
[0.1678345]
[0.17757098]
[0.1641928]
[0.16326962]
[0.16267316]
[0.16371265]
[0.13900445]
[0.18046181]
[0.17257136]
[0.15943639]
[0.16010708]
[0.09600759]
[-0.9394636]
[2.0394354]
[0.56700623]
[0.6106509]
[0.5045943]
[0.61165595]
[0.6855313]
[0.70944494]
[0.70829606]
[0.693668]
[0.42312902]
[0.4415317]
[0.44201118]
[0.43982518]
[0.4463504]
[-0.02533216]
[0.6789113]
[2.4107819]
[0.6601564]
[0.8263444]
[0.8791702]
[0.73490465]
[0.7361486]
[0.6203208]
[1.9864812]
[1.0177475]
[1.0032109]
[0.6128492]
[0.7194114]
[0.7234467]
[1.4616557]
[1.5197837]
[0.75740564]
[3.8662627]
[1.8837055]
[1.6966566]
[1.4827726]
[3.2646565]
[2.578071]
[2.5081186]
[1.9715003]
[2.0742583]
[1.2681531]
[1.6437658]
[1.6495683]
[1.7640846]
[1.7077596]
[2.1531038]
[3.7947557]
[2.6966698]
[2.2502196]
[2.0648477]
[2.8046985]
[3.7176862]
[3.3748567]
[3.1229823]
[4.342905]
[7.2275476]
[4.933476]
[4.252262]
[4.2930975]
[4.6535916]
[4.5258155]
[4.1176453]
[6.387793]
[5.1324377]
[3.1952047]
[2.863971]
[3.3596196]
[3.236735]
[2.8620908]
[2.8372223]
[2.8505085]
[2.2587953]
[2.2578921]
[2.1828604]
[1.9000843]
[1.8537087]
[1.846092]
[1.8388146]
[1.785013]
[1.8435882]
[1.9507711]
[1.7192738]
[1.6793427]
[4.5833097]
[4.915995]
[3.5488453]
[2.9859743]
[2.7702916]
[4.986937]
[4.187262]
[4.040058]
[2.828843]
[7.005991]
[4.499042]
[3.8950562]
[3.849061]
[4.7116723]
[4.552293]
[9.247811]
[6.8338203]
[6.1805563]
[4.6854525]
[4.6757226]
[4.6916947]
[4.6702256]
[4.341272]
[4.0055027]
[2.6522021]
[2.6586301]
[2.6725607]
[2.5715795]
[1.6422001]
[6.351259]
[4.9101253]
[3.6636615]
[3.6405618][4.3]
[30.92]
[39.25]
[29.7]
[19.45]
[13.74]
[11.15]
[9.61]
[8.47]
[7.25]
[6.36]
[5.68]
[5.17]
[4.9]
[4.63]
[4.43]
[4.25]
[3.5]
[3.25]
[3.48]
[3.45]
[3.34]
[3.16]
[3.03]
[3.19]
[3.24]
[3.07]
[2.9]
[3.01]
[3.39]
[4.09]
[3.93]
[3.38]
[3.37]
[3.68]
[3.86]
[4.88]
[11.97]
[10.98]
[9.57]
[8.25]
[9.26]
[7.3]
[7.03]
[5.94]
[5.1]
[4.59]
[4.19]
[3.92]
[3.62]
[3.37]
[3.17]
[2.96]
[2.64]
[2.49]
[2.4]
[2.35]
[2.23]
[2.07]
[2.05]
[2.27]
[2.12]
[2.14]
[2.13]
[2.16]
[2.18]
[1.91]
[1.59]
[1.35]
[1.24]
[1.21]
[1.]
[0.83]
[0.7]
[0.64]
[0.65]
[0.76]
[0.78]
[0.85]
[0.9]
[0.64]
[0.59]
[0.65]
[0.65]
[0.65]
[0.67]
[0.16]
[0.]
[0.]
[0.]
[0.]
[0.]
[0.]
[0.]
[0.]
[0.]
[0.]
[0.]
[0.]
[0.]
[0.]
[0.]
[0.]
[0.]
[0.]
[0.]
[0.]
[0.]
[0.]
[0.]
[0.34]
[0.66]
[0.71]
[0.71]
[0.77]
[0.78]
[0.81]
[0.78]
[0.67]
[0.75]
[0.8]
[0.82]
[0.81]
[0.81]
[0.81]
[0.8]
[0.8]
[0.81]
[0.82]
[0.82]
[0.83]
[0.83]
[0.83]
[0.83]
[0.83]
[0.82]
[0.76]
[0.76]
[0.77]
[0.78]
[0.85]
[0.83]
[0.81]
[0.77]
[0.8]
[0.81]
[0.87]
[0.85]
[0.8]
[0.84]
[0.86]
[0.86]
[0.86]
[0.86]
[0.86]
[0.87]
[0.87]
[0.94]
[0.92]
[0.89]
[0.87]
[0.84]
[0.81]
[0.84]
[0.86]
[0.88]
[0.85]
[0.85]
[0.86]
[0.86]
[0.87]
[0.91]
[0.92]
[0.92]
[0.87]
[0.87]
[0.89]
[0.96]
[0.93]
[0.87]
[0.86]
[0.86]
[0.87]
[1.26]
[1.7]
[1.51]
[1.47]
[1.34]
[1.36]
[1.36]
[1.36]
[1.36]
[1.36]
[1.24]
[1.29]
[1.47]
[1.67]
[2.26]
[1.83]
[3.23]
[2.92]
[2.42]
[2.19]
[2.03]
[2.01]
[1.91]
[1.87]
[1.85]
[1.98]
[1.97]
[1.87]
[1.81]
[1.81]
[1.78]
[1.72]
[1.72]
[1.72]
[1.7]
[1.63]
[1.62]
[1.62]
[1.64]
[1.62]
[1.61]
[1.62]
[1.67]
[1.97]
[2.01]
[2.65]
[2.94]
[2.52]
[2.26]
[2.12]
[2.5]
[2.89]
[2.98]
[3.54]
[3.07]
[2.56]
[2.41]
[2.57]
[2.84]
[4.66]
[3.71]
[2.99]
[2.65]
[2.45]
[2.33]
[2.28]
[2.22]
[2.19]
[2.11]
[2.09]
[2.06]
[2.27]
[2.55]
[3.]
[3.19]
[2.98]