0.7164891336822512, 0.7713728264692977, -4.245984672532502, 24.931455083361747[4.139664]
[18.267344]
[19.870958]
[21.364672]
[7.186868]
[6.1572375]
[6.483739]
[5.621968]
[5.8616915]
[5.4910197]
[3.4425983]
[2.6871023]
[2.7960835]
[4.46157]
[4.5796757]
[4.5806975]
[4.5267043]
[4.5161552]
[4.533319]
[4.5153527]
[4.042716]
[5.113655]
[4.7089634]
[5.202205]
[5.3623543]
[5.192268]
[4.7158713]
[5.166755]
[4.981032]
[6.8406997]
[3.4229198]
[5.440567]
[4.7365117]
[3.2293882]
[4.1975017]
[4.0071044]
[3.4442928]
[8.348334]
[6.924055]
[6.795333]
[6.7273164]
[4.8483343]
[5.046494]
[8.42444]
[4.30012]
[4.6809382]
[4.4568343]
[3.9883158]
[3.839705]
[3.9866717]
[3.8242388]
[3.913949]
[4.115047]
[3.8600202]
[3.8479493]
[3.823783]
[3.9032686]
[3.901721]
[3.9190779]
[3.6822968]
[2.2392883]
[2.9302814]
[2.4408388]
[2.8093665]
[2.7368255]
[2.535116]
[2.5367954]
[2.2500775]
[2.018667]
[1.8209763]
[1.5804592]
[1.549771]
[1.3075136]
[1.1685532]
[1.1497947]
[1.1230688]
[1.1342616]
[1.1227679]
[1.1090513]
[1.1245764]
[1.1029656]
[1.0907687]
[1.0731341]
[1.0699213]
[1.0670264]
[1.0471942]
[1.1113352]
[0.9190072]
[1.0333021]
[1.0715879]
[0.7920528]
[0.74454105]
[0.7366473]
[0.73223287]
[0.77255064]
[0.71598405]
[0.64612913]
[0.61810094]
[0.60500807]
[0.52144194]
[0.57930547]
[0.52762455]
[0.6364586]
[0.59134656]
[0.5372964]
[0.5424279]
[0.533377]
[0.52849865]
[0.53023034]
[0.550036]
[0.53920305]
[0.5395086]
[0.5335493]
[0.53349364]
[0.5338071]
[0.4969269]
[0.48980853]
[0.2915465]
[0.7329705]
[0.6324557]
[0.4886746]
[0.30777872]
[0.5519593]
[0.3754553]
[0.39589053]
[0.4225435]
[0.34665573]
[0.3694788]
[0.36774176]
[0.43960613]
[0.4600692]
[0.43950275]
[0.44212648]
[0.44060552]
[0.44445798]
[0.39706555]
[0.43572718]
[0.43824092]
[0.44519228]
[0.4405671]
[0.34836423]
[-0.56157017]
[1.7544549]
[0.5504032]
[0.81208843]
[0.90874213]
[0.1455731]
[0.15085305]
[0.13259354]
[0.1535517]
[0.21246831]
[0.60392255]
[0.5755133]
[0.5753039]
[0.57167214]
[0.56369025]
[0.05724588]
[0.532031]
[2.440127]
[1.1371154]
[1.4467536]
[1.4985651]
[0.67704344]
[0.72224224]
[0.08234807]
[1.537132]
[0.51513606]
[0.82447153]
[0.8432055]
[0.77782]
[0.65184516]
[1.4019015]
[1.4773121]
[0.5114924]
[3.0993257]
[2.1991441]
[2.2278688]
[1.3875282]
[2.0663755]
[1.9005488]
[1.5517955]
[1.639077]
[1.4842992]
[1.3422962]
[0.82864404]
[1.3284525]
[1.4046743]
[2.1705923]
[0.93576825]
[2.4953315]
[2.3651576]
[2.735321]
[2.7761314]
[1.7876078]
[2.310773]
[2.0073576]
[1.8472203]
[2.0934308]
[4.0335364]
[2.8693812]
[3.5642142]
[3.602868]
[2.6687665]
[2.4947636]
[2.0213351]
[3.9953215]
[3.4457383]
[3.6414719]
[3.7978795]
[3.1421566]
[3.0534854]
[2.9550238]
[2.969562]
[2.9445512]
[2.6092825]
[2.6080823]
[2.5342762]
[2.0579581]
[2.1803584]
[2.1729252]
[2.1642706]
[2.1266382]
[2.109734]
[2.137138]
[2.0474606]
[0.8999862]
[1.7008089]
[2.5731194]
[2.7458453]
[2.6291194]
[2.375218]
[4.8912406]
[3.0574498]
[3.1591887]
[1.3489898]
[6.941285]
[3.083077]
[2.9482884]
[4.056307]
[3.500123]
[2.952715]
[10.863777]
[5.9793625]
[4.649733]
[5.05901]
[4.2524276]
[4.154136]
[3.9783995]
[3.3282073]
[3.016038]
[2.6434774]
[2.5547388]
[2.7315938]
[2.8137453]
[2.7507005]
[6.1516924]
[4.580065]
[3.9076526]
[3.7739117][4.3]
[30.92]
[39.25]
[29.7]
[19.45]
[13.74]
[11.15]
[9.61]
[8.47]
[7.25]
[6.36]
[5.68]
[5.17]
[4.9]
[4.63]
[4.43]
[4.25]
[3.5]
[3.25]
[3.48]
[3.45]
[3.34]
[3.16]
[3.03]
[3.19]
[3.24]
[3.07]
[2.9]
[3.01]
[3.39]
[4.09]
[3.93]
[3.38]
[3.37]
[3.68]
[3.86]
[4.88]
[11.97]
[10.98]
[9.57]
[8.25]
[9.26]
[7.3]
[7.03]
[5.94]
[5.1]
[4.59]
[4.19]
[3.92]
[3.62]
[3.37]
[3.17]
[2.96]
[2.64]
[2.49]
[2.4]
[2.35]
[2.23]
[2.07]
[2.05]
[2.27]
[2.12]
[2.14]
[2.13]
[2.16]
[2.18]
[1.91]
[1.59]
[1.35]
[1.24]
[1.21]
[1.]
[0.83]
[0.7]
[0.64]
[0.65]
[0.76]
[0.78]
[0.85]
[0.9]
[0.64]
[0.59]
[0.65]
[0.65]
[0.65]
[0.67]
[0.16]
[0.]
[0.]
[0.]
[0.]
[0.]
[0.]
[0.]
[0.]
[0.]
[0.]
[0.]
[0.]
[0.]
[0.]
[0.]
[0.]
[0.]
[0.]
[0.]
[0.]
[0.]
[0.]
[0.]
[0.34]
[0.66]
[0.71]
[0.71]
[0.77]
[0.78]
[0.81]
[0.78]
[0.67]
[0.75]
[0.8]
[0.82]
[0.81]
[0.81]
[0.81]
[0.8]
[0.8]
[0.81]
[0.82]
[0.82]
[0.83]
[0.83]
[0.83]
[0.83]
[0.83]
[0.82]
[0.76]
[0.76]
[0.77]
[0.78]
[0.85]
[0.83]
[0.81]
[0.77]
[0.8]
[0.81]
[0.87]
[0.85]
[0.8]
[0.84]
[0.86]
[0.86]
[0.86]
[0.86]
[0.86]
[0.87]
[0.87]
[0.94]
[0.92]
[0.89]
[0.87]
[0.84]
[0.81]
[0.84]
[0.86]
[0.88]
[0.85]
[0.85]
[0.86]
[0.86]
[0.87]
[0.91]
[0.92]
[0.92]
[0.87]
[0.87]
[0.89]
[0.96]
[0.93]
[0.87]
[0.86]
[0.86]
[0.87]
[1.26]
[1.7]
[1.51]
[1.47]
[1.34]
[1.36]
[1.36]
[1.36]
[1.36]
[1.36]
[1.24]
[1.29]
[1.47]
[1.67]
[2.26]
[1.83]
[3.23]
[2.92]
[2.42]
[2.19]
[2.03]
[2.01]
[1.91]
[1.87]
[1.85]
[1.98]
[1.97]
[1.87]
[1.81]
[1.81]
[1.78]
[1.72]
[1.72]
[1.72]
[1.7]
[1.63]
[1.62]
[1.62]
[1.64]
[1.62]
[1.61]
[1.62]
[1.67]
[1.97]
[2.01]
[2.65]
[2.94]
[2.52]
[2.26]
[2.12]
[2.5]
[2.89]
[2.98]
[3.54]
[3.07]
[2.56]
[2.41]
[2.57]
[2.84]
[4.66]
[3.71]
[2.99]
[2.65]
[2.45]
[2.33]
[2.28]
[2.22]
[2.19]
[2.11]
[2.09]
[2.06]
[2.27]
[2.55]
[3.]
[3.19]
[2.98]