0.6986023902490051, 0.7018012796626585, -6.499871564147851, 25.70589169941214[6.43]
[11.868098]
[24.560045]
[36.64975]
[15.763421]
[2.7302637]
[4.515436]
[5.0512314]
[5.080642]
[4.584963]
[3.7176003]
[3.1470025]
[2.4373653]
[2.215118]
[2.2531226]
[2.2177343]
[2.1948187]
[2.191605]
[2.205678]
[2.1980634]
[3.392703]
[5.877182]
[5.0825753]
[6.1275916]
[5.8912053]
[5.6839643]
[5.2465763]
[5.8258834]
[5.9842687]
[8.184028]
[6.8567467]
[4.417722]
[4.855514]
[3.5596232]
[3.9754686]
[3.5354044]
[2.496125]
[5.858283]
[6.9841604]
[7.249644]
[6.424672]
[7.5966473]
[6.110937]
[8.359874]
[6.887723]
[5.997191]
[5.3786373]
[5.1410217]
[5.0362782]
[5.062132]
[4.763769]
[4.7348785]
[4.5109725]
[3.8830261]
[3.8329802]
[3.7667751]
[3.670441]
[3.6648006]
[3.504761]
[3.1637871]
[3.216473]
[3.454042]
[2.408972]
[1.6451727]
[1.2948724]
[1.4591388]
[1.7893332]
[1.8038214]
[1.7640643]
[1.7089932]
[1.4802238]
[1.4642715]
[1.3671234]
[1.3542048]
[1.357095]
[1.3657349]
[1.3874857]
[1.3834563]
[1.3878522]
[1.3678437]
[1.316538]
[1.3022919]
[1.2688911]
[1.2628801]
[1.2574762]
[1.3180543]
[1.406632]
[1.5652801]
[1.2304852]
[1.1673268]
[1.1035732]
[1.059677]
[1.055583]
[1.0322454]
[1.0298917]
[0.9997965]
[1.0510066]
[1.049032]
[1.0547062]
[0.9819439]
[1.0123122]
[1.3926392]
[1.2729987]
[1.13127]
[1.1363403]
[1.0973601]
[1.0910722]
[1.0921916]
[1.0882337]
[1.126629]
[1.1284494]
[1.128743]
[1.1303058]
[1.1301361]
[1.1300725]
[1.115464]
[1.1234004]
[0.8822393]
[1.3221725]
[1.2977065]
[1.0320091]
[0.8820905]
[1.0816091]
[0.88404953]
[0.9210895]
[0.8826479]
[0.8438742]
[0.9699021]
[0.97374064]
[1.0231365]
[1.0338144]
[1.105361]
[1.108046]
[1.1086024]
[1.1057715]
[1.1302305]
[1.1091064]
[1.1221704]
[1.120156]
[1.1044816]
[1.0909045]
[-0.6060526]
[2.0434163]
[0.04081152]
[0.96727407]
[0.29097322]
[0.04859925]
[-0.00621375]
[-0.0726033]
[-0.02624407]
[0.02788764]
[0.9532477]
[1.0354993]
[1.0351113]
[1.0362078]
[1.0595495]
[1.1690834]
[0.40584937]
[3.0946488]
[1.0303874]
[0.92004764]
[0.08659153]
[-0.1579098]
[-0.23912328]
[-0.43550318]
[0.9175803]
[-0.02536397]
[1.7981429]
[0.75379807]
[0.38966286]
[0.35831577]
[0.7878806]
[0.8359692]
[1.0413854]
[3.3677483]
[1.9525353]
[1.3603526]
[1.5338655]
[1.8284992]
[1.6188121]
[0.94486785]
[0.6342981]
[0.4801963]
[0.5661775]
[1.0743933]
[0.9513318]
[1.2326577]
[1.9229614]
[2.3626573]
[2.8242087]
[2.5008059]
[1.9087633]
[1.4852197]
[2.049794]
[2.4283779]
[2.8558006]
[2.4821022]
[2.2752287]
[6.9781237]
[3.2798412]
[2.4015653]
[1.2306548]
[2.5494778]
[2.5958557]
[1.4255493]
[5.5690985]
[2.8705752]
[2.3758726]
[2.3886375]
[2.6305158]
[2.5912802]
[2.2082705]
[2.220192]
[2.2156105]
[1.6212827]
[1.6256316]
[1.5277673]
[1.1776054]
[1.3711555]
[1.3607267]
[1.3507639]
[1.4498798]
[1.5709226]
[1.6545941]
[1.4808278]
[2.3171248]
[2.3004262]
[4.6856174]
[3.8708932]
[2.7521799]
[1.708459]
[5.7744308]
[3.2518437]
[2.3594646]
[0.7808076]
[7.9806385]
[3.3711004]
[2.8303008]
[2.788234]
[2.3888261]
[2.4403749]
[9.195866]
[5.272359]
[4.2416744]
[3.3556051]
[3.353657]
[3.3601775]
[3.2332458]
[2.6052237]
[2.3653257]
[2.1448407]
[2.265187]
[2.3581119]
[2.403588]
[2.670605]
[5.2769475]
[3.6206968]
[2.3027117]
[3.2402816][4.3]
[30.92]
[39.25]
[29.7]
[19.45]
[13.74]
[11.15]
[9.61]
[8.47]
[7.25]
[6.36]
[5.68]
[5.17]
[4.9]
[4.63]
[4.43]
[4.25]
[3.5]
[3.25]
[3.48]
[3.45]
[3.34]
[3.16]
[3.03]
[3.19]
[3.24]
[3.07]
[2.9]
[3.01]
[3.39]
[4.09]
[3.93]
[3.38]
[3.37]
[3.68]
[3.86]
[4.88]
[11.97]
[10.98]
[9.57]
[8.25]
[9.26]
[7.3]
[7.03]
[5.94]
[5.1]
[4.59]
[4.19]
[3.92]
[3.62]
[3.37]
[3.17]
[2.96]
[2.64]
[2.49]
[2.4]
[2.35]
[2.23]
[2.07]
[2.05]
[2.27]
[2.12]
[2.14]
[2.13]
[2.16]
[2.18]
[1.91]
[1.59]
[1.35]
[1.24]
[1.21]
[1.]
[0.83]
[0.7]
[0.64]
[0.65]
[0.76]
[0.78]
[0.85]
[0.9]
[0.64]
[0.59]
[0.65]
[0.65]
[0.65]
[0.67]
[0.16]
[0.]
[0.]
[0.]
[0.]
[0.]
[0.]
[0.]
[0.]
[0.]
[0.]
[0.]
[0.]
[0.]
[0.]
[0.]
[0.]
[0.]
[0.]
[0.]
[0.]
[0.]
[0.]
[0.]
[0.34]
[0.66]
[0.71]
[0.71]
[0.77]
[0.78]
[0.81]
[0.78]
[0.67]
[0.75]
[0.8]
[0.82]
[0.81]
[0.81]
[0.81]
[0.8]
[0.8]
[0.81]
[0.82]
[0.82]
[0.83]
[0.83]
[0.83]
[0.83]
[0.83]
[0.82]
[0.76]
[0.76]
[0.77]
[0.78]
[0.85]
[0.83]
[0.81]
[0.77]
[0.8]
[0.81]
[0.87]
[0.85]
[0.8]
[0.84]
[0.86]
[0.86]
[0.86]
[0.86]
[0.86]
[0.87]
[0.87]
[0.94]
[0.92]
[0.89]
[0.87]
[0.84]
[0.81]
[0.84]
[0.86]
[0.88]
[0.85]
[0.85]
[0.86]
[0.86]
[0.87]
[0.91]
[0.92]
[0.92]
[0.87]
[0.87]
[0.89]
[0.96]
[0.93]
[0.87]
[0.86]
[0.86]
[0.87]
[1.26]
[1.7]
[1.51]
[1.47]
[1.34]
[1.36]
[1.36]
[1.36]
[1.36]
[1.36]
[1.24]
[1.29]
[1.47]
[1.67]
[2.26]
[1.83]
[3.23]
[2.92]
[2.42]
[2.19]
[2.03]
[2.01]
[1.91]
[1.87]
[1.85]
[1.98]
[1.97]
[1.87]
[1.81]
[1.81]
[1.78]
[1.72]
[1.72]
[1.72]
[1.7]
[1.63]
[1.62]
[1.62]
[1.64]
[1.62]
[1.61]
[1.62]
[1.67]
[1.97]
[2.01]
[2.65]
[2.94]
[2.52]
[2.26]
[2.12]
[2.5]
[2.89]
[2.98]
[3.54]
[3.07]
[2.56]
[2.41]
[2.57]
[2.84]
[4.66]
[3.71]
[2.99]
[2.65]
[2.45]
[2.33]
[2.28]
[2.22]
[2.19]
[2.11]
[2.09]
[2.06]
[2.27]
[2.55]
[3.]
[3.19]
[2.98]