0.6827260387905767, 0.6963320587800066, 3.0645323924055656, 26.374242014328818[23.644176]
[19.59572]
[28.754553]
[42.80605]
[13.411905]
[5.766002]
[3.5327508]
[5.077489]
[5.2268825]
[5.2666683]
[5.073849]
[4.1830797]
[3.2111156]
[2.6050117]
[2.5919867]
[2.5784717]
[2.549912]
[2.5696878]
[2.5788229]
[2.57217]
[3.6057134]
[4.2565255]
[4.0637836]
[3.4005377]
[4.1110916]
[3.48736]
[3.2413177]
[4.234988]
[3.5843718]
[7.0919123]
[5.4652286]
[2.3656561]
[4.0501456]
[2.7813838]
[3.061226]
[2.3209076]
[1.6985092]
[6.445768]
[4.2005587]
[3.4512005]
[2.2024524]
[6.1817007]
[2.9549215]
[4.860108]
[6.1539264]
[5.114253]
[4.2839947]
[4.554928]
[4.33049]
[4.293717]
[3.9164546]
[3.874471]
[3.4596436]
[3.210691]
[3.178107]
[3.1276143]
[3.0395877]
[3.0121298]
[2.7351954]
[2.6998055]
[3.2031124]
[3.2614458]
[2.1852407]
[1.8829004]
[2.1140087]
[2.1744964]
[2.0364785]
[1.8047678]
[1.7215947]
[1.5506397]
[1.0607198]
[1.0398068]
[0.82271856]
[0.7186423]
[0.7045964]
[0.6762714]
[0.6819364]
[0.6866682]
[0.6773284]
[0.6890978]
[0.6570098]
[0.65420973]
[0.63726044]
[0.634139]
[0.63140523]
[0.7953625]
[0.69296485]
[0.58271253]
[0.71273535]
[0.6049411]
[0.46257898]
[0.4443188]
[0.43556613]
[0.4275458]
[0.40187895]
[0.34463573]
[0.27717984]
[0.25001922]
[0.2250257]
[0.28031453]
[0.18498759]
[0.21110706]
[0.2750452]
[0.20332596]
[0.20413847]
[0.21051326]
[0.20190242]
[0.20547254]
[0.20603122]
[0.15766458]
[0.1418585]
[0.14213884]
[0.1369828]
[0.13679458]
[0.13641815]
[0.10504191]
[0.11570787]
[0.27080768]
[0.08220824]
[0.16198029]
[0.13673097]
[0.12776887]
[-0.03798233]
[0.01230754]
[0.14053635]
[0.04180562]
[0.06886882]
[0.06926712]
[0.06729219]
[0.11414052]
[0.12483365]
[0.05809484]
[0.06039716]
[0.0624662]
[0.06213748]
[0.11640838]
[0.06316008]
[0.04478392]
[0.05685951]
[0.06467309]
[0.2190406]
[0.9321875]
[-0.426946]
[0.0303583]
[0.6574585]
[0.09104507]
[0.14323963]
[0.35306233]
[0.31475857]
[0.31043956]
[0.3322089]
[0.29804453]
[0.23241845]
[0.23187104]
[0.22805172]
[0.20886572]
[1.0674274]
[1.9762444]
[1.106264]
[0.11258973]
[0.6902298]
[0.5115513]
[0.7461283]
[0.7982208]
[0.3284386]
[0.07043154]
[0.43240824]
[0.6901178]
[0.63028723]
[0.8241693]
[0.83911514]
[1.4040467]
[1.4501919]
[1.9473813]
[1.8435501]
[0.841782]
[1.6254426]
[1.5932134]
[1.6664968]
[1.3008412]
[1.7934657]
[1.6065104]
[1.7104032]
[1.2491324]
[1.275466]
[1.4605384]
[1.3529397]
[1.5276781]
[2.1107533]
[2.530544]
[1.6835004]
[2.2665834]
[2.2194436]
[1.8840806]
[1.990847]
[2.3660705]
[1.371064]
[2.2486758]
[4.656795]
[3.0006752]
[3.0904744]
[2.3432243]
[2.9075441]
[3.0067918]
[1.634119]
[4.346792]
[3.4536772]
[3.0160737]
[2.985331]
[2.9908247]
[2.8935945]
[2.6741605]
[2.6862357]
[2.6798182]
[2.1085854]
[2.1057158]
[2.0158808]
[1.6470091]
[1.682039]
[1.6720451]
[1.6624461]
[1.7652911]
[1.8318311]
[1.679339]
[1.5283482]
[2.7323265]
[3.0849724]
[4.0414467]
[1.7259322]
[2.1692371]
[1.0785983]
[5.7685137]
[2.6773996]
[2.364446]
[2.2319882]
[5.588159]
[3.1643627]
[3.3591197]
[2.9753754]
[2.5592306]
[2.8583393]
[7.9092984]
[4.0349717]
[4.0417824]
[3.5485547]
[3.9061892]
[3.9389055]
[3.8755887]
[3.521964]
[3.3152952]
[2.77966]
[2.7507234]
[2.7384183]
[2.5344317]
[4.215836]
[7.368796]
[3.143566]
[2.6394544]
[4.098748][4.3]
[30.92]
[39.25]
[29.7]
[19.45]
[13.74]
[11.15]
[9.61]
[8.47]
[7.25]
[6.36]
[5.68]
[5.17]
[4.9]
[4.63]
[4.43]
[4.25]
[3.5]
[3.25]
[3.48]
[3.45]
[3.34]
[3.16]
[3.03]
[3.19]
[3.24]
[3.07]
[2.9]
[3.01]
[3.39]
[4.09]
[3.93]
[3.38]
[3.37]
[3.68]
[3.86]
[4.88]
[11.97]
[10.98]
[9.57]
[8.25]
[9.26]
[7.3]
[7.03]
[5.94]
[5.1]
[4.59]
[4.19]
[3.92]
[3.62]
[3.37]
[3.17]
[2.96]
[2.64]
[2.49]
[2.4]
[2.35]
[2.23]
[2.07]
[2.05]
[2.27]
[2.12]
[2.14]
[2.13]
[2.16]
[2.18]
[1.91]
[1.59]
[1.35]
[1.24]
[1.21]
[1.]
[0.83]
[0.7]
[0.64]
[0.65]
[0.76]
[0.78]
[0.85]
[0.9]
[0.64]
[0.59]
[0.65]
[0.65]
[0.65]
[0.67]
[0.16]
[0.]
[0.]
[0.]
[0.]
[0.]
[0.]
[0.]
[0.]
[0.]
[0.]
[0.]
[0.]
[0.]
[0.]
[0.]
[0.]
[0.]
[0.]
[0.]
[0.]
[0.]
[0.]
[0.]
[0.34]
[0.66]
[0.71]
[0.71]
[0.77]
[0.78]
[0.81]
[0.78]
[0.67]
[0.75]
[0.8]
[0.82]
[0.81]
[0.81]
[0.81]
[0.8]
[0.8]
[0.81]
[0.82]
[0.82]
[0.83]
[0.83]
[0.83]
[0.83]
[0.83]
[0.82]
[0.76]
[0.76]
[0.77]
[0.78]
[0.85]
[0.83]
[0.81]
[0.77]
[0.8]
[0.81]
[0.87]
[0.85]
[0.8]
[0.84]
[0.86]
[0.86]
[0.86]
[0.86]
[0.86]
[0.87]
[0.87]
[0.94]
[0.92]
[0.89]
[0.87]
[0.84]
[0.81]
[0.84]
[0.86]
[0.88]
[0.85]
[0.85]
[0.86]
[0.86]
[0.87]
[0.91]
[0.92]
[0.92]
[0.87]
[0.87]
[0.89]
[0.96]
[0.93]
[0.87]
[0.86]
[0.86]
[0.87]
[1.26]
[1.7]
[1.51]
[1.47]
[1.34]
[1.36]
[1.36]
[1.36]
[1.36]
[1.36]
[1.24]
[1.29]
[1.47]
[1.67]
[2.26]
[1.83]
[3.23]
[2.92]
[2.42]
[2.19]
[2.03]
[2.01]
[1.91]
[1.87]
[1.85]
[1.98]
[1.97]
[1.87]
[1.81]
[1.81]
[1.78]
[1.72]
[1.72]
[1.72]
[1.7]
[1.63]
[1.62]
[1.62]
[1.64]
[1.62]
[1.61]
[1.62]
[1.67]
[1.97]
[2.01]
[2.65]
[2.94]
[2.52]
[2.26]
[2.12]
[2.5]
[2.89]
[2.98]
[3.54]
[3.07]
[2.56]
[2.41]
[2.57]
[2.84]
[4.66]
[3.71]
[2.99]
[2.65]
[2.45]
[2.33]
[2.28]
[2.22]
[2.19]
[2.11]
[2.09]
[2.06]
[2.27]
[2.55]
[3.]
[3.19]
[2.98]