0.657180426288767, 0.7307224677236326, 12.209138949424228, 27.415462501530282[6.59982]
[4.279638]
[48.756123]
[42.422512]
[19.985811]
[7.090314]
[6.429883]
[5.212675]
[5.097845]
[5.045044]
[4.1273923]
[3.709279]
[3.3133383]
[3.0428758]
[3.049975]
[3.038454]
[3.0405855]
[3.0268006]
[3.0413542]
[2.9961348]
[2.754069]
[4.0825334]
[4.559619]
[5.120643]
[4.5554094]
[4.8083544]
[4.791807]
[5.239855]
[5.9162307]
[7.1986804]
[5.5100627]
[4.779942]
[2.6707985]
[3.3842556]
[2.6786928]
[3.433462]
[4.428441]
[15.600591]
[5.6029534]
[4.9353385]
[5.093132]
[4.120089]
[5.697875]
[4.2304597]
[5.447872]
[4.605427]
[3.8980243]
[4.260304]
[4.1908073]
[4.255702]
[4.2313347]
[4.344168]
[3.7575524]
[3.4853456]
[3.4383607]
[3.368981]
[3.2164843]
[3.1543362]
[2.6555874]
[2.5664]
[2.5196962]
[2.6969736]
[2.585121]
[1.7546947]
[1.6826746]
[1.61883]
[1.5287517]
[1.2565769]
[1.1303456]
[0.96991205]
[0.49724302]
[0.46168363]
[0.16925041]
[0.03623273]
[0.01828602]
[-0.01217301]
[-0.00844052]
[-0.00559874]
[0.01518445]
[-0.00674393]
[-0.0387564]
[-0.04680458]
[-0.06910409]
[-0.0731653]
[-0.07674934]
[-0.04076049]
[-0.02811032]
[0.21222708]
[-0.05162925]
[-0.08495657]
[-0.32874545]
[-0.35843572]
[-0.3592522]
[-0.37905985]
[-0.39049062]
[-0.45930842]
[-0.51499885]
[-0.57736963]
[-0.59833306]
[-0.637556]
[-0.58204585]
[-0.51751196]
[-0.5952898]
[-0.62167174]
[-0.62547845]
[-0.6354141]
[-0.6393269]
[-0.6389345]
[-0.6402918]
[-0.6703956]
[-0.6753369]
[-0.6752945]
[-0.67840135]
[-0.6779772]
[-0.67771214]
[-0.73055017]
[-0.7280159]
[-0.75258464]
[-0.5138749]
[-0.5445301]
[-0.854963]
[-0.8466603]
[-0.61759996]
[-0.77634746]
[-0.82964146]
[-0.8295142]
[-0.8338829]
[-0.80618614]
[-0.80742675]
[-0.75436604]
[-0.7430837]
[-0.7476539]
[-0.7454908]
[-0.74721915]
[-0.745565]
[-0.7673131]
[-0.7512273]
[-0.7305608]
[-0.7499761]
[-0.75467354]
[-0.74661475]
[-0.21822345]
[0.53230935]
[0.14459425]
[-0.50404525]
[-1.0458502]
[-0.78244454]
[-0.58864135]
[-0.53517765]
[-0.57979786]
[-0.50103384]
[-0.44816396]
[-0.45219335]
[-0.4517692]
[-0.45555472]
[-0.45166317]
[-0.3704497]
[2.0217853]
[1.1575174]
[0.32578704]
[-0.24501891]
[-0.18254212]
[-0.22376917]
[-0.2823544]
[-0.19011313]
[0.3538894]
[0.511224]
[0.25614217]
[-0.01581007]
[-0.02867231]
[0.00278346]
[0.6138197]
[0.70144844]
[1.7437438]
[1.4656838]
[1.2387468]
[0.76198477]
[0.66654384]
[0.94998777]
[1.2951901]
[1.3488659]
[1.0479258]
[0.9222433]
[0.62471503]
[0.32305396]
[0.91014713]
[1.0864702]
[1.3009771]
[1.4518884]
[2.5098906]
[2.3882797]
[2.0001643]
[1.9154092]
[1.8950396]
[1.9439304]
[2.3492131]
[2.31429]
[4.6635666]
[5.367483]
[3.8611712]
[3.373233]
[2.346313]
[2.9442618]
[3.0258489]
[3.1752627]
[4.1199245]
[3.6632087]
[2.9595044]
[2.730619]
[2.8180728]
[2.8055022]
[2.3754122]
[2.355175]
[2.3498678]
[1.7971942]
[1.7945486]
[1.7227618]
[1.5161599]
[1.3185606]
[1.3111911]
[1.3041661]
[1.3206283]
[1.3318894]
[1.4362189]
[1.1811689]
[1.511041]
[1.8148705]
[4.8057275]
[2.0982695]
[2.167726]
[2.296839]
[4.4287434]
[2.3164876]
[2.0022717]
[3.2325463]
[5.022127]
[3.2101116]
[3.036153]
[2.7652242]
[2.931532]
[6.4649177]
[7.0938606]
[4.95227]
[4.6786714]
[3.8713775]
[3.7049687]
[3.6661806]
[3.5676248]
[3.0333326]
[2.8617811]
[2.4123075]
[2.4301004]
[2.4448714]
[2.2758012]
[3.6395175]
[5.3473415]
[3.8161852]
[2.2549121]
[5.0825124][4.3]
[30.92]
[39.25]
[29.7]
[19.45]
[13.74]
[11.15]
[9.61]
[8.47]
[7.25]
[6.36]
[5.68]
[5.17]
[4.9]
[4.63]
[4.43]
[4.25]
[3.5]
[3.25]
[3.48]
[3.45]
[3.34]
[3.16]
[3.03]
[3.19]
[3.24]
[3.07]
[2.9]
[3.01]
[3.39]
[4.09]
[3.93]
[3.38]
[3.37]
[3.68]
[3.86]
[4.88]
[11.97]
[10.98]
[9.57]
[8.25]
[9.26]
[7.3]
[7.03]
[5.94]
[5.1]
[4.59]
[4.19]
[3.92]
[3.62]
[3.37]
[3.17]
[2.96]
[2.64]
[2.49]
[2.4]
[2.35]
[2.23]
[2.07]
[2.05]
[2.27]
[2.12]
[2.14]
[2.13]
[2.16]
[2.18]
[1.91]
[1.59]
[1.35]
[1.24]
[1.21]
[1.]
[0.83]
[0.7]
[0.64]
[0.65]
[0.76]
[0.78]
[0.85]
[0.9]
[0.64]
[0.59]
[0.65]
[0.65]
[0.65]
[0.67]
[0.16]
[0.]
[0.]
[0.]
[0.]
[0.]
[0.]
[0.]
[0.]
[0.]
[0.]
[0.]
[0.]
[0.]
[0.]
[0.]
[0.]
[0.]
[0.]
[0.]
[0.]
[0.]
[0.]
[0.]
[0.34]
[0.66]
[0.71]
[0.71]
[0.77]
[0.78]
[0.81]
[0.78]
[0.67]
[0.75]
[0.8]
[0.82]
[0.81]
[0.81]
[0.81]
[0.8]
[0.8]
[0.81]
[0.82]
[0.82]
[0.83]
[0.83]
[0.83]
[0.83]
[0.83]
[0.82]
[0.76]
[0.76]
[0.77]
[0.78]
[0.85]
[0.83]
[0.81]
[0.77]
[0.8]
[0.81]
[0.87]
[0.85]
[0.8]
[0.84]
[0.86]
[0.86]
[0.86]
[0.86]
[0.86]
[0.87]
[0.87]
[0.94]
[0.92]
[0.89]
[0.87]
[0.84]
[0.81]
[0.84]
[0.86]
[0.88]
[0.85]
[0.85]
[0.86]
[0.86]
[0.87]
[0.91]
[0.92]
[0.92]
[0.87]
[0.87]
[0.89]
[0.96]
[0.93]
[0.87]
[0.86]
[0.86]
[0.87]
[1.26]
[1.7]
[1.51]
[1.47]
[1.34]
[1.36]
[1.36]
[1.36]
[1.36]
[1.36]
[1.24]
[1.29]
[1.47]
[1.67]
[2.26]
[1.83]
[3.23]
[2.92]
[2.42]
[2.19]
[2.03]
[2.01]
[1.91]
[1.87]
[1.85]
[1.98]
[1.97]
[1.87]
[1.81]
[1.81]
[1.78]
[1.72]
[1.72]
[1.72]
[1.7]
[1.63]
[1.62]
[1.62]
[1.64]
[1.62]
[1.61]
[1.62]
[1.67]
[1.97]
[2.01]
[2.65]
[2.94]
[2.52]
[2.26]
[2.12]
[2.5]
[2.89]
[2.98]
[3.54]
[3.07]
[2.56]
[2.41]
[2.57]
[2.84]
[4.66]
[3.71]
[2.99]
[2.65]
[2.45]
[2.33]
[2.28]
[2.22]
[2.19]
[2.11]
[2.09]
[2.06]
[2.27]
[2.55]
[3.]
[3.19]
[2.98]