0.729734716928696, 0.8029488916269476, -40.29628258947131, 24.34209217373281[20.39027]
[26.571764]
[45.52889]
[35.770714]
[9.223882]
[8.194764]
[5.949843]
[6.2974086]
[6.3361573]
[5.7012258]
[3.9407187]
[3.7075653]
[3.458248]
[4.1928277]
[4.316254]
[4.2752447]
[4.2969646]
[4.3098125]
[4.3009996]
[4.3007517]
[4.128946]
[5.8768926]
[6.7584205]
[6.008723]
[5.672117]
[5.6103497]
[6.2697597]
[6.2483087]
[5.713511]
[6.7066903]
[5.939988]
[6.1930566]
[5.835061]
[3.4778965]
[3.6141827]
[3.8808239]
[4.3228817]
[8.269278]
[6.3601933]
[5.007013]
[5.353421]
[5.9260974]
[6.020983]
[6.2660456]
[5.8121758]
[5.0737166]
[4.7218204]
[4.801886]
[4.8195243]
[4.951573]
[5.327832]
[5.2959204]
[4.52793]
[4.1642427]
[4.150779]
[4.13814]
[4.1050916]
[4.094244]
[3.7357008]
[3.7750325]
[3.729043]
[4.113264]
[2.9435487]
[2.8978415]
[2.6233907]
[2.6960485]
[3.1762342]
[3.0620725]
[2.8885818]
[2.5801544]
[2.1101522]
[2.0996797]
[1.9363064]
[1.987929]
[1.9951911]
[2.0104234]
[2.0324073]
[2.0482213]
[1.984227]
[2.0057206]
[1.9295439]
[1.906453]
[1.8512067]
[1.8412471]
[1.8322791]
[1.7240673]
[2.2733862]
[1.5915388]
[1.5631421]
[1.5810875]
[1.555705]
[1.4987261]
[1.4653524]
[1.4611919]
[1.4265523]
[1.4555069]
[1.330609]
[1.323979]
[1.3129195]
[0.9199158]
[1.7736633]
[1.3409767]
[1.3027558]
[1.3502444]
[1.3205674]
[1.2876323]
[1.2938488]
[1.289822]
[1.2878524]
[1.2820257]
[1.2697122]
[1.2697467]
[1.2665019]
[1.265969]
[1.2657173]
[1.2217757]
[1.2400033]
[1.0920451]
[1.7190597]
[1.3362528]
[1.1731923]
[0.90470743]
[1.0838643]
[1.082356]
[1.0791272]
[1.1264699]
[1.0930948]
[1.1645477]
[1.1651044]
[1.1955793]
[1.2047567]
[1.2199783]
[1.2163042]
[1.2179954]
[1.2164818]
[1.2171047]
[1.2245777]
[1.2108035]
[1.2220514]
[1.2108035]
[1.1251391]
[2.001153]
[1.1610564]
[0.8160847]
[1.2025803]
[1.0462903]
[0.85066855]
[1.001055]
[0.9142402]
[1.0034382]
[1.0235374]
[1.4274948]
[1.4572579]
[1.4586589]
[1.455438]
[1.4619063]
[1.8549523]
[2.510764]
[1.4011605]
[0.9440418]
[1.7333018]
[1.8493364]
[1.5835899]
[1.4530084]
[1.4722925]
[0.3140859]
[1.5002438]
[1.7779684]
[1.777095]
[1.7669181]
[1.6985735]
[2.1660097]
[2.2757244]
[3.9259346]
[3.2747846]
[2.407064]
[2.7318597]
[2.9152858]
[2.337565]
[2.456224]
[2.3954556]
[2.4222565]
[2.2325463]
[2.0091178]
[1.7896669]
[2.1494706]
[2.0900383]
[2.8836365]
[3.2082944]
[3.491774]
[2.8855505]
[3.3978374]
[3.375941]
[2.4785168]
[3.632421]
[3.6202495]
[2.7066495]
[4.4849057]
[6.042784]
[4.370322]
[4.396732]
[3.8958123]
[3.6005266]
[3.9752853]
[2.921892]
[5.473879]
[4.436127]
[4.1448126]
[4.1613374]
[3.885687]
[3.8189342]
[3.2960224]
[3.2615764]
[3.266087]
[2.68433]
[2.689457]
[2.5642633]
[2.2387745]
[2.3327444]
[2.3194432]
[2.3067083]
[2.4678748]
[2.598113]
[2.5320456]
[2.3416991]
[3.5772145]
[4.081411]
[5.3153486]
[3.1772614]
[3.514776]
[2.4887335]
[5.484138]
[4.2658987]
[3.0595765]
[1.3705981]
[7.041387]
[4.218547]
[3.7428768]
[4.488092]
[3.774868]
[5.825812]
[7.222446]
[6.308434]
[5.6013813]
[5.400442]
[4.7011104]
[4.7106576]
[4.554116]
[3.9987512]
[3.7029645]
[2.9932718]
[3.0272553]
[3.0390663]
[2.9667177]
[5.3230352]
[5.107542]
[4.7237716]
[3.695839]
[6.864212][4.3]
[30.92]
[39.25]
[29.7]
[19.45]
[13.74]
[11.15]
[9.61]
[8.47]
[7.25]
[6.36]
[5.68]
[5.17]
[4.9]
[4.63]
[4.43]
[4.25]
[3.5]
[3.25]
[3.48]
[3.45]
[3.34]
[3.16]
[3.03]
[3.19]
[3.24]
[3.07]
[2.9]
[3.01]
[3.39]
[4.09]
[3.93]
[3.38]
[3.37]
[3.68]
[3.86]
[4.88]
[11.97]
[10.98]
[9.57]
[8.25]
[9.26]
[7.3]
[7.03]
[5.94]
[5.1]
[4.59]
[4.19]
[3.92]
[3.62]
[3.37]
[3.17]
[2.96]
[2.64]
[2.49]
[2.4]
[2.35]
[2.23]
[2.07]
[2.05]
[2.27]
[2.12]
[2.14]
[2.13]
[2.16]
[2.18]
[1.91]
[1.59]
[1.35]
[1.24]
[1.21]
[1.]
[0.83]
[0.7]
[0.64]
[0.65]
[0.76]
[0.78]
[0.85]
[0.9]
[0.64]
[0.59]
[0.65]
[0.65]
[0.65]
[0.67]
[0.16]
[0.]
[0.]
[0.]
[0.]
[0.]
[0.]
[0.]
[0.]
[0.]
[0.]
[0.]
[0.]
[0.]
[0.]
[0.]
[0.]
[0.]
[0.]
[0.]
[0.]
[0.]
[0.]
[0.]
[0.34]
[0.66]
[0.71]
[0.71]
[0.77]
[0.78]
[0.81]
[0.78]
[0.67]
[0.75]
[0.8]
[0.82]
[0.81]
[0.81]
[0.81]
[0.8]
[0.8]
[0.81]
[0.82]
[0.82]
[0.83]
[0.83]
[0.83]
[0.83]
[0.83]
[0.82]
[0.76]
[0.76]
[0.77]
[0.78]
[0.85]
[0.83]
[0.81]
[0.77]
[0.8]
[0.81]
[0.87]
[0.85]
[0.8]
[0.84]
[0.86]
[0.86]
[0.86]
[0.86]
[0.86]
[0.87]
[0.87]
[0.94]
[0.92]
[0.89]
[0.87]
[0.84]
[0.81]
[0.84]
[0.86]
[0.88]
[0.85]
[0.85]
[0.86]
[0.86]
[0.87]
[0.91]
[0.92]
[0.92]
[0.87]
[0.87]
[0.89]
[0.96]
[0.93]
[0.87]
[0.86]
[0.86]
[0.87]
[1.26]
[1.7]
[1.51]
[1.47]
[1.34]
[1.36]
[1.36]
[1.36]
[1.36]
[1.36]
[1.24]
[1.29]
[1.47]
[1.67]
[2.26]
[1.83]
[3.23]
[2.92]
[2.42]
[2.19]
[2.03]
[2.01]
[1.91]
[1.87]
[1.85]
[1.98]
[1.97]
[1.87]
[1.81]
[1.81]
[1.78]
[1.72]
[1.72]
[1.72]
[1.7]
[1.63]
[1.62]
[1.62]
[1.64]
[1.62]
[1.61]
[1.62]
[1.67]
[1.97]
[2.01]
[2.65]
[2.94]
[2.52]
[2.26]
[2.12]
[2.5]
[2.89]
[2.98]
[3.54]
[3.07]
[2.56]
[2.41]
[2.57]
[2.84]
[4.66]
[3.71]
[2.99]
[2.65]
[2.45]
[2.33]
[2.28]
[2.22]
[2.19]
[2.11]
[2.09]
[2.06]
[2.27]
[2.55]
[3.]
[3.19]
[2.98]