0.8327134223483663, 0.8589345919041554, 26.52539108430717, 19.1510821768973[7.683608]
[24.421394]
[31.82999]
[38.43638]
[10.927337]
[9.626979]
[7.578729]
[5.9420238]
[3.981724]
[4.290889]
[3.5006285]
[2.9657354]
[1.9335712]
[1.8975301]
[1.890525]
[1.8889265]
[1.8781757]
[1.8714159]
[1.876568]
[1.878177]
[2.4948227]
[3.6775103]
[4.675469]
[4.5923915]
[4.5323873]
[4.1201134]
[3.8746612]
[4.383859]
[4.395866]
[6.667614]
[4.980132]
[3.5659962]
[3.4335182]
[2.8710096]
[2.999872]
[2.9758985]
[3.1001124]
[5.0984774]
[5.368378]
[5.111288]
[4.8415604]
[5.094605]
[4.9419374]
[6.009616]
[5.034925]
[4.8996463]
[3.6092732]
[3.140176]
[3.1273265]
[2.999082]
[2.822066]
[2.8306105]
[2.837279]
[2.6492515]
[2.6284888]
[2.6034403]
[2.5033805]
[2.4702618]
[1.9832766]
[2.012894]
[2.201007]
[2.9186194]
[2.137847]
[1.0833037]
[1.1227169]
[1.2965839]
[1.1093669]
[0.7364942]
[0.5574354]
[0.39105725]
[0.13319199]
[0.10605058]
[-0.11562238]
[-0.1437751]
[-0.147497]
[-0.14889668]
[-0.12900421]
[-0.12600337]
[-0.13885501]
[-0.15276702]
[-0.189127]
[-0.20011239]
[-0.22670639]
[-0.23148865]
[-0.23579372]
[-0.01488755]
[0.14961044]
[-0.06336751]
[-0.26762593]
[-0.25563318]
[-0.30409193]
[-0.31534243]
[-0.32029435]
[-0.3088954]
[-0.28049877]
[-0.2987477]
[-0.27045712]
[-0.23955803]
[-0.22331321]
[-0.1021027]
[0.27112845]
[0.06228196]
[-0.00487769]
[-0.02289332]
[-0.03507693]
[-0.03220334]
[-0.04071808]
[-0.04242527]
[-0.04229803]
[-0.04589267]
[-0.04933886]
[-0.04904196]
[-0.04986904]
[-0.04958274]
[-0.04984783]
[-0.10536863]
[-0.1003637]
[-0.09535877]
[0.2808401]
[0.09433287]
[-0.18405844]
[-0.26185754]
[-0.08871027]
[-0.14925721]
[-0.19685706]
[-0.21986702]
[-0.21712068]
[-0.1645689]
[-0.16470675]
[-0.13397732]
[-0.12249355]
[-0.1307432]
[-0.12741366]
[-0.12839979]
[-0.12793323]
[-0.1188671]
[-0.11489072]
[-0.12081818]
[-0.13456053]
[-0.13298059]
[-0.11967298]
[-0.26272705]
[0.63145363]
[0.58325267]
[-0.7530618]
[-0.9611057]
[-0.43864188]
[-0.38734132]
[-0.2487408]
[-0.3326158]
[-0.29196134]
[-0.09627069]
[-0.08753327]
[-0.08789379]
[-0.08980245]
[-0.08833914]
[-0.1668911]
[0.3167242]
[1.0168698]
[0.3134245]
[-1.4841316]
[-1.4613867]
[-1.0605999]
[-1.1053368]
[-1.4024727]
[-0.4344004]
[-0.30041248]
[0.33563188]
[-0.18148175]
[-0.12054248]
[-0.14252388]
[0.5123168]
[0.5912061]
[0.31288305]
[2.1740942]
[1.3187587]
[0.4803653]
[-0.00502614]
[1.585378]
[1.1118368]
[0.5621454]
[0.37046823]
[0.21091753]
[0.22325954]
[0.4467371]
[0.8468532]
[0.8946691]
[1.0566487]
[0.98390824]
[2.9722223]
[2.0218062]
[1.3849919]
[1.4099562]
[0.8723934]
[1.7298013]
[1.9237443]
[0.6823168]
[2.471777]
[3.9828537]
[2.5119479]
[1.574205]
[0.9220073]
[2.4949665]
[1.6360397]
[0.8971709]
[4.6817594]
[2.1470907]
[1.8572885]
[1.8548265]
[1.9562604]
[1.9366596]
[1.7271053]
[1.717796]
[1.7125338]
[1.4307196]
[1.4310715]
[1.3545713]
[0.89104664]
[1.1210825]
[1.1103504]
[1.1000979]
[1.1231595]
[1.183293]
[1.2224125]
[1.1123976]
[0.7757616]
[1.711844]
[3.089956]
[2.6257508]
[1.3908445]
[1.0543809]
[3.926506]
[2.3103302]
[1.6890454]
[1.7215761]
[5.4388127]
[2.5747232]
[1.4389719]
[1.690298]
[1.7405123]
[3.4437435]
[6.4651356]
[4.842579]
[3.7355318]
[2.3870447]
[2.3622298]
[2.3440106]
[2.27438]
[1.9613025]
[2.0215466]
[1.5514019]
[1.519009]
[1.5010649]
[1.3794541]
[2.387444]
[4.40741]
[3.4950082]
[1.9517877]
[4.23142][4.3]
[30.92]
[39.25]
[29.7]
[19.45]
[13.74]
[11.15]
[9.61]
[8.47]
[7.25]
[6.36]
[5.68]
[5.17]
[4.9]
[4.63]
[4.43]
[4.25]
[3.5]
[3.25]
[3.48]
[3.45]
[3.34]
[3.16]
[3.03]
[3.19]
[3.24]
[3.07]
[2.9]
[3.01]
[3.39]
[4.09]
[3.93]
[3.38]
[3.37]
[3.68]
[3.86]
[4.88]
[11.97]
[10.98]
[9.57]
[8.25]
[9.26]
[7.3]
[7.03]
[5.94]
[5.1]
[4.59]
[4.19]
[3.92]
[3.62]
[3.37]
[3.17]
[2.96]
[2.64]
[2.49]
[2.4]
[2.35]
[2.23]
[2.07]
[2.05]
[2.27]
[2.12]
[2.14]
[2.13]
[2.16]
[2.18]
[1.91]
[1.59]
[1.35]
[1.24]
[1.21]
[1.]
[0.83]
[0.7]
[0.64]
[0.65]
[0.76]
[0.78]
[0.85]
[0.9]
[0.64]
[0.59]
[0.65]
[0.65]
[0.65]
[0.67]
[0.16]
[0.]
[0.]
[0.]
[0.]
[0.]
[0.]
[0.]
[0.]
[0.]
[0.]
[0.]
[0.]
[0.]
[0.]
[0.]
[0.]
[0.]
[0.]
[0.]
[0.]
[0.]
[0.]
[0.]
[0.34]
[0.66]
[0.71]
[0.71]
[0.77]
[0.78]
[0.81]
[0.78]
[0.67]
[0.75]
[0.8]
[0.82]
[0.81]
[0.81]
[0.81]
[0.8]
[0.8]
[0.81]
[0.82]
[0.82]
[0.83]
[0.83]
[0.83]
[0.83]
[0.83]
[0.82]
[0.76]
[0.76]
[0.77]
[0.78]
[0.85]
[0.83]
[0.81]
[0.77]
[0.8]
[0.81]
[0.87]
[0.85]
[0.8]
[0.84]
[0.86]
[0.86]
[0.86]
[0.86]
[0.86]
[0.87]
[0.87]
[0.94]
[0.92]
[0.89]
[0.87]
[0.84]
[0.81]
[0.84]
[0.86]
[0.88]
[0.85]
[0.85]
[0.86]
[0.86]
[0.87]
[0.91]
[0.92]
[0.92]
[0.87]
[0.87]
[0.89]
[0.96]
[0.93]
[0.87]
[0.86]
[0.86]
[0.87]
[1.26]
[1.7]
[1.51]
[1.47]
[1.34]
[1.36]
[1.36]
[1.36]
[1.36]
[1.36]
[1.24]
[1.29]
[1.47]
[1.67]
[2.26]
[1.83]
[3.23]
[2.92]
[2.42]
[2.19]
[2.03]
[2.01]
[1.91]
[1.87]
[1.85]
[1.98]
[1.97]
[1.87]
[1.81]
[1.81]
[1.78]
[1.72]
[1.72]
[1.72]
[1.7]
[1.63]
[1.62]
[1.62]
[1.64]
[1.62]
[1.61]
[1.62]
[1.67]
[1.97]
[2.01]
[2.65]
[2.94]
[2.52]
[2.26]
[2.12]
[2.5]
[2.89]
[2.98]
[3.54]
[3.07]
[2.56]
[2.41]
[2.57]
[2.84]
[4.66]
[3.71]
[2.99]
[2.65]
[2.45]
[2.33]
[2.28]
[2.22]
[2.19]
[2.11]
[2.09]
[2.06]
[2.27]
[2.55]
[3.]
[3.19]
[2.98]