0.5146465754802738, 0.6732451314204512, 35.874141377602456, 32.62059067382485[2.188203]
[8.185543]
[13.435168]
[18.50326]
[7.6441236]
[2.9082549]
[2.5754871]
[2.710208]
[2.8772151]
[2.7474723]
[2.9082549]
[2.9082549]
[2.9082549]
[2.9082549]
[2.9082549]
[2.9082549]
[2.9082549]
[2.9082549]
[2.9082549]
[2.9082549]
[2.9082549]
[2.9082549]
[3.2740536]
[2.9082549]
[3.3347344]
[2.9082549]
[2.9082549]
[3.2614512]
[3.3608172]
[6.9685955]
[3.7283273]
[2.8083916]
[2.9082549]
[2.9082549]
[2.9082549]
[2.9082549]
[2.9082549]
[7.2547817]
[4.808971]
[2.9082549]
[2.9082549]
[3.8844905]
[3.9351943]
[3.9629288]
[3.4387412]
[2.9082549]
[2.9082549]
[2.9504158]
[2.9082549]
[3.0609348]
[2.9082549]
[2.9082549]
[2.9082549]
[2.9082549]
[2.9082549]
[2.9082549]
[2.8861074]
[2.8724344]
[2.7171729]
[2.6299033]
[2.3524115]
[1.889362]
[2.0531113]
[1.5161031]
[1.455098]
[1.4711204]
[1.3157258]
[1.1525496]
[1.1200078]
[1.0796683]
[0.9104805]
[0.9027264]
[0.79866713]
[0.762274]
[0.7580215]
[0.746663]
[0.7492597]
[0.7537086]
[0.767947]
[0.7486871]
[0.68691874]
[0.6712484]
[0.6259349]
[0.61777824]
[0.61046416]
[0.68626314]
[0.64724183]
[0.7607731]
[0.43120605]
[0.43446103]
[0.42352268]
[0.38298124]
[0.37006596]
[0.3482756]
[0.32467017]
[0.26547456]
[0.15419371]
[0.09148611]
[0.06041605]
[0.04865658]
[0.04159652]
[0.06039517]
[-0.05583891]
[-0.11059624]
[-0.11697964]
[-0.13366982]
[-0.12834677]
[-0.1289936]
[-0.12992673]
[-0.12816651]
[-0.12459308]
[-0.12461428]
[-0.12339486]
[-0.12288589]
[-0.12298132]
[-0.14299044]
[-0.14158015]
[-0.0601652]
[-0.01570403]
[-0.05788542]
[-0.147497]
[-0.16104849]
[-0.11812484]
[-0.14135748]
[-0.12513387]
[-0.16986012]
[-0.17321089]
[-0.17851272]
[-0.17861876]
[-0.17983818]
[-0.17724028]
[-0.1385581]
[-0.13936399]
[-0.14133626]
[-0.13977753]
[-0.13605565]
[-0.13597082]
[-0.13222772]
[-0.14448556]
[-0.14531264]
[-0.11285482]
[0.6426978]
[0.30580094]
[0.40503818]
[0.31492028]
[-0.01318036]
[0.08073234]
[0.06901131]
[0.11183853]
[0.08115648]
[0.06893178]
[0.06764841]
[0.07647894]
[0.07710025]
[0.07567704]
[0.08025683]
[0.32663998]
[1.0210234]
[0.8414231]
[0.89116627]
[0.33072966]
[0.14257823]
[0.10752615]
[0.08910791]
[-0.66281396]
[0.27738777]
[0.56980443]
[0.9266216]
[0.29117686]
[0.45176739]
[0.5245062]
[0.43300137]
[0.43007246]
[0.27966607]
[0.93429685]
[1.1262729]
[0.743875]
[0.4410633]
[0.62992954]
[0.83946097]
[0.78551]
[0.5443954]
[0.47241405]
[0.92374367]
[0.7605929]
[0.88549876]
[1.1507986]
[0.73888516]
[0.83090395]
[1.2929208]
[1.4861593]
[1.0264643]
[0.96652883]
[0.7589001]
[0.7548551]
[1.3412364]
[0.6209333]
[0.7116815]
[1.8709027]
[3.12669]
[1.8190633]
[2.1360936]
[0.806177]
[2.0625944]
[0.2680577]
[1.4701366]
[2.5712805]
[2.0182915]
[1.4968472]
[2.0394835]
[1.9669027]
[1.7566544]
[1.7580922]
[1.7672637]
[1.6105872]
[1.6090068]
[1.5565934]
[1.3564606]
[1.2364924]
[1.231574]
[1.226876]
[1.2461734]
[1.2444963]
[1.2197139]
[1.1204964]
[0.97271305]
[1.3879006]
[1.9141951]
[2.0315447]
[1.3594236]
[0.908183]
[2.797527]
[2.1172345]
[1.3069497]
[0.62204355]
[2.4134173]
[2.2438397]
[1.6914889]
[2.808947]
[2.4442918]
[3.0554647]
[9.028053]
[5.0593657]
[4.483843]
[3.3336616]
[2.7069783]
[3.0104432]
[2.9204767]
[2.2208762]
[2.156184]
[2.1607654]
[2.1624932]
[2.1612494]
[2.0678961]
[2.0733528]
[5.1852922]
[3.1099663]
[2.6638803]
[4.4709897][4.3]
[30.92]
[39.25]
[29.7]
[19.45]
[13.74]
[11.15]
[9.61]
[8.47]
[7.25]
[6.36]
[5.68]
[5.17]
[4.9]
[4.63]
[4.43]
[4.25]
[3.5]
[3.25]
[3.48]
[3.45]
[3.34]
[3.16]
[3.03]
[3.19]
[3.24]
[3.07]
[2.9]
[3.01]
[3.39]
[4.09]
[3.93]
[3.38]
[3.37]
[3.68]
[3.86]
[4.88]
[11.97]
[10.98]
[9.57]
[8.25]
[9.26]
[7.3]
[7.03]
[5.94]
[5.1]
[4.59]
[4.19]
[3.92]
[3.62]
[3.37]
[3.17]
[2.96]
[2.64]
[2.49]
[2.4]
[2.35]
[2.23]
[2.07]
[2.05]
[2.27]
[2.12]
[2.14]
[2.13]
[2.16]
[2.18]
[1.91]
[1.59]
[1.35]
[1.24]
[1.21]
[1.]
[0.83]
[0.7]
[0.64]
[0.65]
[0.76]
[0.78]
[0.85]
[0.9]
[0.64]
[0.59]
[0.65]
[0.65]
[0.65]
[0.67]
[0.16]
[0.]
[0.]
[0.]
[0.]
[0.]
[0.]
[0.]
[0.]
[0.]
[0.]
[0.]
[0.]
[0.]
[0.]
[0.]
[0.]
[0.]
[0.]
[0.]
[0.]
[0.]
[0.]
[0.]
[0.34]
[0.66]
[0.71]
[0.71]
[0.77]
[0.78]
[0.81]
[0.78]
[0.67]
[0.75]
[0.8]
[0.82]
[0.81]
[0.81]
[0.81]
[0.8]
[0.8]
[0.81]
[0.82]
[0.82]
[0.83]
[0.83]
[0.83]
[0.83]
[0.83]
[0.82]
[0.76]
[0.76]
[0.77]
[0.78]
[0.85]
[0.83]
[0.81]
[0.77]
[0.8]
[0.81]
[0.87]
[0.85]
[0.8]
[0.84]
[0.86]
[0.86]
[0.86]
[0.86]
[0.86]
[0.87]
[0.87]
[0.94]
[0.92]
[0.89]
[0.87]
[0.84]
[0.81]
[0.84]
[0.86]
[0.88]
[0.85]
[0.85]
[0.86]
[0.86]
[0.87]
[0.91]
[0.92]
[0.92]
[0.87]
[0.87]
[0.89]
[0.96]
[0.93]
[0.87]
[0.86]
[0.86]
[0.87]
[1.26]
[1.7]
[1.51]
[1.47]
[1.34]
[1.36]
[1.36]
[1.36]
[1.36]
[1.36]
[1.24]
[1.29]
[1.47]
[1.67]
[2.26]
[1.83]
[3.23]
[2.92]
[2.42]
[2.19]
[2.03]
[2.01]
[1.91]
[1.87]
[1.85]
[1.98]
[1.97]
[1.87]
[1.81]
[1.81]
[1.78]
[1.72]
[1.72]
[1.72]
[1.7]
[1.63]
[1.62]
[1.62]
[1.64]
[1.62]
[1.61]
[1.62]
[1.67]
[1.97]
[2.01]
[2.65]
[2.94]
[2.52]
[2.26]
[2.12]
[2.5]
[2.89]
[2.98]
[3.54]
[3.07]
[2.56]
[2.41]
[2.57]
[2.84]
[4.66]
[3.71]
[2.99]
[2.65]
[2.45]
[2.33]
[2.28]
[2.22]
[2.19]
[2.11]
[2.09]
[2.06]
[2.27]
[2.55]
[3.]
[3.19]
[2.98]