0.8383720386213709, 0.8529748382511302, -10.669820377687898, 18.824394651114293[11.533274]
[22.336683]
[42.953033]
[39.809177]
[21.7046]
[7.941343]
[5.889702]
[6.146154]
[5.9909997]
[5.648308]
[4.87946]
[4.141043]
[3.6726422]
[3.4043813]
[3.397555]
[3.3921182]
[3.380124]
[3.383178]
[3.3846467]
[3.3857508]
[3.9278207]
[4.775806]
[5.3173065]
[4.9418597]
[5.571587]
[5.4127064]
[5.501711]
[5.2948737]
[4.6911883]
[8.242512]
[5.950976]
[4.7285905]
[3.8320994]
[2.5258842]
[4.0362334]
[3.031966]
[2.2912734]
[6.6896358]
[4.3066697]
[5.0899653]
[5.9950013]
[5.1683464]
[4.6319757]
[7.1843624]
[4.1667943]
[4.8736267]
[4.323234]
[4.348345]
[4.433483]
[4.6248965]
[4.5149074]
[4.612799]
[4.4983854]
[4.0342717]
[3.9932797]
[3.9304564]
[3.8850203]
[3.8779013]
[3.789144]
[3.5356076]
[2.4662936]
[2.9811969]
[2.2286792]
[1.0376562]
[1.4113467]
[1.4829499]
[1.9046663]
[1.8471911]
[1.7518854]
[1.6514952]
[1.7002919]
[1.6534946]
[1.4208887]
[1.3337066]
[1.3219339]
[1.3036877]
[1.3084474]
[1.3170927]
[1.3137319]
[1.3115933]
[1.2744275]
[1.2812966]
[1.2684563]
[1.2660195]
[1.2640047]
[1.3087304]
[1.3235701]
[1.5100211]
[1.2885065]
[0.9941494]
[1.0345905]
[1.015657]
[1.0101749]
[1.0029796]
[0.9957068]
[1.0533928]
[1.0027821]
[0.97914386]
[0.94946754]
[0.99770826]
[1.0076319]
[1.0052899]
[0.7823922]
[0.6597899]
[0.68333143]
[0.6820822]
[0.66846836]
[0.6825593]
[0.680086]
[0.6671721]
[0.64993316]
[0.65024865]
[0.644017]
[0.64368695]
[0.6430998]
[0.6721757]
[0.68032926]
[0.6101767]
[0.92995083]
[0.74908674]
[0.6227182]
[0.39265773]
[0.7904755]
[0.6660256]
[0.674818]
[0.6292235]
[0.6717237]
[0.69663703]
[0.68916804]
[0.65249527]
[0.638513]
[0.54504037]
[0.54106265]
[0.54190964]
[0.5416916]
[0.5253143]
[0.5769786]
[0.55603707]
[0.5412449]
[0.54052323]
[0.544709]
[-0.4907801]
[0.66425276]
[1.1631877]
[1.0456766]
[0.35809046]
[0.5195034]
[0.6018051]
[0.53022504]
[0.47157487]
[0.5841069]
[0.7268548]
[0.70717376]
[0.70771784]
[0.70635724]
[0.69489336]
[0.7309982]
[0.687773]
[1.2272445]
[1.5070348]
[0.93679947]
[0.8525394]
[0.8129036]
[0.7512247]
[0.87843686]
[1.2016459]
[1.6258476]
[0.67173696]
[0.10834628]
[0.86755025]
[1.054797]
[1.1842247]
[1.17682]
[1.4371076]
[2.8801858]
[3.304838]
[1.3360733]
[1.0872422]
[2.3737447]
[2.360182]
[1.365623]
[0.774295]
[0.9607306]
[0.9591507]
[1.2332481]
[1.8816378]
[1.785833]
[1.3685834]
[1.8179071]
[2.6491835]
[2.411051]
[1.1113173]
[1.1942579]
[1.57673]
[2.3455656]
[2.455599]
[1.8993069]
[3.2789612]
[3.2637534]
[3.4944587]
[3.2662075]
[2.6659863]
[1.5073833]
[1.8026359]
[2.7935915]
[2.772447]
[3.1752017]
[2.5277557]
[2.6891627]
[2.1384919]
[2.239491]
[1.9927424]
[2.015423]
[1.9958777]
[1.6336936]
[1.6395932]
[1.5269963]
[1.2319651]
[1.3906469]
[1.3785781]
[1.3670081]
[1.3498685]
[1.4071099]
[1.6447307]
[1.4266709]
[1.6341296]
[4.0078254]
[3.3670173]
[2.6899354]
[1.5582705]
[1.6738218]
[3.632034]
[2.3136973]
[2.5107825]
[1.9442737]
[3.706695]
[3.530516]
[2.934403]
[2.075539]
[2.1893668]
[3.993034]
[6.611933]
[4.530792]
[4.645983]
[4.760093]
[4.100089]
[4.0547347]
[3.9399996]
[3.7064207]
[3.6750796]
[2.7933133]
[2.6712704]
[2.582652]
[2.3435647]
[2.5811617]
[8.037422]
[4.98545]
[3.2904336]
[3.920094][4.3]
[30.92]
[39.25]
[29.7]
[19.45]
[13.74]
[11.15]
[9.61]
[8.47]
[7.25]
[6.36]
[5.68]
[5.17]
[4.9]
[4.63]
[4.43]
[4.25]
[3.5]
[3.25]
[3.48]
[3.45]
[3.34]
[3.16]
[3.03]
[3.19]
[3.24]
[3.07]
[2.9]
[3.01]
[3.39]
[4.09]
[3.93]
[3.38]
[3.37]
[3.68]
[3.86]
[4.88]
[11.97]
[10.98]
[9.57]
[8.25]
[9.26]
[7.3]
[7.03]
[5.94]
[5.1]
[4.59]
[4.19]
[3.92]
[3.62]
[3.37]
[3.17]
[2.96]
[2.64]
[2.49]
[2.4]
[2.35]
[2.23]
[2.07]
[2.05]
[2.27]
[2.12]
[2.14]
[2.13]
[2.16]
[2.18]
[1.91]
[1.59]
[1.35]
[1.24]
[1.21]
[1.]
[0.83]
[0.7]
[0.64]
[0.65]
[0.76]
[0.78]
[0.85]
[0.9]
[0.64]
[0.59]
[0.65]
[0.65]
[0.65]
[0.67]
[0.16]
[0.]
[0.]
[0.]
[0.]
[0.]
[0.]
[0.]
[0.]
[0.]
[0.]
[0.]
[0.]
[0.]
[0.]
[0.]
[0.]
[0.]
[0.]
[0.]
[0.]
[0.]
[0.]
[0.]
[0.34]
[0.66]
[0.71]
[0.71]
[0.77]
[0.78]
[0.81]
[0.78]
[0.67]
[0.75]
[0.8]
[0.82]
[0.81]
[0.81]
[0.81]
[0.8]
[0.8]
[0.81]
[0.82]
[0.82]
[0.83]
[0.83]
[0.83]
[0.83]
[0.83]
[0.82]
[0.76]
[0.76]
[0.77]
[0.78]
[0.85]
[0.83]
[0.81]
[0.77]
[0.8]
[0.81]
[0.87]
[0.85]
[0.8]
[0.84]
[0.86]
[0.86]
[0.86]
[0.86]
[0.86]
[0.87]
[0.87]
[0.94]
[0.92]
[0.89]
[0.87]
[0.84]
[0.81]
[0.84]
[0.86]
[0.88]
[0.85]
[0.85]
[0.86]
[0.86]
[0.87]
[0.91]
[0.92]
[0.92]
[0.87]
[0.87]
[0.89]
[0.96]
[0.93]
[0.87]
[0.86]
[0.86]
[0.87]
[1.26]
[1.7]
[1.51]
[1.47]
[1.34]
[1.36]
[1.36]
[1.36]
[1.36]
[1.36]
[1.24]
[1.29]
[1.47]
[1.67]
[2.26]
[1.83]
[3.23]
[2.92]
[2.42]
[2.19]
[2.03]
[2.01]
[1.91]
[1.87]
[1.85]
[1.98]
[1.97]
[1.87]
[1.81]
[1.81]
[1.78]
[1.72]
[1.72]
[1.72]
[1.7]
[1.63]
[1.62]
[1.62]
[1.64]
[1.62]
[1.61]
[1.62]
[1.67]
[1.97]
[2.01]
[2.65]
[2.94]
[2.52]
[2.26]
[2.12]
[2.5]
[2.89]
[2.98]
[3.54]
[3.07]
[2.56]
[2.41]
[2.57]
[2.84]
[4.66]
[3.71]
[2.99]
[2.65]
[2.45]
[2.33]
[2.28]
[2.22]
[2.19]
[2.11]
[2.09]
[2.06]
[2.27]
[2.55]
[3.]
[3.19]
[2.98]