0.6688129915428214, 0.7117565857411442, 4.502360908555932, 26.946317196604458[11.573892]
[19.559551]
[18.055584]
[19.055374]
[6.779093]
[6.2324924]
[6.332416]
[5.165708]
[4.8588705]
[5.476298]
[4.3009377]
[3.6953738]
[3.3194983]
[3.2116928]
[3.1015909]
[3.1034446]
[3.0886824]
[3.0851898]
[3.091438]
[3.1223874]
[3.6517477]
[4.6217837]
[4.2156773]
[5.455532]
[5.20573]
[5.084714]
[4.3908124]
[5.5740795]
[3.3360353]
[8.103346]
[5.6885276]
[2.6167536]
[4.333864]
[3.1237414]
[3.3786018]
[2.773133]
[2.1281683]
[5.1495757]
[5.205447]
[4.342819]
[3.4948373]
[6.5435014]
[3.878735]
[5.9128613]
[6.6761103]
[5.808121]
[5.511387]
[5.300405]
[5.208387]
[5.1340175]
[4.7416625]
[4.599829]
[4.249348]
[3.6942596]
[3.6639457]
[3.6223755]
[3.571869]
[3.5691602]
[3.3366385]
[3.2405725]
[2.5647526]
[3.8938234]
[2.66929]
[2.1383724]
[2.0840604]
[2.1119747]
[2.2747688]
[1.9547096]
[1.8430113]
[1.6611339]
[1.3446298]
[1.310623]
[0.93195754]
[0.728953]
[0.70145637]
[0.65412295]
[0.65799063]
[0.66358805]
[0.67188674]
[0.6614355]
[0.6510373]
[0.6483585]
[0.64087766]
[0.6394925]
[0.6382877]
[0.72459096]
[0.6857365]
[0.8224588]
[0.6718682]
[0.6383314]
[0.27323925]
[0.2690137]
[0.2702384]
[0.26434675]
[0.2623453]
[0.27681136]
[0.2600006]
[0.23035008]
[0.22354914]
[0.2486573]
[0.31561282]
[0.42060238]
[0.2669632]
[0.27336383]
[0.25546885]
[0.24288361]
[0.24558622]
[0.24356754]
[0.24277492]
[0.22961444]
[0.22098173]
[0.22110897]
[0.21776749]
[0.21871784]
[0.21835202]
[0.17271385]
[0.16436346]
[0.31931084]
[0.55512184]
[0.3377864]
[0.06479371]
[0.12260754]
[0.3927492]
[0.07817818]
[0.07705287]
[0.077367]
[0.07534833]
[0.07914842]
[0.0803135]
[0.1606694]
[0.169994]
[0.1393388]
[0.14332181]
[0.1429003]
[0.14245495]
[0.15234818]
[0.1378543]
[0.14058341]
[0.13660704]
[0.14035542]
[0.27263618]
[-0.3498892]
[1.071702]
[0.309354]
[0.25683802]
[0.08810321]
[0.15925117]
[0.21290837]
[0.20218143]
[0.1956244]
[0.21662097]
[0.34801364]
[0.3659564]
[0.36511737]
[0.36333066]
[0.36859405]
[0.8974572]
[-0.24795613]
[2.5577548]
[0.6474771]
[0.7149376]
[0.7574875]
[0.7494274]
[0.710492]
[-0.22833934]
[0.74226063]
[0.9049043]
[0.7721099]
[0.6434676]
[0.62571704]
[0.6511486]
[1.3434196]
[1.4042382]
[1.6369112]
[3.2699745]
[1.5482228]
[1.4697285]
[1.3378567]
[1.9621415]
[1.9241102]
[1.8746029]
[1.7342137]
[1.7056468]
[1.299586]
[0.9905766]
[1.5111722]
[1.6069757]
[1.4050938]
[2.0327196]
[3.344981]
[2.4763074]
[2.1415668]
[2.1404328]
[1.2273996]
[2.5156868]
[3.0823784]
[1.851764]
[2.2273452]
[5.741691]
[3.6901977]
[3.5139065]
[2.5267563]
[3.2658868]
[3.2179456]
[1.2340156]
[5.2864404]
[3.5768712]
[2.8318357]
[2.8551538]
[3.0260298]
[2.930801]
[2.6936798]
[2.6861446]
[2.6861129]
[2.1717224]
[2.1761315]
[2.0488696]
[1.8320737]
[1.7733207]
[1.7598865]
[1.7470256]
[1.7280848]
[1.7651619]
[2.0029955]
[1.7720834]
[2.5210614]
[1.982354]
[3.7248518]
[2.918151]
[2.9748864]
[0.98487115]
[5.5101767]
[3.3769522]
[2.5914247]
[0.05650163]
[6.657555]
[3.7808712]
[3.301095]
[2.8927689]
[2.56728]
[3.4392622]
[7.1676598]
[4.608888]
[4.4255667]
[4.0634184]
[4.0078745]
[3.9682949]
[3.8869514]
[3.3699803]
[3.2184486]
[2.5967286]
[2.5019968]
[2.441359]
[2.3431504]
[3.981782]
[5.284996]
[3.5105486]
[2.7636502]
[3.6224604][4.3]
[30.92]
[39.25]
[29.7]
[19.45]
[13.74]
[11.15]
[9.61]
[8.47]
[7.25]
[6.36]
[5.68]
[5.17]
[4.9]
[4.63]
[4.43]
[4.25]
[3.5]
[3.25]
[3.48]
[3.45]
[3.34]
[3.16]
[3.03]
[3.19]
[3.24]
[3.07]
[2.9]
[3.01]
[3.39]
[4.09]
[3.93]
[3.38]
[3.37]
[3.68]
[3.86]
[4.88]
[11.97]
[10.98]
[9.57]
[8.25]
[9.26]
[7.3]
[7.03]
[5.94]
[5.1]
[4.59]
[4.19]
[3.92]
[3.62]
[3.37]
[3.17]
[2.96]
[2.64]
[2.49]
[2.4]
[2.35]
[2.23]
[2.07]
[2.05]
[2.27]
[2.12]
[2.14]
[2.13]
[2.16]
[2.18]
[1.91]
[1.59]
[1.35]
[1.24]
[1.21]
[1.]
[0.83]
[0.7]
[0.64]
[0.65]
[0.76]
[0.78]
[0.85]
[0.9]
[0.64]
[0.59]
[0.65]
[0.65]
[0.65]
[0.67]
[0.16]
[0.]
[0.]
[0.]
[0.]
[0.]
[0.]
[0.]
[0.]
[0.]
[0.]
[0.]
[0.]
[0.]
[0.]
[0.]
[0.]
[0.]
[0.]
[0.]
[0.]
[0.]
[0.]
[0.]
[0.34]
[0.66]
[0.71]
[0.71]
[0.77]
[0.78]
[0.81]
[0.78]
[0.67]
[0.75]
[0.8]
[0.82]
[0.81]
[0.81]
[0.81]
[0.8]
[0.8]
[0.81]
[0.82]
[0.82]
[0.83]
[0.83]
[0.83]
[0.83]
[0.83]
[0.82]
[0.76]
[0.76]
[0.77]
[0.78]
[0.85]
[0.83]
[0.81]
[0.77]
[0.8]
[0.81]
[0.87]
[0.85]
[0.8]
[0.84]
[0.86]
[0.86]
[0.86]
[0.86]
[0.86]
[0.87]
[0.87]
[0.94]
[0.92]
[0.89]
[0.87]
[0.84]
[0.81]
[0.84]
[0.86]
[0.88]
[0.85]
[0.85]
[0.86]
[0.86]
[0.87]
[0.91]
[0.92]
[0.92]
[0.87]
[0.87]
[0.89]
[0.96]
[0.93]
[0.87]
[0.86]
[0.86]
[0.87]
[1.26]
[1.7]
[1.51]
[1.47]
[1.34]
[1.36]
[1.36]
[1.36]
[1.36]
[1.36]
[1.24]
[1.29]
[1.47]
[1.67]
[2.26]
[1.83]
[3.23]
[2.92]
[2.42]
[2.19]
[2.03]
[2.01]
[1.91]
[1.87]
[1.85]
[1.98]
[1.97]
[1.87]
[1.81]
[1.81]
[1.78]
[1.72]
[1.72]
[1.72]
[1.7]
[1.63]
[1.62]
[1.62]
[1.64]
[1.62]
[1.61]
[1.62]
[1.67]
[1.97]
[2.01]
[2.65]
[2.94]
[2.52]
[2.26]
[2.12]
[2.5]
[2.89]
[2.98]
[3.54]
[3.07]
[2.56]
[2.41]
[2.57]
[2.84]
[4.66]
[3.71]
[2.99]
[2.65]
[2.45]
[2.33]
[2.28]
[2.22]
[2.19]
[2.11]
[2.09]
[2.06]
[2.27]
[2.55]
[3.]
[3.19]
[2.98]