0.6773408103276745, 0.6873079334915705, -6.0179914159638805, 26.597130917177285[3.9294338]
[11.763156]
[22.457293]
[37.368042]
[11.127771]
[6.6071887]
[4.8466306]
[4.0796156]
[4.0563936]
[3.9060998]
[3.0423489]
[3.1751168]
[3.375876]
[2.3674402]
[2.3209066]
[2.335795]
[2.2996132]
[2.312559]
[2.311871]
[2.3090868]
[2.9093707]
[4.071658]
[6.113259]
[4.894715]
[5.5970507]
[4.7258015]
[5.442087]
[5.4930277]
[7.0042443]
[6.7740855]
[5.850681]
[3.1782634]
[4.0861464]
[3.405194]
[3.229042]
[3.3572466]
[3.0360305]
[4.440582]
[5.0983]
[4.384133]
[3.4857478]
[5.2338552]
[4.572675]
[5.7384105]
[5.4858003]
[5.002693]
[4.585139]
[4.4230256]
[4.365692]
[4.4907517]
[4.3316817]
[4.1931543]
[3.8726645]
[3.5218894]
[3.4986615]
[3.4697702]
[3.368632]
[3.3450055]
[3.1945338]
[3.1956925]
[3.4130704]
[3.3779242]
[3.1390371]
[2.3655765]
[2.3119922]
[2.0929098]
[2.1080225]
[2.059188]
[1.9012042]
[1.7864364]
[1.6350814]
[1.6236056]
[1.4957999]
[1.4458311]
[1.4391677]
[1.4339713]
[1.4500338]
[1.4421798]
[1.4321742]
[1.421397]
[1.3914701]
[1.379311]
[1.351199]
[1.3461765]
[1.3416278]
[1.4190489]
[1.4716332]
[1.3694578]
[1.1639605]
[1.2413384]
[1.0947905]
[1.0474331]
[1.0358706]
[1.0183765]
[1.0390638]
[1.0369836]
[0.9457599]
[0.8844197]
[0.8673667]
[0.89568603]
[1.0107435]
[0.9130645]
[0.83826387]
[0.7645976]
[0.7554572]
[0.75303525]
[0.7475482]
[0.7469405]
[0.7469713]
[0.7426496]
[0.74085]
[0.7412122]
[0.74037117]
[0.7398834]
[0.7399825]
[0.7150592]
[0.72540444]
[0.8315846]
[1.0164366]
[0.8444276]
[0.7364008]
[0.8688107]
[0.87582076]
[0.6616784]
[0.75885534]
[0.7049185]
[0.70280504]
[0.62751174]
[0.6283839]
[0.67633265]
[0.691815]
[0.6648091]
[0.6693551]
[0.6682397]
[0.6675233]
[0.68812394]
[0.67168593]
[0.6760798]
[0.6599384]
[0.6673606]
[0.7749216]
[0.7658531]
[2.1960564]
[0.34913334]
[1.6617608]
[1.2633646]
[1.0163587]
[1.1550332]
[1.1490464]
[1.1489338]
[1.1470039]
[0.7436159]
[0.75490814]
[0.7538474]
[0.7534253]
[0.75672966]
[1.0408177]
[1.1936533]
[2.3302364]
[-0.00666971]
[1.3881441]
[0.9757895]
[0.7118155]
[0.769238]
[0.4675607]
[1.256543]
[0.37571308]
[1.3685751]
[0.78600967]
[0.86369944]
[0.8275983]
[1.3228272]
[1.3777496]
[2.3753836]
[3.0987923]
[1.6439354]
[1.9668396]
[2.453914]
[2.299047]
[2.1548362]
[1.5618925]
[1.224171]
[1.1831353]
[1.3378546]
[1.9380387]
[1.4971213]
[1.8732046]
[1.9832813]
[2.8293445]
[2.901729]
[2.558965]
[2.2658591]
[2.1807811]
[2.795685]
[2.9429045]
[2.5653434]
[2.0052438]
[3.775678]
[4.9505033]
[2.6248496]
[3.1186714]
[3.0487523]
[2.2755604]
[2.8352957]
[1.8385621]
[4.0019636]
[3.1877763]
[3.0954463]
[3.0293515]
[2.6174045]
[2.6700685]
[2.455874]
[2.556007]
[2.5216162]
[2.2691512]
[2.2649584]
[2.22808]
[1.8982912]
[1.942803]
[1.9384314]
[1.9293063]
[1.9103634]
[1.9253249]
[1.999137]
[1.8887191]
[2.4905758]
[3.491804]
[4.1357083]
[3.4559164]
[2.5511208]
[2.142588]
[4.553338]
[4.0011177]
[3.3602622]
[2.2408595]
[5.5917797]
[3.6585386]
[3.2898304]
[3.4743283]
[2.9083703]
[4.819674]
[8.967688]
[4.102573]
[3.9123497]
[3.8330166]
[3.525405]
[3.5262127]
[3.4763165]
[3.1581223]
[3.0126617]
[2.639875]
[2.6307507]
[2.6272192]
[2.496309]
[3.2128882]
[5.714277]
[4.447917]
[4.052095]
[5.3076696][4.3]
[30.92]
[39.25]
[29.7]
[19.45]
[13.74]
[11.15]
[9.61]
[8.47]
[7.25]
[6.36]
[5.68]
[5.17]
[4.9]
[4.63]
[4.43]
[4.25]
[3.5]
[3.25]
[3.48]
[3.45]
[3.34]
[3.16]
[3.03]
[3.19]
[3.24]
[3.07]
[2.9]
[3.01]
[3.39]
[4.09]
[3.93]
[3.38]
[3.37]
[3.68]
[3.86]
[4.88]
[11.97]
[10.98]
[9.57]
[8.25]
[9.26]
[7.3]
[7.03]
[5.94]
[5.1]
[4.59]
[4.19]
[3.92]
[3.62]
[3.37]
[3.17]
[2.96]
[2.64]
[2.49]
[2.4]
[2.35]
[2.23]
[2.07]
[2.05]
[2.27]
[2.12]
[2.14]
[2.13]
[2.16]
[2.18]
[1.91]
[1.59]
[1.35]
[1.24]
[1.21]
[1.]
[0.83]
[0.7]
[0.64]
[0.65]
[0.76]
[0.78]
[0.85]
[0.9]
[0.64]
[0.59]
[0.65]
[0.65]
[0.65]
[0.67]
[0.16]
[0.]
[0.]
[0.]
[0.]
[0.]
[0.]
[0.]
[0.]
[0.]
[0.]
[0.]
[0.]
[0.]
[0.]
[0.]
[0.]
[0.]
[0.]
[0.]
[0.]
[0.]
[0.]
[0.]
[0.34]
[0.66]
[0.71]
[0.71]
[0.77]
[0.78]
[0.81]
[0.78]
[0.67]
[0.75]
[0.8]
[0.82]
[0.81]
[0.81]
[0.81]
[0.8]
[0.8]
[0.81]
[0.82]
[0.82]
[0.83]
[0.83]
[0.83]
[0.83]
[0.83]
[0.82]
[0.76]
[0.76]
[0.77]
[0.78]
[0.85]
[0.83]
[0.81]
[0.77]
[0.8]
[0.81]
[0.87]
[0.85]
[0.8]
[0.84]
[0.86]
[0.86]
[0.86]
[0.86]
[0.86]
[0.87]
[0.87]
[0.94]
[0.92]
[0.89]
[0.87]
[0.84]
[0.81]
[0.84]
[0.86]
[0.88]
[0.85]
[0.85]
[0.86]
[0.86]
[0.87]
[0.91]
[0.92]
[0.92]
[0.87]
[0.87]
[0.89]
[0.96]
[0.93]
[0.87]
[0.86]
[0.86]
[0.87]
[1.26]
[1.7]
[1.51]
[1.47]
[1.34]
[1.36]
[1.36]
[1.36]
[1.36]
[1.36]
[1.24]
[1.29]
[1.47]
[1.67]
[2.26]
[1.83]
[3.23]
[2.92]
[2.42]
[2.19]
[2.03]
[2.01]
[1.91]
[1.87]
[1.85]
[1.98]
[1.97]
[1.87]
[1.81]
[1.81]
[1.78]
[1.72]
[1.72]
[1.72]
[1.7]
[1.63]
[1.62]
[1.62]
[1.64]
[1.62]
[1.61]
[1.62]
[1.67]
[1.97]
[2.01]
[2.65]
[2.94]
[2.52]
[2.26]
[2.12]
[2.5]
[2.89]
[2.98]
[3.54]
[3.07]
[2.56]
[2.41]
[2.57]
[2.84]
[4.66]
[3.71]
[2.99]
[2.65]
[2.45]
[2.33]
[2.28]
[2.22]
[2.19]
[2.11]
[2.09]
[2.06]
[2.27]
[2.55]
[3.]
[3.19]
[2.98]