0.7872255590024814, 0.8249039927366604, 27.230024768393402, 21.59844578871602[10.250289]
[21.231987]
[46.659527]
[33.06305]
[6.729808]
[4.2826686]
[5.623437]
[6.313194]
[5.4894295]
[5.563459]
[3.3195508]
[1.5234061]
[1.4959308]
[1.8301252]
[1.8835876]
[1.8941528]
[1.856303]
[1.862827]
[1.8633837]
[1.8488685]
[1.6261001]
[3.236936]
[4.432912]
[4.302843]
[4.3627396]
[3.800326]
[3.6071591]
[4.3518705]
[4.769044]
[7.4581246]
[6.091749]
[2.9163527]
[2.4550405]
[2.6125166]
[1.5545863]
[1.7696207]
[2.304207]
[4.665654]
[9.934578]
[5.115068]
[4.7893896]
[5.4510174]
[8.358858]
[6.4224725]
[5.712785]
[4.5311747]
[3.959597]
[3.8576603]
[3.5873888]
[3.5166423]
[3.25696]
[3.201211]
[2.8788993]
[2.7108989]
[2.704501]
[2.7007551]
[2.642125]
[2.626418]
[2.4842892]
[2.3775978]
[2.0240662]
[2.2615552]
[2.0974145]
[1.2279894]
[1.272375]
[1.3043835]
[1.1388695]
[1.016433]
[0.8887052]
[0.7561912]
[0.6090096]
[0.579672]
[0.32143557]
[0.2028362]
[0.18682997]
[0.16181593]
[0.16442972]
[0.17826883]
[0.1771634]
[0.16280869]
[0.13435774]
[0.12648053]
[0.10570265]
[0.10193305]
[0.09858096]
[0.05019511]
[0.24176624]
[0.25947833]
[0.02006346]
[0.00530183]
[-0.20835143]
[-0.23986554]
[-0.2467367]
[-0.26276946]
[-0.26107287]
[-0.23939897]
[-0.30692312]
[-0.36062008]
[-0.3791553]
[-0.45071945]
[-0.30850306]
[-0.2615182]
[-0.43014833]
[-0.5047345]
[-0.4896349]
[-0.50818074]
[-0.51809514]
[-0.5165788]
[-0.518901]
[-0.46643406]
[-0.46762168]
[-0.46743083]
[-0.46747324]
[-0.46748385]
[-0.4676641]
[-0.49549872]
[-0.49764067]
[-0.7614493]
[-0.27410477]
[-0.33913705]
[-0.5844635]
[-0.69942844]
[-0.40481618]
[-0.4659675]
[-0.6105061]
[-0.6118103]
[-0.6018429]
[-0.53309935]
[-0.5364395]
[-0.5338098]
[-0.53169966]
[-0.52103233]
[-0.51887983]
[-0.52082026]
[-0.51951605]
[-0.53922826]
[-0.5136204]
[-0.4986268]
[-0.516547]
[-0.5177452]
[-0.64101285]
[-1.9350101]
[0.05356044]
[-0.7933133]
[-0.799983]
[-1.0216421]
[-0.8321333]
[-0.9333347]
[-0.8988728]
[-0.9157326]
[-0.90829945]
[-0.22486135]
[-0.26793343]
[-0.26768956]
[-0.26939675]
[-0.28535527]
[-1.0196061]
[-0.43510023]
[1.7522492]
[-0.34404656]
[-0.40950298]
[-0.29354128]
[-0.33277485]
[-0.4052191]
[-0.34637937]
[0.32667246]
[0.95837]
[-0.15899137]
[-0.22560361]
[-0.09455289]
[-0.13057354]
[0.13703118]
[0.19026822]
[-0.16763335]
[1.9242632]
[0.6251511]
[0.17839344]
[0.6460814]
[1.0232167]
[1.1526159]
[0.708419]
[0.571592]
[0.4831521]
[0.57766783]
[0.69500804]
[1.0406332]
[0.7139091]
[1.0028921]
[0.31169212]
[2.2077775]
[1.4944437]
[1.0206227]
[1.2443018]
[0.95965433]
[1.824146]
[2.0533602]
[1.3040322]
[3.4859009]
[5.6013618]
[2.463999]
[2.3663235]
[2.2134929]
[2.8972251]
[1.7601211]
[1.4549834]
[3.8427792]
[2.6085045]
[1.7447206]
[2.0371618]
[2.1799295]
[2.15238]
[1.7616653]
[1.7506508]
[1.7441003]
[1.4754392]
[1.472885]
[1.3973724]
[1.052553]
[1.0753179]
[1.0647155]
[1.0545757]
[1.0286657]
[1.0407737]
[1.1290002]
[0.97302556]
[-0.21994124]
[2.1531632]
[3.5092702]
[1.6456069]
[1.4949367]
[2.1018045]
[2.9037597]
[1.788751]
[1.2635819]
[3.097384]
[4.3678384]
[2.3273497]
[1.6988637]
[1.9269459]
[1.5389949]
[4.5589643]
[5.86014]
[3.916704]
[3.659438]
[3.6276414]
[2.6656518]
[2.6978233]
[2.599991]
[2.1683795]
[2.146801]
[1.7470217]
[1.6781906]
[1.6357812]
[1.5232034]
[2.130905]
[3.589406]
[3.2152066]
[1.4360532]
[5.646785][4.3]
[30.92]
[39.25]
[29.7]
[19.45]
[13.74]
[11.15]
[9.61]
[8.47]
[7.25]
[6.36]
[5.68]
[5.17]
[4.9]
[4.63]
[4.43]
[4.25]
[3.5]
[3.25]
[3.48]
[3.45]
[3.34]
[3.16]
[3.03]
[3.19]
[3.24]
[3.07]
[2.9]
[3.01]
[3.39]
[4.09]
[3.93]
[3.38]
[3.37]
[3.68]
[3.86]
[4.88]
[11.97]
[10.98]
[9.57]
[8.25]
[9.26]
[7.3]
[7.03]
[5.94]
[5.1]
[4.59]
[4.19]
[3.92]
[3.62]
[3.37]
[3.17]
[2.96]
[2.64]
[2.49]
[2.4]
[2.35]
[2.23]
[2.07]
[2.05]
[2.27]
[2.12]
[2.14]
[2.13]
[2.16]
[2.18]
[1.91]
[1.59]
[1.35]
[1.24]
[1.21]
[1.]
[0.83]
[0.7]
[0.64]
[0.65]
[0.76]
[0.78]
[0.85]
[0.9]
[0.64]
[0.59]
[0.65]
[0.65]
[0.65]
[0.67]
[0.16]
[0.]
[0.]
[0.]
[0.]
[0.]
[0.]
[0.]
[0.]
[0.]
[0.]
[0.]
[0.]
[0.]
[0.]
[0.]
[0.]
[0.]
[0.]
[0.]
[0.]
[0.]
[0.]
[0.]
[0.34]
[0.66]
[0.71]
[0.71]
[0.77]
[0.78]
[0.81]
[0.78]
[0.67]
[0.75]
[0.8]
[0.82]
[0.81]
[0.81]
[0.81]
[0.8]
[0.8]
[0.81]
[0.82]
[0.82]
[0.83]
[0.83]
[0.83]
[0.83]
[0.83]
[0.82]
[0.76]
[0.76]
[0.77]
[0.78]
[0.85]
[0.83]
[0.81]
[0.77]
[0.8]
[0.81]
[0.87]
[0.85]
[0.8]
[0.84]
[0.86]
[0.86]
[0.86]
[0.86]
[0.86]
[0.87]
[0.87]
[0.94]
[0.92]
[0.89]
[0.87]
[0.84]
[0.81]
[0.84]
[0.86]
[0.88]
[0.85]
[0.85]
[0.86]
[0.86]
[0.87]
[0.91]
[0.92]
[0.92]
[0.87]
[0.87]
[0.89]
[0.96]
[0.93]
[0.87]
[0.86]
[0.86]
[0.87]
[1.26]
[1.7]
[1.51]
[1.47]
[1.34]
[1.36]
[1.36]
[1.36]
[1.36]
[1.36]
[1.24]
[1.29]
[1.47]
[1.67]
[2.26]
[1.83]
[3.23]
[2.92]
[2.42]
[2.19]
[2.03]
[2.01]
[1.91]
[1.87]
[1.85]
[1.98]
[1.97]
[1.87]
[1.81]
[1.81]
[1.78]
[1.72]
[1.72]
[1.72]
[1.7]
[1.63]
[1.62]
[1.62]
[1.64]
[1.62]
[1.61]
[1.62]
[1.67]
[1.97]
[2.01]
[2.65]
[2.94]
[2.52]
[2.26]
[2.12]
[2.5]
[2.89]
[2.98]
[3.54]
[3.07]
[2.56]
[2.41]
[2.57]
[2.84]
[4.66]
[3.71]
[2.99]
[2.65]
[2.45]
[2.33]
[2.28]
[2.22]
[2.19]
[2.11]
[2.09]
[2.06]
[2.27]
[2.55]
[3.]
[3.19]
[2.98]