0.6881549140473835, 0.7998157794119495, 41.38703121343473, 26.147623565774527[8.800799]
[10.270746]
[30.45173]
[14.014173]
[10.627034]
[9.380934]
[7.1361456]
[5.517692]
[5.057929]
[4.7218933]
[2.9283059]
[3.3851423]
[2.261599]
[2.134693]
[2.1233776]
[2.124907]
[2.1093423]
[2.109129]
[2.108364]
[2.1161976]
[2.5256302]
[3.5010417]
[4.2718644]
[4.0481973]
[3.9003215]
[3.6721463]
[3.6556523]
[3.917771]
[4.1675525]
[5.8031425]
[3.8705118]
[3.1550028]
[2.7443388]
[2.2991173]
[2.1352854]
[2.2432997]
[2.5446532]
[3.9936748]
[4.6610336]
[4.1884375]
[4.104779]
[4.4329185]
[4.0822973]
[5.2440214]
[5.313446]
[4.9052944]
[3.9356117]
[3.177354]
[3.0527213]
[3.0959485]
[3.070179]
[3.0008216]
[2.5579689]
[2.2625375]
[2.2442567]
[2.2225099]
[2.1588573]
[2.145082]
[2.0187075]
[1.9383847]
[1.7528563]
[2.28311]
[1.6802331]
[1.1672914]
[1.0867645]
[1.0242054]
[0.90744054]
[0.8100525]
[0.64141977]
[0.4753968]
[0.19929458]
[0.16647093]
[-0.10909052]
[-0.20595501]
[-0.21830828]
[-0.23792507]
[-0.2310645]
[-0.21968676]
[-0.2284878]
[-0.23084182]
[-0.24839088]
[-0.25371394]
[-0.26368138]
[-0.2655264]
[-0.26713815]
[-0.23247477]
[-0.02360376]
[-0.13811275]
[-0.20722745]
[-0.22479773]
[-0.4419926]
[-0.46038997]
[-0.46665674]
[-0.47087702]
[-0.4527023]
[-0.47732404]
[-0.51579416]
[-0.54765815]
[-0.5648043]
[-0.5637757]
[-0.35767227]
[-0.46289244]
[-0.51029086]
[-0.58283055]
[-0.5981104]
[-0.6073568]
[-0.61244655]
[-0.6163805]
[-0.6165926]
[-0.61578673]
[-0.61910564]
[-0.61873454]
[-0.61997515]
[-0.6198691]
[-0.6201024]
[-0.65404475]
[-0.65259206]
[-0.669208]
[-0.39263254]
[-0.5615914]
[-0.7419067]
[-0.64317596]
[-0.63897693]
[-0.6925679]
[-0.71916187]
[-0.7317272]
[-0.7320453]
[-0.6987392]
[-0.69979954]
[-0.68709636]
[-0.6785922]
[-0.6692398]
[-0.66840214]
[-0.6685082]
[-0.6678189]
[-0.67020476]
[-0.6513514]
[-0.65864676]
[-0.66755384]
[-0.66729933]
[-0.6563457]
[-1.362147]
[0.29504436]
[-0.25175226]
[-0.49910396]
[-0.46576604]
[-0.5805083]
[-0.5946748]
[-0.6024049]
[-0.6411507]
[-0.6219686]
[-0.42580083]
[-0.42910916]
[-0.4294697]
[-0.43131474]
[-0.43254477]
[-0.406693]
[-1.3941807]
[0.86980414]
[0.13975632]
[0.00834906]
[-0.3057461]
[-0.3612139]
[-0.31087828]
[0.08578631]
[0.74115384]
[0.52903944]
[-0.01221542]
[0.06500578]
[-0.05053707]
[-0.08005768]
[0.26174223]
[0.30694965]
[0.4256855]
[1.6271604]
[0.77686304]
[0.6079029]
[1.1456732]
[1.5043925]
[1.1926328]
[0.6601193]
[0.49923253]
[0.35406038]
[0.4355814]
[0.6540819]
[0.84936297]
[0.82784146]
[0.79929113]
[1.1808031]
[1.9283708]
[1.160729]
[1.1936349]
[1.0113021]
[1.1062897]
[1.7338837]
[1.5102816]
[1.3528714]
[2.4940605]
[3.1958535]
[2.0276754]
[2.190272]
[1.8542923]
[1.7415369]
[1.4622324]
[1.9072112]
[2.7962346]
[1.7850119]
[1.8007861]
[1.6996193]
[1.4536142]
[1.4163476]
[1.3450804]
[1.3368493]
[1.3302273]
[1.1789236]
[1.1765987]
[1.1288133]
[0.79464537]
[0.84351236]
[0.8338816]
[0.82468426]
[0.8273325]
[0.88395476]
[0.87802863]
[0.73030365]
[0.7221309]
[2.5591207]
[2.8431478]
[1.909214]
[1.7732935]
[1.9052005]
[2.5925553]
[1.7183268]
[1.9446342]
[2.8382304]
[3.0325425]
[1.8270873]
[1.9053874]
[1.8131992]
[2.0083992]
[3.3625247]
[5.1054]
[3.83561]
[3.6781137]
[2.3558457]
[2.095706]
[2.036556]
[1.9655883]
[1.7597182]
[1.6917791]
[1.3559332]
[1.3201697]
[1.3001752]
[1.1937647]
[1.546448]
[4.3365216]
[2.974946]
[2.1299558]
[3.617031][4.3]
[30.92]
[39.25]
[29.7]
[19.45]
[13.74]
[11.15]
[9.61]
[8.47]
[7.25]
[6.36]
[5.68]
[5.17]
[4.9]
[4.63]
[4.43]
[4.25]
[3.5]
[3.25]
[3.48]
[3.45]
[3.34]
[3.16]
[3.03]
[3.19]
[3.24]
[3.07]
[2.9]
[3.01]
[3.39]
[4.09]
[3.93]
[3.38]
[3.37]
[3.68]
[3.86]
[4.88]
[11.97]
[10.98]
[9.57]
[8.25]
[9.26]
[7.3]
[7.03]
[5.94]
[5.1]
[4.59]
[4.19]
[3.92]
[3.62]
[3.37]
[3.17]
[2.96]
[2.64]
[2.49]
[2.4]
[2.35]
[2.23]
[2.07]
[2.05]
[2.27]
[2.12]
[2.14]
[2.13]
[2.16]
[2.18]
[1.91]
[1.59]
[1.35]
[1.24]
[1.21]
[1.]
[0.83]
[0.7]
[0.64]
[0.65]
[0.76]
[0.78]
[0.85]
[0.9]
[0.64]
[0.59]
[0.65]
[0.65]
[0.65]
[0.67]
[0.16]
[0.]
[0.]
[0.]
[0.]
[0.]
[0.]
[0.]
[0.]
[0.]
[0.]
[0.]
[0.]
[0.]
[0.]
[0.]
[0.]
[0.]
[0.]
[0.]
[0.]
[0.]
[0.]
[0.]
[0.34]
[0.66]
[0.71]
[0.71]
[0.77]
[0.78]
[0.81]
[0.78]
[0.67]
[0.75]
[0.8]
[0.82]
[0.81]
[0.81]
[0.81]
[0.8]
[0.8]
[0.81]
[0.82]
[0.82]
[0.83]
[0.83]
[0.83]
[0.83]
[0.83]
[0.82]
[0.76]
[0.76]
[0.77]
[0.78]
[0.85]
[0.83]
[0.81]
[0.77]
[0.8]
[0.81]
[0.87]
[0.85]
[0.8]
[0.84]
[0.86]
[0.86]
[0.86]
[0.86]
[0.86]
[0.87]
[0.87]
[0.94]
[0.92]
[0.89]
[0.87]
[0.84]
[0.81]
[0.84]
[0.86]
[0.88]
[0.85]
[0.85]
[0.86]
[0.86]
[0.87]
[0.91]
[0.92]
[0.92]
[0.87]
[0.87]
[0.89]
[0.96]
[0.93]
[0.87]
[0.86]
[0.86]
[0.87]
[1.26]
[1.7]
[1.51]
[1.47]
[1.34]
[1.36]
[1.36]
[1.36]
[1.36]
[1.36]
[1.24]
[1.29]
[1.47]
[1.67]
[2.26]
[1.83]
[3.23]
[2.92]
[2.42]
[2.19]
[2.03]
[2.01]
[1.91]
[1.87]
[1.85]
[1.98]
[1.97]
[1.87]
[1.81]
[1.81]
[1.78]
[1.72]
[1.72]
[1.72]
[1.7]
[1.63]
[1.62]
[1.62]
[1.64]
[1.62]
[1.61]
[1.62]
[1.67]
[1.97]
[2.01]
[2.65]
[2.94]
[2.52]
[2.26]
[2.12]
[2.5]
[2.89]
[2.98]
[3.54]
[3.07]
[2.56]
[2.41]
[2.57]
[2.84]
[4.66]
[3.71]
[2.99]
[2.65]
[2.45]
[2.33]
[2.28]
[2.22]
[2.19]
[2.11]
[2.09]
[2.06]
[2.27]
[2.55]
[3.]
[3.19]
[2.98]