0.7536129408621937, 0.770057471238273, 20.323920777498493, 23.24190483044131[13.53478]
[8.977426]
[31.58226]
[32.05428]
[22.86775]
[8.259211]
[9.043276]
[6.5144196]
[5.509661]
[5.1886716]
[4.73972]
[3.985115]
[2.528452]
[2.9699004]
[3.0706217]
[3.032068]
[3.038448]
[3.032477]
[3.0464406]
[2.87759]
[2.221335]
[4.1655283]
[4.3192015]
[4.030743]
[4.4634976]
[4.032236]
[4.0488276]
[4.5838494]
[4.8020444]
[5.7326593]
[4.4582043]
[3.1953647]
[3.5115652]
[2.517263]
[2.2164135]
[2.423362]
[3.621267]
[4.1136107]
[3.582872]
[3.1248586]
[4.083975]
[3.866847]
[4.0282235]
[5.377491]
[4.4424505]
[3.1045234]
[3.4002314]
[3.4191906]
[3.2592907]
[3.4242802]
[3.3969972]
[3.545299]
[3.1622028]
[2.6908052]
[2.6492453]
[2.5846484]
[2.5321817]
[2.519934]
[2.457898]
[2.3056962]
[1.6343814]
[2.724912]
[1.8793465]
[0.85207915]
[1.4595039]
[1.2808981]
[1.5387208]
[1.4034048]
[1.3933532]
[1.1511608]
[0.8046019]
[0.7826374]
[0.44817322]
[0.3829375]
[0.37426105]
[0.3548361]
[0.34952003]
[0.39441133]
[0.3365269]
[0.3480203]
[0.31814048]
[0.29756704]
[0.3107812]
[0.3132641]
[0.3153461]
[0.1824205]
[0.70521504]
[0.3580265]
[0.20787361]
[0.42631212]
[0.3211844]
[0.37962517]
[0.35765803]
[0.35146183]
[0.36593685]
[0.34620342]
[0.21917017]
[0.20269637]
[0.20002094]
[0.4359936]
[0.73367333]
[0.29473653]
[0.23513795]
[0.18103242]
[0.17880598]
[0.17097186]
[0.1707568]
[0.16581583]
[0.16806148]
[0.15176961]
[0.13780425]
[0.13791758]
[0.13421921]
[0.13490747]
[0.13429676]
[0.12433197]
[0.11773947]
[0.35888472]
[0.4523703]
[0.2477318]
[0.10890926]
[0.00198189]
[-0.1688952]
[0.04995089]
[0.07127221]
[-0.01770812]
[0.01512116]
[0.05401143]
[0.05886725]
[0.08424712]
[0.09203154]
[0.09594562]
[0.09720712]
[0.09459928]
[0.09821314]
[0.08486313]
[0.11366865]
[0.11840021]
[0.08573197]
[0.09858427]
[0.10024805]
[0.66175425]
[-1.1442946]
[0.09415293]
[0.5263199]
[-0.69951326]
[-0.24560212]
[-0.09045988]
[-0.06921013]
[-0.11464684]
[-0.11975781]
[0.1244761]
[0.07499741]
[0.07591993]
[0.07373458]
[0.0545446]
[0.17776881]
[1.396816]
[-0.8280509]
[0.32571447]
[0.3404012]
[-0.6682749]
[0.11823154]
[0.11387841]
[-1.064237]
[-0.2684212]
[1.3533363]
[0.05654405]
[0.07669466]
[0.13605896]
[0.05101954]
[0.31367698]
[0.35121796]
[1.2679855]
[0.3886151]
[0.68775415]
[0.8777125]
[0.16198955]
[0.7226246]
[1.2635014]
[1.1287361]
[0.43611953]
[0.5081035]
[0.55016756]
[0.31128255]
[0.500278]
[0.9060677]
[0.60343677]
[0.8485001]
[1.8125632]
[1.5430777]
[1.2979288]
[1.6834147]
[0.91469216]
[1.6768284]
[1.5835323]
[1.3382629]
[2.5249882]
[3.176362]
[2.3098698]
[2.3272133]
[1.4053476]
[2.26444]
[1.5694802]
[1.6749344]
[3.2517002]
[2.4011214]
[1.9441938]
[2.6807091]
[2.3912425]
[2.4243178]
[2.063893]
[2.137217]
[2.107742]
[1.4792662]
[1.4840742]
[1.3693117]
[0.8497152]
[0.9436146]
[0.93183464]
[0.9205593]
[0.89454055]
[0.8968041]
[1.0172273]
[0.9125098]
[1.1445793]
[2.4750383]
[2.5734587]
[1.3660918]
[2.352659]
[0.43187508]
[3.7417102]
[2.7810278]
[3.0805666]
[2.1094332]
[4.7451677]
[2.4789793]
[2.6195145]
[2.4995198]
[1.8602359]
[4.3102036]
[5.6313586]
[3.6578755]
[3.8187487]
[3.3446105]
[2.818797]
[3.0248532]
[2.9680457]
[2.6434302]
[2.4704666]
[1.8427408]
[1.9437518]
[2.0075207]
[1.8898746]
[2.8584056]
[3.6029575]
[2.7446973]
[2.528043]
[3.8528845][4.3]
[30.92]
[39.25]
[29.7]
[19.45]
[13.74]
[11.15]
[9.61]
[8.47]
[7.25]
[6.36]
[5.68]
[5.17]
[4.9]
[4.63]
[4.43]
[4.25]
[3.5]
[3.25]
[3.48]
[3.45]
[3.34]
[3.16]
[3.03]
[3.19]
[3.24]
[3.07]
[2.9]
[3.01]
[3.39]
[4.09]
[3.93]
[3.38]
[3.37]
[3.68]
[3.86]
[4.88]
[11.97]
[10.98]
[9.57]
[8.25]
[9.26]
[7.3]
[7.03]
[5.94]
[5.1]
[4.59]
[4.19]
[3.92]
[3.62]
[3.37]
[3.17]
[2.96]
[2.64]
[2.49]
[2.4]
[2.35]
[2.23]
[2.07]
[2.05]
[2.27]
[2.12]
[2.14]
[2.13]
[2.16]
[2.18]
[1.91]
[1.59]
[1.35]
[1.24]
[1.21]
[1.]
[0.83]
[0.7]
[0.64]
[0.65]
[0.76]
[0.78]
[0.85]
[0.9]
[0.64]
[0.59]
[0.65]
[0.65]
[0.65]
[0.67]
[0.16]
[0.]
[0.]
[0.]
[0.]
[0.]
[0.]
[0.]
[0.]
[0.]
[0.]
[0.]
[0.]
[0.]
[0.]
[0.]
[0.]
[0.]
[0.]
[0.]
[0.]
[0.]
[0.]
[0.]
[0.34]
[0.66]
[0.71]
[0.71]
[0.77]
[0.78]
[0.81]
[0.78]
[0.67]
[0.75]
[0.8]
[0.82]
[0.81]
[0.81]
[0.81]
[0.8]
[0.8]
[0.81]
[0.82]
[0.82]
[0.83]
[0.83]
[0.83]
[0.83]
[0.83]
[0.82]
[0.76]
[0.76]
[0.77]
[0.78]
[0.85]
[0.83]
[0.81]
[0.77]
[0.8]
[0.81]
[0.87]
[0.85]
[0.8]
[0.84]
[0.86]
[0.86]
[0.86]
[0.86]
[0.86]
[0.87]
[0.87]
[0.94]
[0.92]
[0.89]
[0.87]
[0.84]
[0.81]
[0.84]
[0.86]
[0.88]
[0.85]
[0.85]
[0.86]
[0.86]
[0.87]
[0.91]
[0.92]
[0.92]
[0.87]
[0.87]
[0.89]
[0.96]
[0.93]
[0.87]
[0.86]
[0.86]
[0.87]
[1.26]
[1.7]
[1.51]
[1.47]
[1.34]
[1.36]
[1.36]
[1.36]
[1.36]
[1.36]
[1.24]
[1.29]
[1.47]
[1.67]
[2.26]
[1.83]
[3.23]
[2.92]
[2.42]
[2.19]
[2.03]
[2.01]
[1.91]
[1.87]
[1.85]
[1.98]
[1.97]
[1.87]
[1.81]
[1.81]
[1.78]
[1.72]
[1.72]
[1.72]
[1.7]
[1.63]
[1.62]
[1.62]
[1.64]
[1.62]
[1.61]
[1.62]
[1.67]
[1.97]
[2.01]
[2.65]
[2.94]
[2.52]
[2.26]
[2.12]
[2.5]
[2.89]
[2.98]
[3.54]
[3.07]
[2.56]
[2.41]
[2.57]
[2.84]
[4.66]
[3.71]
[2.99]
[2.65]
[2.45]
[2.33]
[2.28]
[2.22]
[2.19]
[2.11]
[2.09]
[2.06]
[2.27]
[2.55]
[3.]
[3.19]
[2.98]