0.7390936885600587, 0.7717540657072453, -21.6988547283368, 23.91690971538775[19.370111]
[19.663319]
[42.29919]
[38.17705]
[13.113747]
[7.9561415]
[7.504021]
[5.4197974]
[4.78096]
[4.4040895]
[3.6818886]
[3.6047096]
[3.0900183]
[2.7202525]
[2.7060027]
[2.707149]
[2.692532]
[2.6875947]
[2.6918216]
[2.7107306]
[4.084872]
[6.435097]
[5.548928]
[5.470902]
[5.289094]
[5.1148095]
[4.9113865]
[5.466711]
[5.5454736]
[9.7530365]
[5.4377747]
[3.770514]
[4.9013777]
[3.6946208]
[3.9059892]
[3.504961]
[2.9728425]
[5.8102646]
[7.2641582]
[5.5918183]
[4.920936]
[6.459954]
[5.224197]
[6.638966]
[6.144304]
[5.7479362]
[5.387985]
[5.1489906]
[4.9824944]
[4.8759446]
[4.6469336]
[4.557892]
[4.030415]
[3.698666]
[3.671534]
[3.6332812]
[3.5626621]
[3.545964]
[3.3568172]
[3.3578722]
[3.521732]
[4.2690663]
[2.988829]
[2.5707037]
[2.4263058]
[2.517924]
[2.425341]
[2.300541]
[2.1754615]
[2.011623]
[1.650454]
[1.606523]
[1.3154378]
[1.200673]
[1.1853666]
[1.1572351]
[1.1685028]
[1.1820636]
[1.169473]
[1.1665001]
[1.1576221]
[1.1580317]
[1.1549023]
[1.1542727]
[1.1537783]
[1.2308723]
[1.5643005]
[1.2197503]
[1.2418789]
[1.1242895]
[0.9877779]
[0.9529793]
[0.9403848]
[0.92771345]
[0.92801434]
[0.86523]
[0.76926285]
[0.7241641]
[0.6963534]
[0.7339977]
[0.9926927]
[0.7250933]
[0.7064348]
[0.6689031]
[0.6388868]
[0.6407279]
[0.6367846]
[0.63542473]
[0.6359562]
[0.59662193]
[0.5851806]
[0.5854589]
[0.5812943]
[0.58155143]
[0.5812333]
[0.5570941]
[0.5663219]
[0.64255303]
[1.0142566]
[0.5554532]
[0.50725156]
[0.40078944]
[0.64293075]
[0.38828638]
[0.5219257]
[0.5461193]
[0.5070448]
[0.48945066]
[0.48769045]
[0.5380048]
[0.5521316]
[0.5084988]
[0.5097726]
[0.5099171]
[0.51033455]
[0.5183775]
[0.5341438]
[0.5140379]
[0.5104804]
[0.50786126]
[0.54356647]
[0.5956543]
[1.4829904]
[-0.19276404]
[0.9452652]
[0.98327667]
[0.86757076]
[0.81798804]
[0.8392961]
[0.84808254]
[0.82729805]
[0.7227472]
[0.6767167]
[0.6768466]
[0.6741188]
[0.65817356]
[0.83621836]
[1.3492714]
[2.1385329]
[0.31821734]
[1.6122]
[1.4987952]
[1.1526105]
[1.2163161]
[0.6944805]
[2.2593484]
[1.3291736]
[1.1569488]
[1.1909031]
[1.1885291]
[1.1466924]
[1.663376]
[1.7389615]
[1.9820148]
[4.285725]
[1.3498136]
[1.8644519]
[1.4368352]
[3.405427]
[2.1191387]
[2.1668525]
[2.0519433]
[1.9790113]
[1.6186483]
[1.5201403]
[2.2367082]
[1.9378849]
[2.1908221]
[2.4107687]
[4.3036594]
[2.3643432]
[2.6652966]
[2.5563319]
[2.2914934]
[3.2427497]
[2.9209774]
[2.4261043]
[6.9508133]
[6.3415956]
[2.9085858]
[3.881439]
[3.1372285]
[4.1087084]
[3.2811363]
[2.3527243]
[6.665708]
[3.2866182]
[3.2846673]
[3.230811]
[3.2970047]
[3.2330062]
[3.0078704]
[2.9814951]
[2.9838955]
[2.4678416]
[2.4665334]
[2.4026542]
[2.1256983]
[2.082014]
[2.075616]
[2.0694752]
[2.1114457]
[2.1795347]
[2.1482856]
[1.9693487]
[2.4703786]
[4.2748656]
[4.355167]
[2.9368563]
[3.4304862]
[1.6621486]
[5.964683]
[3.2636137]
[3.6283956]
[1.235917]
[6.7910643]
[2.9564571]
[3.5886557]
[3.448274]
[3.6008778]
[5.468617]
[9.499087]
[4.164143]
[4.8085055]
[4.2355404]
[4.113386]
[4.061367]
[3.9662166]
[3.5419161]
[3.4339218]
[2.622524]
[2.5390015]
[2.4966505]
[2.3141985]
[3.3412006]
[7.6002135]
[3.942149]
[3.3498797]
[7.6870923][4.3]
[30.92]
[39.25]
[29.7]
[19.45]
[13.74]
[11.15]
[9.61]
[8.47]
[7.25]
[6.36]
[5.68]
[5.17]
[4.9]
[4.63]
[4.43]
[4.25]
[3.5]
[3.25]
[3.48]
[3.45]
[3.34]
[3.16]
[3.03]
[3.19]
[3.24]
[3.07]
[2.9]
[3.01]
[3.39]
[4.09]
[3.93]
[3.38]
[3.37]
[3.68]
[3.86]
[4.88]
[11.97]
[10.98]
[9.57]
[8.25]
[9.26]
[7.3]
[7.03]
[5.94]
[5.1]
[4.59]
[4.19]
[3.92]
[3.62]
[3.37]
[3.17]
[2.96]
[2.64]
[2.49]
[2.4]
[2.35]
[2.23]
[2.07]
[2.05]
[2.27]
[2.12]
[2.14]
[2.13]
[2.16]
[2.18]
[1.91]
[1.59]
[1.35]
[1.24]
[1.21]
[1.]
[0.83]
[0.7]
[0.64]
[0.65]
[0.76]
[0.78]
[0.85]
[0.9]
[0.64]
[0.59]
[0.65]
[0.65]
[0.65]
[0.67]
[0.16]
[0.]
[0.]
[0.]
[0.]
[0.]
[0.]
[0.]
[0.]
[0.]
[0.]
[0.]
[0.]
[0.]
[0.]
[0.]
[0.]
[0.]
[0.]
[0.]
[0.]
[0.]
[0.]
[0.]
[0.34]
[0.66]
[0.71]
[0.71]
[0.77]
[0.78]
[0.81]
[0.78]
[0.67]
[0.75]
[0.8]
[0.82]
[0.81]
[0.81]
[0.81]
[0.8]
[0.8]
[0.81]
[0.82]
[0.82]
[0.83]
[0.83]
[0.83]
[0.83]
[0.83]
[0.82]
[0.76]
[0.76]
[0.77]
[0.78]
[0.85]
[0.83]
[0.81]
[0.77]
[0.8]
[0.81]
[0.87]
[0.85]
[0.8]
[0.84]
[0.86]
[0.86]
[0.86]
[0.86]
[0.86]
[0.87]
[0.87]
[0.94]
[0.92]
[0.89]
[0.87]
[0.84]
[0.81]
[0.84]
[0.86]
[0.88]
[0.85]
[0.85]
[0.86]
[0.86]
[0.87]
[0.91]
[0.92]
[0.92]
[0.87]
[0.87]
[0.89]
[0.96]
[0.93]
[0.87]
[0.86]
[0.86]
[0.87]
[1.26]
[1.7]
[1.51]
[1.47]
[1.34]
[1.36]
[1.36]
[1.36]
[1.36]
[1.36]
[1.24]
[1.29]
[1.47]
[1.67]
[2.26]
[1.83]
[3.23]
[2.92]
[2.42]
[2.19]
[2.03]
[2.01]
[1.91]
[1.87]
[1.85]
[1.98]
[1.97]
[1.87]
[1.81]
[1.81]
[1.78]
[1.72]
[1.72]
[1.72]
[1.7]
[1.63]
[1.62]
[1.62]
[1.64]
[1.62]
[1.61]
[1.62]
[1.67]
[1.97]
[2.01]
[2.65]
[2.94]
[2.52]
[2.26]
[2.12]
[2.5]
[2.89]
[2.98]
[3.54]
[3.07]
[2.56]
[2.41]
[2.57]
[2.84]
[4.66]
[3.71]
[2.99]
[2.65]
[2.45]
[2.33]
[2.28]
[2.22]
[2.19]
[2.11]
[2.09]
[2.06]
[2.27]
[2.55]
[3.]
[3.19]
[2.98]