0.7341977513586843, 0.7846764740850957, 20.207769100486157, 24.140268539621157[10.278342]
[18.185537]
[19.884748]
[22.866995]
[16.46957]
[5.779405]
[2.581843]
[4.542268]
[4.2091503]
[4.3710876]
[4.175641]
[3.7586024]
[3.248269]
[2.9714403]
[2.953359]
[2.9532423]
[2.9435785]
[2.9358954]
[2.9406974]
[2.9744213]
[4.489562]
[4.239789]
[4.860793]
[4.3654976]
[4.499445]
[4.1715455]
[3.8297586]
[4.3317823]
[4.9212227]
[6.369168]
[5.0345964]
[4.159672]
[3.513666]
[3.1567147]
[3.3612893]
[3.3776822]
[4.3432584]
[5.4872227]
[4.4919624]
[4.9056787]
[5.0902095]
[5.2500086]
[5.2097077]
[5.081362]
[5.2500086]
[5.2500086]
[4.3749394]
[4.03363]
[3.8795366]
[3.7237363]
[3.4876056]
[3.5932796]
[3.3191702]
[3.2104478]
[3.1828737]
[3.1445172]
[3.0699656]
[3.0400326]
[2.7251844]
[2.7268212]
[2.6340618]
[3.2229002]
[2.3801105]
[1.875039]
[1.8223852]
[1.82594]
[1.528099]
[1.2150735]
[1.0844734]
[0.90822357]
[0.6361186]
[0.6247302]
[0.54231757]
[0.5068221]
[0.50210446]
[0.4963934]
[0.5063582]
[0.5110255]
[0.48324385]
[0.49610645]
[0.44010684]
[0.4242815]
[0.38483322]
[0.37768668]
[0.3712559]
[0.4632553]
[0.59085846]
[0.20799622]
[0.2431858]
[0.22678526]
[0.15408684]
[0.09185492]
[0.07025559]
[0.05207196]
[0.05386]
[-0.00107097]
[-0.15372135]
[-0.21832949]
[-0.25486973]
[-0.19777958]
[-0.10939802]
[-0.3560605]
[-0.39001346]
[-0.41723305]
[-0.4277625]
[-0.4312299]
[-0.43740124]
[-0.43902358]
[-0.4387797]
[-0.44548124]
[-0.4483548]
[-0.44811094]
[-0.44812155]
[-0.44840783]
[-0.4488638]
[-0.48172456]
[-0.47913727]
[-0.33381402]
[-0.24442512]
[-0.39242047]
[-0.5328767]
[-0.36235908]
[-0.4711421]
[-0.4677065]
[-0.49101338]
[-0.48162913]
[-0.48003858]
[-0.4948625]
[-0.49475646]
[-0.48436487]
[-0.47878733]
[-0.49473527]
[-0.49453378]
[-0.49372792]
[-0.49447018]
[-0.47960383]
[-0.4780557]
[-0.49737558]
[-0.4940566]
[-0.492307]
[-0.41280073]
[0.05629255]
[0.32527706]
[-0.2617515]
[-0.28997847]
[-0.14565197]
[-0.2595035]
[-0.19718578]
[-0.21237023]
[-0.21588004]
[-0.22177568]
[-0.22872108]
[-0.22251794]
[-0.22280423]
[-0.22408728]
[-0.22228466]
[0.0608435]
[0.51428443]
[0.31512174]
[0.42388588]
[0.23711255]
[0.16102065]
[0.21279636]
[0.24651271]
[0.57456726]
[0.67986035]
[0.39799404]
[0.53691065]
[0.5130889]
[0.41532075]
[0.4142087]
[0.63330626]
[0.6516851]
[0.89954215]
[1.8468353]
[1.1408929]
[0.8072578]
[1.2859322]
[1.586889]
[1.2395679]
[1.173744]
[1.2410554]
[1.1849021]
[0.9177811]
[1.1668208]
[1.2190584]
[1.192035]
[1.1166741]
[1.3942277]
[2.2054935]
[1.7273853]
[1.6145768]
[1.610081]
[1.5616689]
[1.971982]
[1.6577275]
[1.868144]
[2.504234]
[2.82331]
[2.7580197]
[2.6258492]
[2.2130308]
[2.093803]
[2.247878]
[2.3310146]
[3.0987034]
[2.560177]
[2.421539]
[2.4417613]
[2.4368212]
[2.4359848]
[2.3207629]
[2.3037982]
[2.2956982]
[2.0154338]
[2.011415]
[1.941978]
[1.6436346]
[1.5057243]
[1.4982911]
[1.4912108]
[1.511217]
[1.5557265]
[1.4452095]
[1.2272491]
[1.5894939]
[3.096596]
[1.9283563]
[2.1320753]
[2.348959]
[2.6624317]
[3.3283393]
[2.5711145]
[2.4688156]
[2.887491]
[3.443539]
[2.9035363]
[2.5263367]
[2.560854]
[2.47747]
[2.2264378]
[10.211771]
[3.7118084]
[3.2652154]
[3.2681246]
[3.2859595]
[3.2200558]
[3.1526377]
[2.908424]
[2.82802]
[2.5839095]
[2.5960736]
[2.6122766]
[2.450133]
[3.728025]
[4.900438]
[3.3409522]
[2.4006681]
[3.052127][4.3]
[30.92]
[39.25]
[29.7]
[19.45]
[13.74]
[11.15]
[9.61]
[8.47]
[7.25]
[6.36]
[5.68]
[5.17]
[4.9]
[4.63]
[4.43]
[4.25]
[3.5]
[3.25]
[3.48]
[3.45]
[3.34]
[3.16]
[3.03]
[3.19]
[3.24]
[3.07]
[2.9]
[3.01]
[3.39]
[4.09]
[3.93]
[3.38]
[3.37]
[3.68]
[3.86]
[4.88]
[11.97]
[10.98]
[9.57]
[8.25]
[9.26]
[7.3]
[7.03]
[5.94]
[5.1]
[4.59]
[4.19]
[3.92]
[3.62]
[3.37]
[3.17]
[2.96]
[2.64]
[2.49]
[2.4]
[2.35]
[2.23]
[2.07]
[2.05]
[2.27]
[2.12]
[2.14]
[2.13]
[2.16]
[2.18]
[1.91]
[1.59]
[1.35]
[1.24]
[1.21]
[1.]
[0.83]
[0.7]
[0.64]
[0.65]
[0.76]
[0.78]
[0.85]
[0.9]
[0.64]
[0.59]
[0.65]
[0.65]
[0.65]
[0.67]
[0.16]
[0.]
[0.]
[0.]
[0.]
[0.]
[0.]
[0.]
[0.]
[0.]
[0.]
[0.]
[0.]
[0.]
[0.]
[0.]
[0.]
[0.]
[0.]
[0.]
[0.]
[0.]
[0.]
[0.]
[0.34]
[0.66]
[0.71]
[0.71]
[0.77]
[0.78]
[0.81]
[0.78]
[0.67]
[0.75]
[0.8]
[0.82]
[0.81]
[0.81]
[0.81]
[0.8]
[0.8]
[0.81]
[0.82]
[0.82]
[0.83]
[0.83]
[0.83]
[0.83]
[0.83]
[0.82]
[0.76]
[0.76]
[0.77]
[0.78]
[0.85]
[0.83]
[0.81]
[0.77]
[0.8]
[0.81]
[0.87]
[0.85]
[0.8]
[0.84]
[0.86]
[0.86]
[0.86]
[0.86]
[0.86]
[0.87]
[0.87]
[0.94]
[0.92]
[0.89]
[0.87]
[0.84]
[0.81]
[0.84]
[0.86]
[0.88]
[0.85]
[0.85]
[0.86]
[0.86]
[0.87]
[0.91]
[0.92]
[0.92]
[0.87]
[0.87]
[0.89]
[0.96]
[0.93]
[0.87]
[0.86]
[0.86]
[0.87]
[1.26]
[1.7]
[1.51]
[1.47]
[1.34]
[1.36]
[1.36]
[1.36]
[1.36]
[1.36]
[1.24]
[1.29]
[1.47]
[1.67]
[2.26]
[1.83]
[3.23]
[2.92]
[2.42]
[2.19]
[2.03]
[2.01]
[1.91]
[1.87]
[1.85]
[1.98]
[1.97]
[1.87]
[1.81]
[1.81]
[1.78]
[1.72]
[1.72]
[1.72]
[1.7]
[1.63]
[1.62]
[1.62]
[1.64]
[1.62]
[1.61]
[1.62]
[1.67]
[1.97]
[2.01]
[2.65]
[2.94]
[2.52]
[2.26]
[2.12]
[2.5]
[2.89]
[2.98]
[3.54]
[3.07]
[2.56]
[2.41]
[2.57]
[2.84]
[4.66]
[3.71]
[2.99]
[2.65]
[2.45]
[2.33]
[2.28]
[2.22]
[2.19]
[2.11]
[2.09]
[2.06]
[2.27]
[2.55]
[3.]
[3.19]
[2.98]