0.8191237626277612, 0.8403870812948948, 14.838814544671358, 19.9137719424185[19.159054]
[37.675087]
[36.922195]
[31.90088]
[12.262313]
[8.441903]
[8.291787]
[6.2030997]
[5.225624]
[5.75099]
[3.4208462]
[2.6151147]
[2.4851084]
[2.5392904]
[2.5869963]
[2.5677772]
[2.5564525]
[2.559782]
[2.5644584]
[2.4942274]
[1.9005812]
[4.79407]
[3.5988512]
[4.75047]
[4.747899]
[4.3056226]
[3.9328322]
[4.7684407]
[6.000575]
[6.8657866]
[4.9461427]
[3.2406487]
[3.539668]
[3.2850304]
[3.5382407]
[2.7919626]
[1.8986845]
[4.5893197]
[5.661561]
[4.667596]
[3.8673944]
[6.055872]
[4.39489]
[6.237099]
[6.044726]
[4.963062]
[3.8581147]
[3.7272377]
[3.6808891]
[3.726583]
[3.380164]
[3.3645182]
[3.2263339]
[3.2182963]
[3.187951]
[3.1406243]
[3.031139]
[2.9787354]
[2.5133724]
[2.3550465]
[2.3079212]
[3.3554413]
[1.8689266]
[1.3653506]
[1.5674539]
[1.316815]
[1.0179108]
[0.73140776]
[0.6162334]
[0.5002956]
[0.22110632]
[0.2499324]
[0.48425487]
[0.5724588]
[0.58322155]
[0.6035726]
[0.59827876]
[0.64511514]
[0.6059796]
[0.59453034]
[0.5711387]
[0.56565124]
[0.54703915]
[0.5437361]
[0.5407379]
[0.3327815]
[0.9966373]
[0.5328727]
[0.33400357]
[0.37023097]
[0.5527996]
[0.5089137]
[0.48598325]
[0.4639833]
[0.4691049]
[0.45033374]
[0.30971852]
[0.24050309]
[0.2109268]
[0.04897966]
[0.40452325]
[0.17383254]
[0.04054974]
[0.02185283]
[-0.00455958]
[-0.01513143]
[-0.00569417]
[-0.00961753]
[-0.0104128]
[-0.01427254]
[-0.01327579]
[-0.01280923]
[-0.01208818]
[-0.01174886]
[-0.01287285]
[-0.01399684]
[-0.02628649]
[0.04100305]
[0.12259959]
[0.06353187]
[0.00530051]
[-0.12613061]
[0.0313895]
[0.01777175]
[0.01388948]
[-0.10165735]
[-0.05345308]
[-0.07241244]
[-0.07907154]
[-0.04977361]
[-0.04430212]
[-0.03154591]
[-0.03631756]
[-0.03540564]
[-0.03322129]
[-0.07252908]
[0.0084498]
[-0.03831105]
[-0.04312511]
[-0.03478003]
[-0.06162851]
[-0.0433796]
[0.02007804]
[0.6305987]
[0.48871636]
[-0.35658008]
[0.01950279]
[0.03373689]
[0.03331539]
[-0.02734686]
[0.02348977]
[-0.02982811]
[-0.02190717]
[-0.02114371]
[-0.02302056]
[-0.0193623]
[0.00220159]
[0.16416198]
[0.8973843]
[-0.05719618]
[-0.5072794]
[-0.81606877]
[-0.5419958]
[-0.5321556]
[-0.77811825]
[-0.2325172]
[0.32490164]
[-0.17853393]
[-0.04973119]
[0.02838071]
[-0.03350759]
[0.19732893]
[0.22568446]
[0.7786922]
[1.760972]
[0.4600745]
[0.3682587]
[-0.22898617]
[1.6062089]
[1.103961]
[0.8905118]
[0.7763819]
[0.6768267]
[0.59259516]
[0.24850886]
[1.2183918]
[0.7801793]
[0.59369]
[0.43852258]
[2.2184315]
[1.0635146]
[1.2454364]
[1.4282198]
[1.1312137]
[1.7906306]
[1.742136]
[1.8724285]
[0.9563685]
[3.7522094]
[2.6162624]
[2.0704958]
[2.2799726]
[2.5229673]
[2.3999677]
[1.2796067]
[3.0644517]
[2.887544]
[2.4160838]
[2.5927966]
[2.3479843]
[2.3229492]
[2.069161]
[2.055946]
[2.0703168]
[1.4730971]
[1.4732429]
[1.3406786]
[0.8789843]
[0.8191239]
[0.80721605]
[0.79581445]
[0.6069207]
[0.59945047]
[0.9172052]
[0.61238694]
[0.39795163]
[1.2252802]
[3.7932005]
[2.2221944]
[1.889947]
[1.4375775]
[2.4523032]
[2.2743034]
[1.4100013]
[0.16342105]
[2.7135592]
[2.6995795]
[1.7940966]
[2.5893557]
[2.2217293]
[5.6294837]
[6.5677876]
[3.989819]
[3.1059027]
[4.1255803]
[3.312128]
[3.3540895]
[3.258044]
[2.8858395]
[2.806866]
[2.1249099]
[2.0232923]
[1.9586735]
[1.8063889]
[1.2638563]
[7.7718987]
[2.7964823]
[2.0740228]
[2.7041166][4.3]
[30.92]
[39.25]
[29.7]
[19.45]
[13.74]
[11.15]
[9.61]
[8.47]
[7.25]
[6.36]
[5.68]
[5.17]
[4.9]
[4.63]
[4.43]
[4.25]
[3.5]
[3.25]
[3.48]
[3.45]
[3.34]
[3.16]
[3.03]
[3.19]
[3.24]
[3.07]
[2.9]
[3.01]
[3.39]
[4.09]
[3.93]
[3.38]
[3.37]
[3.68]
[3.86]
[4.88]
[11.97]
[10.98]
[9.57]
[8.25]
[9.26]
[7.3]
[7.03]
[5.94]
[5.1]
[4.59]
[4.19]
[3.92]
[3.62]
[3.37]
[3.17]
[2.96]
[2.64]
[2.49]
[2.4]
[2.35]
[2.23]
[2.07]
[2.05]
[2.27]
[2.12]
[2.14]
[2.13]
[2.16]
[2.18]
[1.91]
[1.59]
[1.35]
[1.24]
[1.21]
[1.]
[0.83]
[0.7]
[0.64]
[0.65]
[0.76]
[0.78]
[0.85]
[0.9]
[0.64]
[0.59]
[0.65]
[0.65]
[0.65]
[0.67]
[0.16]
[0.]
[0.]
[0.]
[0.]
[0.]
[0.]
[0.]
[0.]
[0.]
[0.]
[0.]
[0.]
[0.]
[0.]
[0.]
[0.]
[0.]
[0.]
[0.]
[0.]
[0.]
[0.]
[0.]
[0.34]
[0.66]
[0.71]
[0.71]
[0.77]
[0.78]
[0.81]
[0.78]
[0.67]
[0.75]
[0.8]
[0.82]
[0.81]
[0.81]
[0.81]
[0.8]
[0.8]
[0.81]
[0.82]
[0.82]
[0.83]
[0.83]
[0.83]
[0.83]
[0.83]
[0.82]
[0.76]
[0.76]
[0.77]
[0.78]
[0.85]
[0.83]
[0.81]
[0.77]
[0.8]
[0.81]
[0.87]
[0.85]
[0.8]
[0.84]
[0.86]
[0.86]
[0.86]
[0.86]
[0.86]
[0.87]
[0.87]
[0.94]
[0.92]
[0.89]
[0.87]
[0.84]
[0.81]
[0.84]
[0.86]
[0.88]
[0.85]
[0.85]
[0.86]
[0.86]
[0.87]
[0.91]
[0.92]
[0.92]
[0.87]
[0.87]
[0.89]
[0.96]
[0.93]
[0.87]
[0.86]
[0.86]
[0.87]
[1.26]
[1.7]
[1.51]
[1.47]
[1.34]
[1.36]
[1.36]
[1.36]
[1.36]
[1.36]
[1.24]
[1.29]
[1.47]
[1.67]
[2.26]
[1.83]
[3.23]
[2.92]
[2.42]
[2.19]
[2.03]
[2.01]
[1.91]
[1.87]
[1.85]
[1.98]
[1.97]
[1.87]
[1.81]
[1.81]
[1.78]
[1.72]
[1.72]
[1.72]
[1.7]
[1.63]
[1.62]
[1.62]
[1.64]
[1.62]
[1.61]
[1.62]
[1.67]
[1.97]
[2.01]
[2.65]
[2.94]
[2.52]
[2.26]
[2.12]
[2.5]
[2.89]
[2.98]
[3.54]
[3.07]
[2.56]
[2.41]
[2.57]
[2.84]
[4.66]
[3.71]
[2.99]
[2.65]
[2.45]
[2.33]
[2.28]
[2.22]
[2.19]
[2.11]
[2.09]
[2.06]
[2.27]
[2.55]
[3.]
[3.19]
[2.98]