0.7035776988967323, 0.8012658132303708, 48.60821067944448, 25.492839327310172[7.1409364]
[14.75672]
[26.133854]
[28.422686]
[9.9703455]
[7.3383036]
[6.147582]
[4.6321793]
[4.792862]
[4.840776]
[4.1101556]
[3.2792296]
[2.3845372]
[2.538387]
[2.5678031]
[2.5402575]
[2.52963]
[2.5403435]
[2.5415392]
[2.5769687]
[2.976577]
[4.052983]
[4.513128]
[4.432898]
[4.653751]
[4.1460247]
[4.038964]
[4.636272]
[5.1056714]
[7.055887]
[4.934011]
[3.6968787]
[3.1210506]
[1.2095914]
[1.706552]
[1.3978753]
[2.047159]
[5.3048234]
[4.2962976]
[4.067055]
[4.8251247]
[5.648037]
[4.5233946]
[6.060297]
[6.3182483]
[4.6864367]
[3.7948341]
[3.2233734]
[2.9062681]
[2.7782779]
[2.4964058]
[2.4627101]
[2.16673]
[2.0089276]
[1.9580406]
[1.8790472]
[1.7501544]
[1.6969292]
[1.8614676]
[1.8340784]
[1.7078589]
[2.2749112]
[1.3555667]
[1.0571239]
[0.69969815]
[0.6300745]
[0.9461618]
[0.830163]
[0.66108096]
[0.48428732]
[0.3034166]
[0.24404669]
[-0.16764396]
[-0.3490621]
[-0.37356716]
[-0.4191099]
[-0.41227055]
[-0.40072316]
[-0.39606816]
[-0.39979002]
[-0.43652114]
[-0.44666883]
[-0.46748385]
[-0.47134358]
[-0.47471553]
[-0.49233884]
[-0.4144761]
[-0.35621956]
[-0.4540702]
[-0.5598948]
[-0.914492]
[-0.93848807]
[-0.946197]
[-0.9586245]
[-0.96499723]
[-0.9201968]
[-0.9813799]
[-1.0273575]
[-1.0463274]
[-1.1125154]
[-1.0795063]
[-1.2083726]
[-1.2751333]
[-1.3501225]
[-1.3932158]
[-1.4107542]
[-1.4107754]
[-1.4143382]
[-1.4133838]
[-1.3561665]
[-1.3498255]
[-1.3495922]
[-1.3469732]
[-1.3474927]
[-1.3480442]
[-1.3444706]
[-1.3259461]
[-1.4974285]
[-1.3318735]
[-1.4159181]
[-1.3224468]
[-1.2759286]
[-1.3908193]
[-1.4236482]
[-1.2995747]
[-1.3383948]
[-1.4266173]
[-1.4336687]
[-1.4376239]
[-1.4592129]
[-1.4660947]
[-1.4195658]
[-1.42842]
[-1.4234043]
[-1.4260765]
[-1.4401475]
[-1.4003096]
[-1.450571]
[-1.4201385]
[-1.431707]
[-1.4415048]
[-2.2603624]
[-1.23977]
[-0.9224023]
[0.12877026]
[-0.4419926]
[-1.023063]
[-0.9756964]
[-1.0046973]
[-1.0221086]
[-1.029722]
[-1.220938]
[-1.1996245]
[-1.1992747]
[-1.2031132]
[-1.1791489]
[-1.1520141]
[-0.95864564]
[-0.54658717]
[-0.9015979]
[0.86056507]
[0.02764045]
[-0.7878206]
[-0.82404274]
[-0.49437472]
[0.16466102]
[0.53146106]
[0.6207499]
[-0.743211]
[-1.0517565]
[-1.0227342]
[-0.48923194]
[-0.38912275]
[0.30496344]
[1.4975088]
[0.6094159]
[1.0559574]
[0.26915354]
[0.20907116]
[0.5310223]
[0.9591222]
[0.09965922]
[-0.09560265]
[-0.61670923]
[-0.903549]
[-0.13798551]
[-0.06403554]
[0.57806486]
[0.16333291]
[1.1724441]
[0.32124403]
[1.152427]
[0.41911456]
[0.12591258]
[0.5167644]
[0.66293657]
[0.8627004]
[3.1094623]
[2.6871746]
[2.4528143]
[2.111518]
[0.86358845]
[2.0953329]
[2.171177]
[0.20755816]
[3.21339]
[3.205359]
[2.2025228]
[1.2708368]
[1.4812533]
[1.5086744]
[1.3408926]
[1.3459399]
[1.3156346]
[0.9356854]
[0.9475695]
[0.80191356]
[0.22422181]
[0.5196797]
[0.501456]
[0.4840567]
[0.5259571]
[0.53597623]
[0.68069375]
[0.5757572]
[0.513454]
[2.1912768]
[0.87692255]
[0.851198]
[1.6657054]
[1.3758317]
[2.9322643]
[2.915146]
[0.7858198]
[1.7922277]
[3.228597]
[3.1694603]
[1.9531682]
[1.1248972]
[1.6704903]
[3.5393667]
[6.6116204]
[4.661197]
[3.8599858]
[2.4882264]
[3.006519]
[2.9728804]
[2.7982087]
[2.192758]
[1.925095]
[1.1080824]
[1.0335957]
[0.99114126]
[0.9906376]
[4.001892]
[5.7705197]
[3.846099]
[2.4706576]
[5.5202746][4.3]
[30.92]
[39.25]
[29.7]
[19.45]
[13.74]
[11.15]
[9.61]
[8.47]
[7.25]
[6.36]
[5.68]
[5.17]
[4.9]
[4.63]
[4.43]
[4.25]
[3.5]
[3.25]
[3.48]
[3.45]
[3.34]
[3.16]
[3.03]
[3.19]
[3.24]
[3.07]
[2.9]
[3.01]
[3.39]
[4.09]
[3.93]
[3.38]
[3.37]
[3.68]
[3.86]
[4.88]
[11.97]
[10.98]
[9.57]
[8.25]
[9.26]
[7.3]
[7.03]
[5.94]
[5.1]
[4.59]
[4.19]
[3.92]
[3.62]
[3.37]
[3.17]
[2.96]
[2.64]
[2.49]
[2.4]
[2.35]
[2.23]
[2.07]
[2.05]
[2.27]
[2.12]
[2.14]
[2.13]
[2.16]
[2.18]
[1.91]
[1.59]
[1.35]
[1.24]
[1.21]
[1.]
[0.83]
[0.7]
[0.64]
[0.65]
[0.76]
[0.78]
[0.85]
[0.9]
[0.64]
[0.59]
[0.65]
[0.65]
[0.65]
[0.67]
[0.16]
[0.]
[0.]
[0.]
[0.]
[0.]
[0.]
[0.]
[0.]
[0.]
[0.]
[0.]
[0.]
[0.]
[0.]
[0.]
[0.]
[0.]
[0.]
[0.]
[0.]
[0.]
[0.]
[0.]
[0.34]
[0.66]
[0.71]
[0.71]
[0.77]
[0.78]
[0.81]
[0.78]
[0.67]
[0.75]
[0.8]
[0.82]
[0.81]
[0.81]
[0.81]
[0.8]
[0.8]
[0.81]
[0.82]
[0.82]
[0.83]
[0.83]
[0.83]
[0.83]
[0.83]
[0.82]
[0.76]
[0.76]
[0.77]
[0.78]
[0.85]
[0.83]
[0.81]
[0.77]
[0.8]
[0.81]
[0.87]
[0.85]
[0.8]
[0.84]
[0.86]
[0.86]
[0.86]
[0.86]
[0.86]
[0.87]
[0.87]
[0.94]
[0.92]
[0.89]
[0.87]
[0.84]
[0.81]
[0.84]
[0.86]
[0.88]
[0.85]
[0.85]
[0.86]
[0.86]
[0.87]
[0.91]
[0.92]
[0.92]
[0.87]
[0.87]
[0.89]
[0.96]
[0.93]
[0.87]
[0.86]
[0.86]
[0.87]
[1.26]
[1.7]
[1.51]
[1.47]
[1.34]
[1.36]
[1.36]
[1.36]
[1.36]
[1.36]
[1.24]
[1.29]
[1.47]
[1.67]
[2.26]
[1.83]
[3.23]
[2.92]
[2.42]
[2.19]
[2.03]
[2.01]
[1.91]
[1.87]
[1.85]
[1.98]
[1.97]
[1.87]
[1.81]
[1.81]
[1.78]
[1.72]
[1.72]
[1.72]
[1.7]
[1.63]
[1.62]
[1.62]
[1.64]
[1.62]
[1.61]
[1.62]
[1.67]
[1.97]
[2.01]
[2.65]
[2.94]
[2.52]
[2.26]
[2.12]
[2.5]
[2.89]
[2.98]
[3.54]
[3.07]
[2.56]
[2.41]
[2.57]
[2.84]
[4.66]
[3.71]
[2.99]
[2.65]
[2.45]
[2.33]
[2.28]
[2.22]
[2.19]
[2.11]
[2.09]
[2.06]
[2.27]
[2.55]
[3.]
[3.19]
[2.98]