0.7688054917382584, 0.799717557425344, 28.76768396419753, 22.513941250339833[13.767008]
[24.990696]
[30.535368]
[22.624886]
[12.222689]
[8.809603]
[7.561787]
[5.981574]
[5.6836853]
[5.440591]
[4.357559]
[3.6923106]
[3.5433571]
[3.5895941]
[3.5295403]
[3.4940956]
[3.4916396]
[3.480884]
[3.5038111]
[3.5029762]
[4.72449]
[5.241111]
[5.4964743]
[5.0987897]
[4.4068832]
[4.365653]
[5.1241484]
[5.670974]
[5.963546]
[8.025458]
[5.622769]
[3.2010834]
[2.7548957]
[2.905783]
[2.5725837]
[2.9727807]
[2.6240451]
[5.41031]
[6.1302295]
[4.702495]
[5.498946]
[6.3232975]
[5.756619]
[6.202075]
[6.535084]
[5.0202737]
[4.798388]
[4.759357]
[4.5616603]
[4.580912]
[4.0885262]
[3.8844156]
[2.9333906]
[2.1756277]
[2.1200352]
[2.0544245]
[1.995164]
[2.0019214]
[1.8446006]
[1.9031785]
[3.4229598]
[2.8538723]
[1.3552884]
[1.1316034]
[0.53527707]
[0.8199875]
[0.9892316]
[0.87583536]
[0.7400955]
[0.6096621]
[0.1276476]
[0.11433072]
[-0.07405601]
[-0.18121666]
[-0.19495901]
[-0.20988896]
[-0.18504459]
[-0.19930652]
[-0.20869076]
[-0.2299193]
[-0.26798645]
[-0.27483642]
[-0.30875754]
[-0.31484407]
[-0.32028374]
[-0.02681667]
[-0.06837244]
[-0.15372135]
[-0.55514437]
[-0.46357107]
[-0.57422036]
[-0.63532925]
[-0.6507576]
[-0.67654574]
[-0.65397054]
[-0.7425323]
[-0.82297176]
[-0.87649906]
[-0.8751948]
[-0.6512984]
[-0.47853285]
[-0.64999413]
[-0.8465861]
[-0.96037406]
[-0.84523946]
[-0.8632975]
[-0.8474344]
[-0.8465649]
[-0.852609]
[-0.91646427]
[-0.937608]
[-0.93691874]
[-0.944511]
[-0.9452108]
[-0.9460697]
[-0.949219]
[-0.9375868]
[-0.5368636]
[-0.40473133]
[-0.8113713]
[-1.0960692]
[-1.2361436]
[-0.860689]
[-0.98028773]
[-1.0420647]
[-1.012894]
[-0.86539704]
[-0.89875615]
[-0.90866]
[-0.8600634]
[-0.85733825]
[-0.96499723]
[-0.9697053]
[-0.9672346]
[-0.9688676]
[-0.9552737]
[-0.920271]
[-0.9657607]
[-0.9605543]
[-0.98347944]
[-0.87795174]
[-1.3009108]
[-0.5261433]
[-1.2035692]
[-1.6817627]
[-2.241509]
[-1.373143]
[-1.1069062]
[-1.1443264]
[-1.0363493]
[-1.0581822]
[-0.7690521]
[-0.82994896]
[-0.82907945]
[-0.8305746]
[-0.86347777]
[-0.9825463]
[-0.50312275]
[0.2801747]
[-0.32839555]
[-2.313084]
[-2.151219]
[-1.0326275]
[-1.1279225]
[-3.0162446]
[-1.458969]
[-0.77253014]
[0.1451125]
[-0.40632188]
[-0.35298544]
[-0.38261208]
[0.27189723]
[0.34158716]
[-0.88891596]
[2.191489]
[0.15932141]
[0.5113989]
[-1.0927502]
[1.5950359]
[1.2536151]
[0.86177224]
[0.7886119]
[0.5094243]
[0.27568936]
[0.22610463]
[0.46283215]
[0.89432913]
[1.1971765]
[0.47321612]
[3.1569085]
[0.8741427]
[1.2046123]
[0.92824894]
[0.70586985]
[1.6433148]
[2.2232468]
[0.9835987]
[3.7750092]
[6.630296]
[3.5649452]
[2.8881304]
[1.0923344]
[2.3820927]
[2.869312]
[0.4375298]
[5.77054]
[3.3527918]
[2.772826]
[1.9802771]
[2.4092183]
[2.4331007]
[1.7923261]
[1.8033459]
[1.8177577]
[0.71714616]
[0.7170146]
[0.64754933]
[0.34991568]
[0.3267036]
[0.31976682]
[0.3131203]
[0.40597132]
[0.5313862]
[0.398672]
[0.23203142]
[0.8423682]
[3.9765651]
[4.3367214]
[2.0198019]
[0.11799031]
[0.8237428]
[4.792798]
[2.2854612]
[1.810472]
[1.1166549]
[6.611853]
[3.2722824]
[2.5888731]
[2.1388392]
[2.0243208]
[3.9524202]
[8.819253]
[5.704972]
[4.8374395]
[3.5183926]
[3.6003177]
[3.6384823]
[3.4737086]
[2.9678555]
[2.7943206]
[1.6511393]
[1.4547309]
[1.3276016]
[1.199483]
[3.141344]
[7.208455]
[3.5346327]
[3.473156]
[3.6210132][4.3]
[30.92]
[39.25]
[29.7]
[19.45]
[13.74]
[11.15]
[9.61]
[8.47]
[7.25]
[6.36]
[5.68]
[5.17]
[4.9]
[4.63]
[4.43]
[4.25]
[3.5]
[3.25]
[3.48]
[3.45]
[3.34]
[3.16]
[3.03]
[3.19]
[3.24]
[3.07]
[2.9]
[3.01]
[3.39]
[4.09]
[3.93]
[3.38]
[3.37]
[3.68]
[3.86]
[4.88]
[11.97]
[10.98]
[9.57]
[8.25]
[9.26]
[7.3]
[7.03]
[5.94]
[5.1]
[4.59]
[4.19]
[3.92]
[3.62]
[3.37]
[3.17]
[2.96]
[2.64]
[2.49]
[2.4]
[2.35]
[2.23]
[2.07]
[2.05]
[2.27]
[2.12]
[2.14]
[2.13]
[2.16]
[2.18]
[1.91]
[1.59]
[1.35]
[1.24]
[1.21]
[1.]
[0.83]
[0.7]
[0.64]
[0.65]
[0.76]
[0.78]
[0.85]
[0.9]
[0.64]
[0.59]
[0.65]
[0.65]
[0.65]
[0.67]
[0.16]
[0.]
[0.]
[0.]
[0.]
[0.]
[0.]
[0.]
[0.]
[0.]
[0.]
[0.]
[0.]
[0.]
[0.]
[0.]
[0.]
[0.]
[0.]
[0.]
[0.]
[0.]
[0.]
[0.]
[0.34]
[0.66]
[0.71]
[0.71]
[0.77]
[0.78]
[0.81]
[0.78]
[0.67]
[0.75]
[0.8]
[0.82]
[0.81]
[0.81]
[0.81]
[0.8]
[0.8]
[0.81]
[0.82]
[0.82]
[0.83]
[0.83]
[0.83]
[0.83]
[0.83]
[0.82]
[0.76]
[0.76]
[0.77]
[0.78]
[0.85]
[0.83]
[0.81]
[0.77]
[0.8]
[0.81]
[0.87]
[0.85]
[0.8]
[0.84]
[0.86]
[0.86]
[0.86]
[0.86]
[0.86]
[0.87]
[0.87]
[0.94]
[0.92]
[0.89]
[0.87]
[0.84]
[0.81]
[0.84]
[0.86]
[0.88]
[0.85]
[0.85]
[0.86]
[0.86]
[0.87]
[0.91]
[0.92]
[0.92]
[0.87]
[0.87]
[0.89]
[0.96]
[0.93]
[0.87]
[0.86]
[0.86]
[0.87]
[1.26]
[1.7]
[1.51]
[1.47]
[1.34]
[1.36]
[1.36]
[1.36]
[1.36]
[1.36]
[1.24]
[1.29]
[1.47]
[1.67]
[2.26]
[1.83]
[3.23]
[2.92]
[2.42]
[2.19]
[2.03]
[2.01]
[1.91]
[1.87]
[1.85]
[1.98]
[1.97]
[1.87]
[1.81]
[1.81]
[1.78]
[1.72]
[1.72]
[1.72]
[1.7]
[1.63]
[1.62]
[1.62]
[1.64]
[1.62]
[1.61]
[1.62]
[1.67]
[1.97]
[2.01]
[2.65]
[2.94]
[2.52]
[2.26]
[2.12]
[2.5]
[2.89]
[2.98]
[3.54]
[3.07]
[2.56]
[2.41]
[2.57]
[2.84]
[4.66]
[3.71]
[2.99]
[2.65]
[2.45]
[2.33]
[2.28]
[2.22]
[2.19]
[2.11]
[2.09]
[2.06]
[2.27]
[2.55]
[3.]
[3.19]
[2.98]