0.858244253436211, 0.8759313244648657, 15.79533624090916, 17.629220442347236[9.016918]
[23.067791]
[32.21626]
[28.355938]
[14.7281]
[6.602316]
[6.2824903]
[3.0073037]
[3.101096]
[3.0011046]
[2.7854168]
[2.2947373]
[2.5858054]
[2.9152415]
[2.848156]
[2.8602667]
[2.8369982]
[2.8399673]
[2.8469565]
[2.7855453]
[3.3171508]
[4.3020353]
[4.742284]
[5.0132523]
[4.557513]
[4.949054]
[4.3986955]
[4.482348]
[4.212519]
[6.9955363]
[4.8398733]
[3.5286994]
[2.1968443]
[2.8608897]
[2.4082072]
[1.9109205]
[3.7006338]
[4.8499255]
[8.241129]
[7.5195165]
[9.845]
[4.8553863]
[4.525704]
[7.6916933]
[4.545078]
[4.1892347]
[3.398733]
[3.4916277]
[3.5402255]
[3.6055481]
[3.8628235]
[4.1503444]
[3.6418219]
[3.2779014]
[3.2430923]
[3.192192]
[3.1222105]
[3.1020448]
[2.665733]
[2.6677823]
[3.107368]
[2.5660057]
[1.7625103]
[1.9384423]
[1.4862953]
[1.6270921]
[1.507101]
[1.3362973]
[1.2817771]
[1.1735203]
[0.79833746]
[0.76890165]
[0.5151281]
[0.3773361]
[0.35682067]
[0.32256287]
[0.33102193]
[0.32249394]
[0.34114844]
[0.3261946]
[0.26759213]
[0.2590615]
[0.22068815]
[0.21369502]
[0.20752634]
[0.30673954]
[0.23633915]
[0.4166174]
[0.16793093]
[0.05566859]
[0.14533319]
[0.17171246]
[0.1735522]
[0.1828198]
[0.19377737]
[0.13697617]
[0.17846964]
[0.18164544]
[0.17058185]
[-0.05717497]
[0.4908457]
[0.23427011]
[0.244219]
[0.18692076]
[0.16336074]
[0.1659043]
[0.16792828]
[0.16248462]
[0.16311288]
[0.19688027]
[0.21324171]
[0.21354657]
[0.22095986]
[0.2205874]
[0.2200665]
[0.19009788]
[0.1776969]
[-0.13206866]
[0.45735136]
[0.19746214]
[0.04935013]
[-0.20801212]
[0.07145347]
[-0.0977446]
[-0.02153605]
[-0.0358722]
[-0.01043401]
[0.02958489]
[0.02316835]
[0.05331988]
[0.07474591]
[0.2174686]
[0.21659645]
[0.21698083]
[0.2160159]
[0.19895592]
[0.23296586]
[0.20716847]
[0.20191966]
[0.2039993]
[0.09260513]
[-0.95864564]
[0.7235829]
[-0.09012056]
[-0.6787831]
[-0.8433096]
[-0.69888765]
[-0.61121655]
[-0.64957]
[-0.6482657]
[-0.6695049]
[0.10327639]
[0.2457075]
[0.24543843]
[0.24525817]
[0.29394224]
[0.09170647]
[0.09448595]
[0.85316104]
[0.12608753]
[-0.52748996]
[-0.39358687]
[-0.28393438]
[-0.34985736]
[0.05831287]
[0.01642574]
[0.8223508]
[0.48623708]
[0.10432483]
[0.03260694]
[0.34235594]
[0.45074528]
[0.49622706]
[1.2847197]
[1.4354694]
[0.4161177]
[1.2106212]
[1.0758275]
[0.6207512]
[1.034554]
[0.78048885]
[0.8331095]
[0.7607461]
[0.576359]
[0.82228845]
[0.8328696]
[0.5810776]
[1.2338221]
[1.6027873]
[1.374383]
[1.399128]
[1.6075722]
[1.4307427]
[1.9154165]
[1.2095197]
[1.7152723]
[1.8269567]
[2.5549448]
[3.667223]
[2.675588]
[2.5767233]
[2.0630937]
[1.5174237]
[2.508547]
[2.026038]
[2.349911]
[3.1171484]
[2.8202367]
[2.3818161]
[2.458568]
[2.4106646]
[2.2881393]
[2.2271218]
[2.2396739]
[1.82943]
[1.8262012]
[1.7493618]
[1.4022865]
[1.2613347]
[1.2534388]
[1.2458969]
[1.2752612]
[1.3195368]
[1.2091632]
[1.017775]
[2.0474958]
[0.80042505]
[3.8529289]
[2.275028]
[1.7445079]
[1.8054458]
[2.4088964]
[3.201367]
[2.0485415]
[2.0261135]
[2.8431153]
[3.2384214]
[2.5053859]
[2.792952]
[1.8753067]
[4.055646]
[6.6084933]
[5.233936]
[4.2701354]
[3.5189798]
[3.1545038]
[3.1562257]
[3.0306544]
[2.7753632]
[2.737422]
[2.3480632]
[2.307401]
[2.289148]
[2.1298664]
[3.420412]
[5.951962]
[3.4208653]
[3.093676]
[4.742619][4.3]
[30.92]
[39.25]
[29.7]
[19.45]
[13.74]
[11.15]
[9.61]
[8.47]
[7.25]
[6.36]
[5.68]
[5.17]
[4.9]
[4.63]
[4.43]
[4.25]
[3.5]
[3.25]
[3.48]
[3.45]
[3.34]
[3.16]
[3.03]
[3.19]
[3.24]
[3.07]
[2.9]
[3.01]
[3.39]
[4.09]
[3.93]
[3.38]
[3.37]
[3.68]
[3.86]
[4.88]
[11.97]
[10.98]
[9.57]
[8.25]
[9.26]
[7.3]
[7.03]
[5.94]
[5.1]
[4.59]
[4.19]
[3.92]
[3.62]
[3.37]
[3.17]
[2.96]
[2.64]
[2.49]
[2.4]
[2.35]
[2.23]
[2.07]
[2.05]
[2.27]
[2.12]
[2.14]
[2.13]
[2.16]
[2.18]
[1.91]
[1.59]
[1.35]
[1.24]
[1.21]
[1.]
[0.83]
[0.7]
[0.64]
[0.65]
[0.76]
[0.78]
[0.85]
[0.9]
[0.64]
[0.59]
[0.65]
[0.65]
[0.65]
[0.67]
[0.16]
[0.]
[0.]
[0.]
[0.]
[0.]
[0.]
[0.]
[0.]
[0.]
[0.]
[0.]
[0.]
[0.]
[0.]
[0.]
[0.]
[0.]
[0.]
[0.]
[0.]
[0.]
[0.]
[0.]
[0.34]
[0.66]
[0.71]
[0.71]
[0.77]
[0.78]
[0.81]
[0.78]
[0.67]
[0.75]
[0.8]
[0.82]
[0.81]
[0.81]
[0.81]
[0.8]
[0.8]
[0.81]
[0.82]
[0.82]
[0.83]
[0.83]
[0.83]
[0.83]
[0.83]
[0.82]
[0.76]
[0.76]
[0.77]
[0.78]
[0.85]
[0.83]
[0.81]
[0.77]
[0.8]
[0.81]
[0.87]
[0.85]
[0.8]
[0.84]
[0.86]
[0.86]
[0.86]
[0.86]
[0.86]
[0.87]
[0.87]
[0.94]
[0.92]
[0.89]
[0.87]
[0.84]
[0.81]
[0.84]
[0.86]
[0.88]
[0.85]
[0.85]
[0.86]
[0.86]
[0.87]
[0.91]
[0.92]
[0.92]
[0.87]
[0.87]
[0.89]
[0.96]
[0.93]
[0.87]
[0.86]
[0.86]
[0.87]
[1.26]
[1.7]
[1.51]
[1.47]
[1.34]
[1.36]
[1.36]
[1.36]
[1.36]
[1.36]
[1.24]
[1.29]
[1.47]
[1.67]
[2.26]
[1.83]
[3.23]
[2.92]
[2.42]
[2.19]
[2.03]
[2.01]
[1.91]
[1.87]
[1.85]
[1.98]
[1.97]
[1.87]
[1.81]
[1.81]
[1.78]
[1.72]
[1.72]
[1.72]
[1.7]
[1.63]
[1.62]
[1.62]
[1.64]
[1.62]
[1.61]
[1.62]
[1.67]
[1.97]
[2.01]
[2.65]
[2.94]
[2.52]
[2.26]
[2.12]
[2.5]
[2.89]
[2.98]
[3.54]
[3.07]
[2.56]
[2.41]
[2.57]
[2.84]
[4.66]
[3.71]
[2.99]
[2.65]
[2.45]
[2.33]
[2.28]
[2.22]
[2.19]
[2.11]
[2.09]
[2.06]
[2.27]
[2.55]
[3.]
[3.19]
[2.98]