0.6271462380084694, 0.7178425679862352, 5.81644500194725, 28.59117714153337[13.900712]
[24.016153]
[59.950245]
[22.994555]
[11.394579]
[7.110049]
[4.374898]
[2.239546]
[2.708945]
[3.1961267]
[3.6755118]
[2.7005973]
[3.9438813]
[3.6823552]
[3.7436707]
[3.786226]
[3.7379818]
[3.7245975]
[3.7210371]
[3.6656995]
[2.2199452]
[4.5797806]
[6.179609]
[5.227613]
[5.8939924]
[4.365814]
[4.91503]
[5.11739]
[1.6504805]
[6.036785]
[3.3005157]
[0.07307649]
[5.2453194]
[1.4279016]
[2.5569866]
[2.5195134]
[4.744289]
[9.426967]
[5.502432]
[3.1414878]
[4.820176]
[6.2212415]
[-0.75375104]
[6.3092146]
[5.278753]
[3.0583122]
[3.574056]
[2.5759525]
[2.1254559]
[1.9816052]
[2.3672738]
[2.801657]
[3.644459]
[3.5660977]
[3.5656192]
[3.5651634]
[3.5523396]
[3.5524826]
[3.7833219]
[3.8362753]
[3.7409694]
[2.8838978]
[2.9700685]
[0.82466704]
[1.9305923]
[1.3583602]
[1.5146966]
[1.4949088]
[1.335781]
[1.1356143]
[0.6974363]
[0.681157]
[0.36213642]
[0.2457804]
[0.23004787]
[0.21001092]
[0.22342521]
[0.218301]
[0.17803225]
[0.20968021]
[0.21234438]
[0.18684721]
[0.17554635]
[0.17354226]
[0.17157991]
[0.12499204]
[0.4747288]
[-0.06967669]
[0.17267342]
[0.43761396]
[-0.05411051]
[-0.0795275]
[-0.09524213]
[-0.09248517]
[-0.05776877]
[-0.0850308]
[-0.15478171]
[-0.16034864]
[-0.1549832]
[-0.24560212]
[0.17872281]
[-0.19471513]
[-0.10543226]
[-0.03349698]
[-0.12301313]
[-0.14356303]
[-0.14252388]
[-0.15423033]
[-0.15297909]
[-0.18948752]
[-0.20658062]
[-0.2062201]
[-0.2119885]
[-0.2128898]
[-0.2125929]
[-0.2293573]
[-0.2224119]
[-0.19328363]
[0.10637466]
[-0.01502539]
[-0.10523079]
[-0.18369791]
[-0.15116587]
[0.05311443]
[-0.02970087]
[-0.11884589]
[-0.11356527]
[-0.18782274]
[-0.18304048]
[-0.1602426]
[-0.158493]
[-0.2975813]
[-0.2874866]
[-0.29532272]
[-0.28876963]
[-0.2923855]
[-0.3126597]
[-0.2519007]
[-0.3030634]
[-0.2568102]
[-0.25805083]
[-0.6333464]
[0.6573902]
[0.1299413]
[0.5485144]
[-0.02865111]
[0.19119537]
[0.36189917]
[0.34622562]
[0.32186767]
[0.3661413]
[-0.05594494]
[-0.18523544]
[-0.18613675]
[-0.18535209]
[-0.22407667]
[-0.1446128]
[-0.3551804]
[0.39367172]
[0.7413434]
[1.114232]
[0.5225023]
[1.1341516]
[1.2061988]
[-1.7468374]
[0.58037114]
[1.4954443]
[0.49220031]
[1.6630241]
[1.1622612]
[0.76532626]
[1.1135043]
[1.1486223]
[0.9356112]
[1.0417863]
[1.4485589]
[0.9074359]
[1.8757037]
[1.201125]
[2.023646]
[1.1750201]
[1.9421012]
[1.659112]
[0.98436487]
[0.9925045]
[0.31359416]
[1.3385234]
[1.132577]
[1.8117942]
[1.3543878]
[1.6868352]
[1.6787777]
[2.2547874]
[1.0589955]
[2.3510582]
[1.5892179]
[0.41634566]
[2.6953092]
[6.5146737]
[4.4050717]
[2.9233196]
[2.5289288]
[2.5527704]
[2.166406]
[-0.24577178]
[5.425509]
[4.6602583]
[1.9420575]
[3.3898635]
[2.3599825]
[2.3263648]
[1.89621]
[1.9713713]
[1.8855691]
[1.2087597]
[1.2135684]
[1.084759]
[0.62659186]
[0.83600235]
[0.8215045]
[0.8076216]
[0.8357094]
[0.83987796]
[0.96231717]
[0.84994084]
[1.4492555]
[2.0987756]
[3.994425]
[1.8244886]
[3.1030104]
[1.257577]
[6.004183]
[2.0487888]
[2.4299738]
[0.72026664]
[8.632529]
[4.079725]
[2.6503148]
[3.7935863]
[4.476587]
[2.5606318]
[14.762395]
[8.784086]
[2.7894018]
[5.9991026]
[6.2744136]
[6.292934]
[6.036023]
[4.9818463]
[4.813929]
[2.898218]
[2.9480698]
[2.9758832]
[2.4452438]
[3.4849427]
[7.2483563]
[8.479051]
[1.5486894]
[5.1400537][4.3]
[30.92]
[39.25]
[29.7]
[19.45]
[13.74]
[11.15]
[9.61]
[8.47]
[7.25]
[6.36]
[5.68]
[5.17]
[4.9]
[4.63]
[4.43]
[4.25]
[3.5]
[3.25]
[3.48]
[3.45]
[3.34]
[3.16]
[3.03]
[3.19]
[3.24]
[3.07]
[2.9]
[3.01]
[3.39]
[4.09]
[3.93]
[3.38]
[3.37]
[3.68]
[3.86]
[4.88]
[11.97]
[10.98]
[9.57]
[8.25]
[9.26]
[7.3]
[7.03]
[5.94]
[5.1]
[4.59]
[4.19]
[3.92]
[3.62]
[3.37]
[3.17]
[2.96]
[2.64]
[2.49]
[2.4]
[2.35]
[2.23]
[2.07]
[2.05]
[2.27]
[2.12]
[2.14]
[2.13]
[2.16]
[2.18]
[1.91]
[1.59]
[1.35]
[1.24]
[1.21]
[1.]
[0.83]
[0.7]
[0.64]
[0.65]
[0.76]
[0.78]
[0.85]
[0.9]
[0.64]
[0.59]
[0.65]
[0.65]
[0.65]
[0.67]
[0.16]
[0.]
[0.]
[0.]
[0.]
[0.]
[0.]
[0.]
[0.]
[0.]
[0.]
[0.]
[0.]
[0.]
[0.]
[0.]
[0.]
[0.]
[0.]
[0.]
[0.]
[0.]
[0.]
[0.]
[0.34]
[0.66]
[0.71]
[0.71]
[0.77]
[0.78]
[0.81]
[0.78]
[0.67]
[0.75]
[0.8]
[0.82]
[0.81]
[0.81]
[0.81]
[0.8]
[0.8]
[0.81]
[0.82]
[0.82]
[0.83]
[0.83]
[0.83]
[0.83]
[0.83]
[0.82]
[0.76]
[0.76]
[0.77]
[0.78]
[0.85]
[0.83]
[0.81]
[0.77]
[0.8]
[0.81]
[0.87]
[0.85]
[0.8]
[0.84]
[0.86]
[0.86]
[0.86]
[0.86]
[0.86]
[0.87]
[0.87]
[0.94]
[0.92]
[0.89]
[0.87]
[0.84]
[0.81]
[0.84]
[0.86]
[0.88]
[0.85]
[0.85]
[0.86]
[0.86]
[0.87]
[0.91]
[0.92]
[0.92]
[0.87]
[0.87]
[0.89]
[0.96]
[0.93]
[0.87]
[0.86]
[0.86]
[0.87]
[1.26]
[1.7]
[1.51]
[1.47]
[1.34]
[1.36]
[1.36]
[1.36]
[1.36]
[1.36]
[1.24]
[1.29]
[1.47]
[1.67]
[2.26]
[1.83]
[3.23]
[2.92]
[2.42]
[2.19]
[2.03]
[2.01]
[1.91]
[1.87]
[1.85]
[1.98]
[1.97]
[1.87]
[1.81]
[1.81]
[1.78]
[1.72]
[1.72]
[1.72]
[1.7]
[1.63]
[1.62]
[1.62]
[1.64]
[1.62]
[1.61]
[1.62]
[1.67]
[1.97]
[2.01]
[2.65]
[2.94]
[2.52]
[2.26]
[2.12]
[2.5]
[2.89]
[2.98]
[3.54]
[3.07]
[2.56]
[2.41]
[2.57]
[2.84]
[4.66]
[3.71]
[2.99]
[2.65]
[2.45]
[2.33]
[2.28]
[2.22]
[2.19]
[2.11]
[2.09]
[2.06]
[2.27]
[2.55]
[3.]
[3.19]
[2.98]