0.787672680031364, 0.808360886441108, 6.264577034266491, 21.57574052880071[15.650709]
[34.528084]
[34.50633]
[41.291748]
[6.3775897]
[9.797977]
[6.727479]
[4.3679404]
[4.16075]
[3.8525546]
[2.6737077]
[2.6152976]
[1.9488438]
[2.5682251]
[2.597873]
[2.582816]
[2.5868082]
[2.5867393]
[2.5863998]
[2.5375752]
[1.175264]
[3.9715514]
[4.0114]
[3.5299513]
[3.7309809]
[3.1404574]
[3.370578]
[3.7396123]
[5.8667474]
[6.50965]
[4.6873045]
[2.99629]
[2.9974034]
[4.5447803]
[3.9240894]
[5.244617]
[3.6365128]
[7.2952495]
[6.3950725]
[6.285457]
[5.5482106]
[4.893265]
[5.5793962]
[3.9879978]
[5.6009693]
[4.8965254]
[3.2062213]
[3.5541117]
[3.4596913]
[3.7314844]
[3.3212924]
[3.6298907]
[3.036886]
[2.6142557]
[2.5813792]
[2.5318863]
[2.4819272]
[2.4770868]
[2.5237534]
[2.445159]
[2.8840342]
[2.683768]
[1.6765735]
[1.6174581]
[1.6097863]
[1.7033849]
[1.7750975]
[1.5878367]
[1.2983407]
[1.0947186]
[1.091495]
[1.0320615]
[0.6285443]
[0.49640667]
[0.47848648]
[0.45990884]
[0.49395722]
[0.4511396]
[0.45151073]
[0.45300055]
[0.45942107]
[0.4601103]
[0.46453735]
[0.4652955]
[0.46600065]
[1.0185206]
[0.46395946]
[0.47184858]
[0.49921665]
[0.48885685]
[0.25195503]
[0.24076287]
[0.24248067]
[0.24794155]
[0.2917347]
[0.30685022]
[0.25490287]
[0.21972519]
[0.20490128]
[0.80387586]
[0.19447257]
[0.19076659]
[0.1581285]
[0.12357645]
[0.13214952]
[0.13349088]
[0.12356585]
[0.12450428]
[0.12437173]
[0.14767858]
[0.1312217]
[0.13140726]
[0.12686358]
[0.12727714]
[0.12683707]
[0.12798758]
[0.16437936]
[0.64467245]
[0.16892304]
[0.10430959]
[-0.06003796]
[0.33145604]
[-0.07572078]
[-0.15319116]
[-0.12305555]
[-0.1275621]
[-0.11814605]
[-0.02475956]
[-0.02909646]
[0.04859263]
[0.05824726]
[0.04660974]
[0.04513583]
[0.04820029]
[0.04844417]
[0.0739672]
[0.06986358]
[0.03298933]
[0.04613788]
[0.0441656]
[0.32714033]
[1.0778481]
[0.00651198]
[-0.9922699]
[-0.4584813]
[-0.592342]
[-0.63851035]
[-0.5652496]
[-0.55139065]
[-0.56327736]
[-0.4823714]
[0.12011436]
[0.08407249]
[0.08445422]
[0.08052026]
[0.06973103]
[0.7392041]
[1.7307556]
[0.20354931]
[-0.8368838]
[-0.30839702]
[-0.02181174]
[0.03187064]
[0.09148446]
[-0.10625934]
[-0.09144602]
[-0.03320008]
[0.18957368]
[0.33931863]
[0.29238683]
[0.3209531]
[1.0010086]
[1.0664862]
[1.868932]
[1.8511947]
[0.4878813]
[1.058104]
[2.0303383]
[1.4374343]
[1.2622299]
[1.2883043]
[1.2138189]
[1.2010574]
[0.97176903]
[0.8637866]
[1.4204844]
[0.9590817]
[1.4347038]
[2.5574307]
[2.2900538]
[1.8445408]
[2.075685]
[2.0456607]
[1.9999483]
[2.3559875]
[1.7811999]
[2.0055575]
[4.1780763]
[4.7678976]
[2.8936357]
[2.876474]
[3.1780155]
[2.6117003]
[2.9181674]
[2.694096]
[2.6814246]
[3.1610339]
[2.6644907]
[2.629875]
[2.6143935]
[2.5656378]
[2.2790792]
[2.2604697]
[2.2556767]
[1.6587541]
[1.656453]
[1.5675626]
[1.1228819]
[1.311028]
[1.2955414]
[1.2806963]
[1.3430829]
[1.4019862]
[1.3547151]
[1.1790336]
[2.1494706]
[3.261424]
[2.898137]
[2.9527779]
[2.1680694]
[2.8114734]
[4.097894]
[3.39845]
[2.9460816]
[3.407182]
[5.9460125]
[3.333497]
[2.801034]
[3.130034]
[3.7862048]
[5.840246]
[9.438192]
[4.3534584]
[4.221114]
[3.8597412]
[3.866766]
[3.818843]
[3.7481217]
[3.2934947]
[2.940345]
[2.433564]
[2.3238585]
[2.2426343]
[2.2451792]
[4.3120937]
[4.474558]
[2.477092]
[2.1930199]
[6.8057895][4.3]
[30.92]
[39.25]
[29.7]
[19.45]
[13.74]
[11.15]
[9.61]
[8.47]
[7.25]
[6.36]
[5.68]
[5.17]
[4.9]
[4.63]
[4.43]
[4.25]
[3.5]
[3.25]
[3.48]
[3.45]
[3.34]
[3.16]
[3.03]
[3.19]
[3.24]
[3.07]
[2.9]
[3.01]
[3.39]
[4.09]
[3.93]
[3.38]
[3.37]
[3.68]
[3.86]
[4.88]
[11.97]
[10.98]
[9.57]
[8.25]
[9.26]
[7.3]
[7.03]
[5.94]
[5.1]
[4.59]
[4.19]
[3.92]
[3.62]
[3.37]
[3.17]
[2.96]
[2.64]
[2.49]
[2.4]
[2.35]
[2.23]
[2.07]
[2.05]
[2.27]
[2.12]
[2.14]
[2.13]
[2.16]
[2.18]
[1.91]
[1.59]
[1.35]
[1.24]
[1.21]
[1.]
[0.83]
[0.7]
[0.64]
[0.65]
[0.76]
[0.78]
[0.85]
[0.9]
[0.64]
[0.59]
[0.65]
[0.65]
[0.65]
[0.67]
[0.16]
[0.]
[0.]
[0.]
[0.]
[0.]
[0.]
[0.]
[0.]
[0.]
[0.]
[0.]
[0.]
[0.]
[0.]
[0.]
[0.]
[0.]
[0.]
[0.]
[0.]
[0.]
[0.]
[0.]
[0.34]
[0.66]
[0.71]
[0.71]
[0.77]
[0.78]
[0.81]
[0.78]
[0.67]
[0.75]
[0.8]
[0.82]
[0.81]
[0.81]
[0.81]
[0.8]
[0.8]
[0.81]
[0.82]
[0.82]
[0.83]
[0.83]
[0.83]
[0.83]
[0.83]
[0.82]
[0.76]
[0.76]
[0.77]
[0.78]
[0.85]
[0.83]
[0.81]
[0.77]
[0.8]
[0.81]
[0.87]
[0.85]
[0.8]
[0.84]
[0.86]
[0.86]
[0.86]
[0.86]
[0.86]
[0.87]
[0.87]
[0.94]
[0.92]
[0.89]
[0.87]
[0.84]
[0.81]
[0.84]
[0.86]
[0.88]
[0.85]
[0.85]
[0.86]
[0.86]
[0.87]
[0.91]
[0.92]
[0.92]
[0.87]
[0.87]
[0.89]
[0.96]
[0.93]
[0.87]
[0.86]
[0.86]
[0.87]
[1.26]
[1.7]
[1.51]
[1.47]
[1.34]
[1.36]
[1.36]
[1.36]
[1.36]
[1.36]
[1.24]
[1.29]
[1.47]
[1.67]
[2.26]
[1.83]
[3.23]
[2.92]
[2.42]
[2.19]
[2.03]
[2.01]
[1.91]
[1.87]
[1.85]
[1.98]
[1.97]
[1.87]
[1.81]
[1.81]
[1.78]
[1.72]
[1.72]
[1.72]
[1.7]
[1.63]
[1.62]
[1.62]
[1.64]
[1.62]
[1.61]
[1.62]
[1.67]
[1.97]
[2.01]
[2.65]
[2.94]
[2.52]
[2.26]
[2.12]
[2.5]
[2.89]
[2.98]
[3.54]
[3.07]
[2.56]
[2.41]
[2.57]
[2.84]
[4.66]
[3.71]
[2.99]
[2.65]
[2.45]
[2.33]
[2.28]
[2.22]
[2.19]
[2.11]
[2.09]
[2.06]
[2.27]
[2.55]
[3.]
[3.19]
[2.98]