0.7420170437541523, 0.7904263781872741, 25.646809065073995, 23.782542369402503[6.747944]
[16.612919]
[35.988]
[44.319798]
[18.409412]
[5.6351404]
[6.134449]
[5.5546746]
[4.5909815]
[3.8610306]
[2.9232848]
[3.442562]
[3.4697604]
[2.5874188]
[2.5549982]
[2.5492191]
[2.5465045]
[2.5259495]
[2.549765]
[2.5375445]
[3.5352488]
[3.8519962]
[5.16684]
[4.3407855]
[4.867011]
[4.694261]
[5.3879743]
[4.9070024]
[6.957879]
[4.1183496]
[4.653867]
[5.3109493]
[2.483837]
[2.7506359]
[3.4753804]
[3.881766]
[5.999642]
[6.547112]
[5.254925]
[6.11681]
[6.793753]
[4.3180404]
[6.602272]
[6.0475864]
[5.6671853]
[5.919844]
[4.2004857]
[4.0667415]
[3.805165]
[3.8375063]
[3.8652773]
[3.8783674]
[3.4265823]
[2.9184177]
[2.8849578]
[2.8403428]
[2.7593467]
[2.7442312]
[2.6018982]
[2.7353187]
[3.4041345]
[1.4784821]
[1.2773147]
[0.9306755]
[0.7381765]
[0.9995596]
[0.9142743]
[0.6823297]
[0.49277854]
[0.38781285]
[0.42111632]
[0.35637033]
[0.2018484]
[0.26093733]
[0.27197045]
[0.2963377]
[0.2961521]
[0.31601277]
[0.31503195]
[0.29678303]
[0.22701621]
[0.21669884]
[0.17698811]
[0.16978823]
[0.16341011]
[0.10339337]
[0.09804912]
[0.20709722]
[0.02005385]
[-0.09148844]
[0.05615934]
[-0.00856776]
[-0.01915022]
[-0.04909497]
[-0.05124752]
[-0.03041131]
[-0.15912922]
[-0.2412122]
[-0.28821826]
[-0.6061586]
[-0.3961742]
[-0.26019275]
[-0.46699607]
[-0.5931797]
[-0.5807416]
[-0.6115559]
[-0.61913747]
[-0.6164442]
[-0.62082344]
[-0.51934636]
[-0.5047981]
[-0.50452244]
[-0.5006097]
[-0.50102323]
[-0.50134134]
[-0.49328256]
[-0.50108683]
[-0.6435153]
[-0.33109948]
[-0.56436956]
[-0.71286327]
[-0.94144654]
[-0.64039785]
[-0.8002905]
[-0.86771923]
[-0.928457]
[-0.81629145]
[-0.7065117]
[-0.6998526]
[-0.6707667]
[-0.65669566]
[-0.5533629]
[-0.55186784]
[-0.5509135]
[-0.54985315]
[-0.590603]
[-0.5604462]
[-0.5537659]
[-0.5626199]
[-0.5629911]
[-0.662146]
[0.7740912]
[-0.463921]
[-1.5923314]
[-1.1475288]
[-1.5643165]
[-1.2864898]
[-1.0724018]
[-1.0786368]
[-1.1270319]
[-1.112314]
[-0.7019733]
[-0.61964643]
[-0.6201236]
[-0.6198479]
[-0.6023943]
[-0.82420176]
[1.3920622]
[-0.13178237]
[-1.0717655]
[-1.4209125]
[-1.3949441]
[-1.0726032]
[-1.078976]
[-0.05921087]
[-0.8945465]
[-1.2147772]
[-1.4820956]
[-1.3041555]
[-1.1435843]
[-0.96882516]
[-0.35332477]
[-0.30171672]
[1.5580361]
[0.26621267]
[-0.17445152]
[-0.05767334]
[-0.09702355]
[-0.3884547]
[-0.34863794]
[-0.26687306]
[-0.08461726]
[-0.41203725]
[-0.14584282]
[0.06766432]
[-0.9375974]
[0.11643853]
[0.5625215]
[0.78517467]
[0.30410752]
[0.6912182]
[0.8082323]
[0.680763]
[0.8775856]
[0.7018537]
[0.59887886]
[1.682107]
[4.76762]
[3.6285596]
[2.096933]
[2.0109293]
[2.7511501]
[1.0759165]
[1.5313467]
[3.9552255]
[2.4184732]
[1.9589978]
[1.8952777]
[1.7418904]
[1.4108493]
[1.6329643]
[1.3296146]
[1.3282838]
[1.3411169]
[1.2764452]
[1.2773836]
[1.1787642]
[0.8398763]
[0.7903095]
[0.78129107]
[0.7726809]
[0.8705368]
[0.91319007]
[0.7965232]
[0.6318536]
[1.26643]
[2.1194818]
[3.8526802]
[1.4161988]
[0.9152366]
[3.0922036]
[4.9369183]
[1.6559424]
[2.210228]
[4.1682134]
[7.470731]
[2.005389]
[1.9638252]
[2.6210377]
[2.826969]
[7.4692464]
[9.932277]
[3.6605232]
[3.6493866]
[4.06575]
[3.3462067]
[3.3991268]
[3.282725]
[2.824334]
[2.858727]
[2.058874]
[1.9447253]
[1.8567573]
[1.6574879]
[5.4997425]
[3.4249573]
[2.6611302]
[2.5520265]
[5.874044][4.3]
[30.92]
[39.25]
[29.7]
[19.45]
[13.74]
[11.15]
[9.61]
[8.47]
[7.25]
[6.36]
[5.68]
[5.17]
[4.9]
[4.63]
[4.43]
[4.25]
[3.5]
[3.25]
[3.48]
[3.45]
[3.34]
[3.16]
[3.03]
[3.19]
[3.24]
[3.07]
[2.9]
[3.01]
[3.39]
[4.09]
[3.93]
[3.38]
[3.37]
[3.68]
[3.86]
[4.88]
[11.97]
[10.98]
[9.57]
[8.25]
[9.26]
[7.3]
[7.03]
[5.94]
[5.1]
[4.59]
[4.19]
[3.92]
[3.62]
[3.37]
[3.17]
[2.96]
[2.64]
[2.49]
[2.4]
[2.35]
[2.23]
[2.07]
[2.05]
[2.27]
[2.12]
[2.14]
[2.13]
[2.16]
[2.18]
[1.91]
[1.59]
[1.35]
[1.24]
[1.21]
[1.]
[0.83]
[0.7]
[0.64]
[0.65]
[0.76]
[0.78]
[0.85]
[0.9]
[0.64]
[0.59]
[0.65]
[0.65]
[0.65]
[0.67]
[0.16]
[0.]
[0.]
[0.]
[0.]
[0.]
[0.]
[0.]
[0.]
[0.]
[0.]
[0.]
[0.]
[0.]
[0.]
[0.]
[0.]
[0.]
[0.]
[0.]
[0.]
[0.]
[0.]
[0.]
[0.34]
[0.66]
[0.71]
[0.71]
[0.77]
[0.78]
[0.81]
[0.78]
[0.67]
[0.75]
[0.8]
[0.82]
[0.81]
[0.81]
[0.81]
[0.8]
[0.8]
[0.81]
[0.82]
[0.82]
[0.83]
[0.83]
[0.83]
[0.83]
[0.83]
[0.82]
[0.76]
[0.76]
[0.77]
[0.78]
[0.85]
[0.83]
[0.81]
[0.77]
[0.8]
[0.81]
[0.87]
[0.85]
[0.8]
[0.84]
[0.86]
[0.86]
[0.86]
[0.86]
[0.86]
[0.87]
[0.87]
[0.94]
[0.92]
[0.89]
[0.87]
[0.84]
[0.81]
[0.84]
[0.86]
[0.88]
[0.85]
[0.85]
[0.86]
[0.86]
[0.87]
[0.91]
[0.92]
[0.92]
[0.87]
[0.87]
[0.89]
[0.96]
[0.93]
[0.87]
[0.86]
[0.86]
[0.87]
[1.26]
[1.7]
[1.51]
[1.47]
[1.34]
[1.36]
[1.36]
[1.36]
[1.36]
[1.36]
[1.24]
[1.29]
[1.47]
[1.67]
[2.26]
[1.83]
[3.23]
[2.92]
[2.42]
[2.19]
[2.03]
[2.01]
[1.91]
[1.87]
[1.85]
[1.98]
[1.97]
[1.87]
[1.81]
[1.81]
[1.78]
[1.72]
[1.72]
[1.72]
[1.7]
[1.63]
[1.62]
[1.62]
[1.64]
[1.62]
[1.61]
[1.62]
[1.67]
[1.97]
[2.01]
[2.65]
[2.94]
[2.52]
[2.26]
[2.12]
[2.5]
[2.89]
[2.98]
[3.54]
[3.07]
[2.56]
[2.41]
[2.57]
[2.84]
[4.66]
[3.71]
[2.99]
[2.65]
[2.45]
[2.33]
[2.28]
[2.22]
[2.19]
[2.11]
[2.09]
[2.06]
[2.27]
[2.55]
[3.]
[3.19]
[2.98]