0.7624414151572576, 0.7892521449804263, -25.500067945727174, 22.821707579522794[8.836959]
[15.282914]
[38.88647]
[26.154598]
[11.543062]
[6.8437614]
[5.6017246]
[6.1427345]
[6.3316097]
[5.9588137]
[5.8204308]
[5.4697485]
[3.9906828]
[4.437908]
[4.508712]
[4.4816036]
[4.478287]
[4.4813147]
[4.4910064]
[4.4546385]
[4.650907]
[6.3685555]
[5.737343]
[6.1035404]
[6.270567]
[5.710338]
[5.391321]
[6.2141156]
[5.4873533]
[7.938375]
[6.274787]
[5.2211084]
[4.0698686]
[3.6093962]
[3.66813]
[2.663695]
[3.4265518]
[6.8838778]
[6.096585]
[5.4502616]
[4.5709286]
[6.5557365]
[5.471615]
[7.3471413]
[7.405485]
[6.2981734]
[5.542362]
[5.8400526]
[5.7313414]
[5.7923784]
[5.671619]
[5.731156]
[5.5459466]
[5.004921]
[4.970488]
[4.9291787]
[4.8279724]
[4.8136783]
[4.666184]
[4.55988]
[4.532745]
[4.128835]
[3.245672]
[2.7901967]
[2.6533723]
[2.7027721]
[2.78569]
[2.6278892]
[2.4981108]
[2.2888687]
[1.90175]
[1.8702121]
[1.480241]
[1.3000847]
[1.2758288]
[1.2347025]
[1.2471803]
[1.2542742]
[1.2546003]
[1.2320278]
[1.2125965]
[1.2045377]
[1.1838076]
[1.1801599]
[1.1768781]
[1.241009]
[1.3274316]
[1.3722161]
[1.0643148]
[1.1213334]
[0.87470275]
[0.8640089]
[0.85895896]
[0.84977615]
[0.8494448]
[0.8823268]
[0.8490392]
[0.8062481]
[0.8016196]
[0.82627314]
[0.9070147]
[0.8149802]
[0.799756]
[0.65757674]
[0.68024737]
[0.6842317]
[0.6786754]
[0.67776614]
[0.67949456]
[0.68871707]
[0.683288]
[0.6833993]
[0.6815198]
[0.68167096]
[0.6813634]
[0.6686841]
[0.6755632]
[0.82145643]
[0.87266153]
[0.6796774]
[0.70358604]
[0.53195775]
[0.72415715]
[0.5913622]
[0.7220364]
[0.62726885]
[0.63368934]
[0.62426]
[0.623881]
[0.6298535]
[0.63051355]
[0.6349618]
[0.63391995]
[0.6351898]
[0.63379276]
[0.63479745]
[0.6310862]
[0.62741464]
[0.64027685]
[0.6284379]
[0.7179726]
[0.5880485]
[1.5506839]
[0.8217984]
[1.4787114]
[0.64083624]
[0.8825653]
[0.79615074]
[0.8068207]
[0.8183734]
[0.8180898]
[0.89121795]
[0.89734954]
[0.8975324]
[0.8960585]
[0.8950697]
[1.2319297]
[1.5908664]
[1.0674561]
[0.4185012]
[1.7044502]
[1.4934293]
[1.2883915]
[1.176621]
[0.03152304]
[1.053735]
[1.9976443]
[1.6659298]
[1.02585]
[1.3425577]
[1.4342529]
[1.8187339]
[1.8400128]
[2.0397832]
[2.9298894]
[1.8330648]
[2.688823]
[0.95446086]
[2.7536407]
[2.3430321]
[2.7477582]
[1.9856277]
[2.1507294]
[1.8273997]
[1.5485075]
[2.356186]
[2.2110457]
[2.2396147]
[2.414387]
[3.316059]
[2.527162]
[2.9710157]
[2.6015496]
[2.4182837]
[2.7766426]
[3.2424457]
[3.1986792]
[2.2846856]
[5.381325]
[3.7387795]
[4.558899]
[2.3824565]
[4.829483]
[3.8599503]
[2.2914479]
[6.202494]
[4.3952312]
[4.1590424]
[3.5318277]
[3.893402]
[3.8299658]
[3.3560083]
[3.3697243]
[3.3705354]
[2.8839066]
[2.8820643]
[2.7724357]
[2.3572543]
[2.378101]
[2.3669248]
[2.3562603]
[2.3649075]
[2.394391]
[2.4750612]
[2.2532191]
[3.2502315]
[3.9203646]
[3.9347963]
[3.0315309]
[3.1893559]
[0.9405276]
[5.5214415]
[3.6142924]
[3.3684332]
[-0.60367733]
[6.2696786]
[3.928919]
[4.711743]
[3.5644844]
[3.8708375]
[3.577283]
[8.944594]
[5.632144]
[6.3786607]
[4.6664624]
[5.0124574]
[5.066377]
[5.0180745]
[4.5904818]
[4.4043717]
[3.4585166]
[3.5264676]
[3.5599937]
[3.5090272]
[3.6266882]
[5.9519744]
[4.5449896]
[4.440716]
[1.7167982][4.3]
[30.92]
[39.25]
[29.7]
[19.45]
[13.74]
[11.15]
[9.61]
[8.47]
[7.25]
[6.36]
[5.68]
[5.17]
[4.9]
[4.63]
[4.43]
[4.25]
[3.5]
[3.25]
[3.48]
[3.45]
[3.34]
[3.16]
[3.03]
[3.19]
[3.24]
[3.07]
[2.9]
[3.01]
[3.39]
[4.09]
[3.93]
[3.38]
[3.37]
[3.68]
[3.86]
[4.88]
[11.97]
[10.98]
[9.57]
[8.25]
[9.26]
[7.3]
[7.03]
[5.94]
[5.1]
[4.59]
[4.19]
[3.92]
[3.62]
[3.37]
[3.17]
[2.96]
[2.64]
[2.49]
[2.4]
[2.35]
[2.23]
[2.07]
[2.05]
[2.27]
[2.12]
[2.14]
[2.13]
[2.16]
[2.18]
[1.91]
[1.59]
[1.35]
[1.24]
[1.21]
[1.]
[0.83]
[0.7]
[0.64]
[0.65]
[0.76]
[0.78]
[0.85]
[0.9]
[0.64]
[0.59]
[0.65]
[0.65]
[0.65]
[0.67]
[0.16]
[0.]
[0.]
[0.]
[0.]
[0.]
[0.]
[0.]
[0.]
[0.]
[0.]
[0.]
[0.]
[0.]
[0.]
[0.]
[0.]
[0.]
[0.]
[0.]
[0.]
[0.]
[0.]
[0.]
[0.34]
[0.66]
[0.71]
[0.71]
[0.77]
[0.78]
[0.81]
[0.78]
[0.67]
[0.75]
[0.8]
[0.82]
[0.81]
[0.81]
[0.81]
[0.8]
[0.8]
[0.81]
[0.82]
[0.82]
[0.83]
[0.83]
[0.83]
[0.83]
[0.83]
[0.82]
[0.76]
[0.76]
[0.77]
[0.78]
[0.85]
[0.83]
[0.81]
[0.77]
[0.8]
[0.81]
[0.87]
[0.85]
[0.8]
[0.84]
[0.86]
[0.86]
[0.86]
[0.86]
[0.86]
[0.87]
[0.87]
[0.94]
[0.92]
[0.89]
[0.87]
[0.84]
[0.81]
[0.84]
[0.86]
[0.88]
[0.85]
[0.85]
[0.86]
[0.86]
[0.87]
[0.91]
[0.92]
[0.92]
[0.87]
[0.87]
[0.89]
[0.96]
[0.93]
[0.87]
[0.86]
[0.86]
[0.87]
[1.26]
[1.7]
[1.51]
[1.47]
[1.34]
[1.36]
[1.36]
[1.36]
[1.36]
[1.36]
[1.24]
[1.29]
[1.47]
[1.67]
[2.26]
[1.83]
[3.23]
[2.92]
[2.42]
[2.19]
[2.03]
[2.01]
[1.91]
[1.87]
[1.85]
[1.98]
[1.97]
[1.87]
[1.81]
[1.81]
[1.78]
[1.72]
[1.72]
[1.72]
[1.7]
[1.63]
[1.62]
[1.62]
[1.64]
[1.62]
[1.61]
[1.62]
[1.67]
[1.97]
[2.01]
[2.65]
[2.94]
[2.52]
[2.26]
[2.12]
[2.5]
[2.89]
[2.98]
[3.54]
[3.07]
[2.56]
[2.41]
[2.57]
[2.84]
[4.66]
[3.71]
[2.99]
[2.65]
[2.45]
[2.33]
[2.28]
[2.22]
[2.19]
[2.11]
[2.09]
[2.06]
[2.27]
[2.55]
[3.]
[3.19]
[2.98]