0.7203191568953732, 0.7293845829012451, 14.848076613352237, 24.76247965188474[10.526107]
[19.03476]
[25.810251]
[36.293217]
[5.225185]
[8.878532]
[3.6557891]
[4.0986724]
[4.4360943]
[4.076394]
[3.9944015]
[3.2538652]
[2.7088897]
[2.2228258]
[2.1925788]
[2.1895409]
[2.188157]
[2.1885545]
[2.1888409]
[2.1952987]
[2.9756753]
[3.7454433]
[3.9399674]
[4.064873]
[3.870678]
[3.9638443]
[4.291031]
[4.217102]
[5.030528]
[5.6346426]
[5.4497867]
[3.9647615]
[2.8415124]
[2.630139]
[2.4730723]
[2.3800728]
[2.3505096]
[5.780623]
[6.069926]
[4.3876357]
[3.2397544]
[4.724029]
[4.8218822]
[5.661589]
[4.9389176]
[4.1861105]
[4.2462544]
[4.1003957]
[4.017125]
[3.9475703]
[3.7065065]
[3.6856863]
[3.37695]
[3.2727742]
[3.251466]
[3.2210388]
[3.1633656]
[3.1382296]
[2.805667]
[2.7765439]
[2.8768253]
[3.1776674]
[1.7753351]
[2.164426]
[2.0803442]
[1.995446]
[1.7803241]
[1.5070729]
[1.472049]
[1.304914]
[0.743943]
[0.7047306]
[0.39851263]
[0.25893655]
[0.23781405]
[0.20119959]
[0.21491544]
[0.21163361]
[0.20392475]
[0.2081768]
[0.217121]
[0.21865323]
[0.22483517]
[0.22588493]
[0.22687638]
[0.4186596]
[0.40749392]
[0.30463836]
[0.3660813]
[0.3516126]
[0.06062149]
[0.07900825]
[0.07893933]
[0.0832126]
[0.07792667]
[0.05029352]
[0.06510154]
[0.07334589]
[0.07475088]
[0.17847595]
[0.08461229]
[0.002805]
[-0.0558283]
[-0.05185193]
[-0.06556247]
[-0.08091658]
[-0.07725831]
[-0.08038639]
[-0.0806939]
[-0.04371892]
[-0.03601005]
[-0.03602066]
[-0.03230937]
[-0.03216092]
[-0.03261688]
[-0.10376748]
[-0.09851866]
[-0.07698262]
[0.11938171]
[-0.14853616]
[-0.18606253]
[-0.33475775]
[-0.1709099]
[-0.29029658]
[-0.19246715]
[-0.21190366]
[-0.19967765]
[-0.17078266]
[-0.17765382]
[-0.16903305]
[-0.16613825]
[-0.10485966]
[-0.11213377]
[-0.10917535]
[-0.10762721]
[-0.1379537]
[-0.08895416]
[-0.13408336]
[-0.11144453]
[-0.11503918]
[-0.14771968]
[0.01277775]
[-0.47450346]
[-0.47347492]
[0.21819197]
[-0.11841114]
[0.07639445]
[0.05470995]
[0.08575748]
[0.09949453]
[0.13507514]
[0.37507853]
[0.29022267]
[0.2917496]
[0.28863212]
[0.25014082]
[0.14037167]
[0.58880866]
[0.6108139]
[-0.59035915]
[0.34994254]
[0.56175077]
[0.5592801]
[0.52846587]
[-0.05184133]
[0.26804775]
[0.68231446]
[0.450513]
[0.9722505]
[1.0768132]
[1.1038314]
[1.260999]
[1.2913519]
[1.1402019]
[2.3901834]
[0.9151285]
[1.8039968]
[0.99174005]
[1.9909872]
[1.2064829]
[1.3419579]
[1.3045641]
[1.4178113]
[1.3972878]
[1.2603097]
[2.0952106]
[1.3247641]
[1.4047104]
[1.6080463]
[3.0911176]
[1.55357]
[2.2772543]
[2.143929]
[1.8420374]
[2.3946502]
[2.2236104]
[1.5550864]
[2.3112204]
[8.464305]
[1.7706324]
[3.0329165]
[2.0794137]
[3.2707489]
[2.5028472]
[1.8512971]
[5.592602]
[2.7455175]
[3.1566482]
[2.970294]
[2.7931652]
[2.6409123]
[2.5512478]
[2.5311697]
[2.5200305]
[1.9755906]
[1.9745038]
[1.884362]
[1.4710469]
[1.5224854]
[1.5122846]
[1.502508]
[1.5395201]
[1.5573343]
[1.5147128]
[1.3456109]
[1.3760885]
[2.4374626]
[3.19291]
[0.9545954]
[2.4205523]
[1.1180403]
[5.5859904]
[2.1548483]
[1.933889]
[0.7625577]
[8.564724]
[2.0986912]
[2.8688064]
[2.7251186]
[2.32983]
[2.97848]
[11.025366]
[3.2300706]
[3.7881496]
[3.7412388]
[3.6208475]
[3.618088]
[3.5709016]
[3.286323]
[3.1291184]
[2.199031]
[2.0887847]
[2.0217166]
[1.8828721]
[1.7360644]
[4.08071]
[3.0309603]
[2.89952]
[2.6733596][4.3]
[30.92]
[39.25]
[29.7]
[19.45]
[13.74]
[11.15]
[9.61]
[8.47]
[7.25]
[6.36]
[5.68]
[5.17]
[4.9]
[4.63]
[4.43]
[4.25]
[3.5]
[3.25]
[3.48]
[3.45]
[3.34]
[3.16]
[3.03]
[3.19]
[3.24]
[3.07]
[2.9]
[3.01]
[3.39]
[4.09]
[3.93]
[3.38]
[3.37]
[3.68]
[3.86]
[4.88]
[11.97]
[10.98]
[9.57]
[8.25]
[9.26]
[7.3]
[7.03]
[5.94]
[5.1]
[4.59]
[4.19]
[3.92]
[3.62]
[3.37]
[3.17]
[2.96]
[2.64]
[2.49]
[2.4]
[2.35]
[2.23]
[2.07]
[2.05]
[2.27]
[2.12]
[2.14]
[2.13]
[2.16]
[2.18]
[1.91]
[1.59]
[1.35]
[1.24]
[1.21]
[1.]
[0.83]
[0.7]
[0.64]
[0.65]
[0.76]
[0.78]
[0.85]
[0.9]
[0.64]
[0.59]
[0.65]
[0.65]
[0.65]
[0.67]
[0.16]
[0.]
[0.]
[0.]
[0.]
[0.]
[0.]
[0.]
[0.]
[0.]
[0.]
[0.]
[0.]
[0.]
[0.]
[0.]
[0.]
[0.]
[0.]
[0.]
[0.]
[0.]
[0.]
[0.]
[0.34]
[0.66]
[0.71]
[0.71]
[0.77]
[0.78]
[0.81]
[0.78]
[0.67]
[0.75]
[0.8]
[0.82]
[0.81]
[0.81]
[0.81]
[0.8]
[0.8]
[0.81]
[0.82]
[0.82]
[0.83]
[0.83]
[0.83]
[0.83]
[0.83]
[0.82]
[0.76]
[0.76]
[0.77]
[0.78]
[0.85]
[0.83]
[0.81]
[0.77]
[0.8]
[0.81]
[0.87]
[0.85]
[0.8]
[0.84]
[0.86]
[0.86]
[0.86]
[0.86]
[0.86]
[0.87]
[0.87]
[0.94]
[0.92]
[0.89]
[0.87]
[0.84]
[0.81]
[0.84]
[0.86]
[0.88]
[0.85]
[0.85]
[0.86]
[0.86]
[0.87]
[0.91]
[0.92]
[0.92]
[0.87]
[0.87]
[0.89]
[0.96]
[0.93]
[0.87]
[0.86]
[0.86]
[0.87]
[1.26]
[1.7]
[1.51]
[1.47]
[1.34]
[1.36]
[1.36]
[1.36]
[1.36]
[1.36]
[1.24]
[1.29]
[1.47]
[1.67]
[2.26]
[1.83]
[3.23]
[2.92]
[2.42]
[2.19]
[2.03]
[2.01]
[1.91]
[1.87]
[1.85]
[1.98]
[1.97]
[1.87]
[1.81]
[1.81]
[1.78]
[1.72]
[1.72]
[1.72]
[1.7]
[1.63]
[1.62]
[1.62]
[1.64]
[1.62]
[1.61]
[1.62]
[1.67]
[1.97]
[2.01]
[2.65]
[2.94]
[2.52]
[2.26]
[2.12]
[2.5]
[2.89]
[2.98]
[3.54]
[3.07]
[2.56]
[2.41]
[2.57]
[2.84]
[4.66]
[3.71]
[2.99]
[2.65]
[2.45]
[2.33]
[2.28]
[2.22]
[2.19]
[2.11]
[2.09]
[2.06]
[2.27]
[2.55]
[3.]
[3.19]
[2.98]