0.7352272572155641, 0.7660679500333781, 27.28540028327012, 24.093473112893047[6.1446953]
[19.32812]
[45.96012]
[14.098495]
[11.089208]
[9.440317]
[5.005688]
[3.1944993]
[2.979145]
[2.6199324]
[1.7617089]
[3.3781583]
[2.9082735]
[2.751541]
[2.810062]
[2.7794724]
[2.7860665]
[2.775981]
[2.7925775]
[2.6305683]
[0.8006777]
[4.9566913]
[4.8559136]
[5.0072136]
[4.961926]
[4.5852327]
[5.464667]
[5.749465]
[5.782635]
[8.355199]
[3.636925]
[5.275496]
[4.250303]
[4.7193146]
[3.8565345]
[5.9374356]
[4.8436203]
[12.421927]
[7.3287344]
[6.4187818]
[10.707953]
[5.0521965]
[8.561232]
[7.5705013]
[4.351757]
[3.4609327]
[2.7437496]
[2.822162]
[3.0098546]
[3.288193]
[3.599272]
[3.6032906]
[3.7106602]
[2.5639043]
[2.4896915]
[2.3971663]
[2.1698864]
[2.1225352]
[2.4457004]
[1.9378228]
[0.8425376]
[2.0355914]
[1.2316827]
[0.14364313]
[0.14364313]
[0.14364313]
[0.14364313]
[0.14364313]
[0.14364313]
[0.14364313]
[0.14364313]
[0.14364313]
[0.14364313]
[0.14364313]
[0.14364313]
[0.14364313]
[0.14364313]
[0.14364313]
[0.14364313]
[0.14364313]
[0.14364313]
[0.14364313]
[0.14364313]
[0.14364313]
[0.14364313]
[0.14364313]
[0.14364313]
[0.14364313]
[0.14364313]
[0.14364313]
[0.14364313]
[0.14364313]
[0.14364313]
[0.14364313]
[0.14364313]
[0.14364313]
[0.14364313]
[0.14364313]
[0.14364313]
[0.14364313]
[0.14364313]
[0.14364313]
[0.14364313]
[0.14364313]
[0.14364313]
[0.14364313]
[0.14364313]
[0.14364313]
[0.14364313]
[0.14364313]
[0.14364313]
[0.14364313]
[0.14364313]
[0.14364313]
[0.14364313]
[0.14364313]
[0.14364313]
[0.14364313]
[0.14364313]
[0.14364313]
[0.14364313]
[0.14364313]
[0.14364313]
[0.14364313]
[0.14364313]
[0.14364313]
[0.14364313]
[0.14364313]
[0.14364313]
[0.14364313]
[0.14364313]
[0.14364313]
[0.14364313]
[0.14364313]
[0.14364313]
[0.14364313]
[0.14364313]
[0.14364313]
[0.14364313]
[0.14364313]
[0.14364313]
[0.14364313]
[0.14364313]
[0.14364313]
[0.14364313]
[0.14364313]
[0.14364313]
[0.14364313]
[0.14364313]
[0.14364313]
[0.14364313]
[0.14364313]
[0.14364313]
[0.14364313]
[0.14364313]
[0.14364313]
[0.14364313]
[0.14364313]
[-1.8212115]
[0.14364313]
[0.14364313]
[0.14364313]
[0.14364313]
[0.14364313]
[0.14364313]
[0.14364313]
[0.14364313]
[0.14364313]
[0.14364313]
[0.14364313]
[0.14364313]
[0.14364313]
[0.14364313]
[0.14364313]
[2.671438]
[0.14364313]
[0.14364313]
[0.14364313]
[0.14364313]
[0.14364313]
[0.14364313]
[0.14364313]
[0.14364313]
[0.14364313]
[0.14364313]
[0.14364313]
[0.14364313]
[0.14364313]
[0.14364313]
[1.7448195]
[0.2632494]
[0.14364313]
[0.14364313]
[0.14364313]
[0.14364313]
[1.2900294]
[0.14364313]
[0.14364313]
[6.5166144]
[3.4490457]
[0.25966483]
[0.14364313]
[1.4433833]
[0.9852461]
[0.14364313]
[4.7618995]
[3.2748601]
[0.14364313]
[1.0576358]
[1.3713111]
[1.4479746]
[0.54823804]
[0.64714956]
[0.6156746]
[0.14364313]
[0.14364313]
[0.14364313]
[0.14364313]
[0.14364313]
[0.14364313]
[0.14364313]
[0.14364313]
[0.14364313]
[0.14364313]
[0.14364313]
[0.14364313]
[0.14364313]
[2.745524]
[1.8104539]
[0.14364313]
[0.14364313]
[2.8888094]
[1.96876]
[0.14364313]
[1.0952159]
[6.2639217]
[3.5275671]
[0.48692772]
[0.15332744]
[0.14364313]
[2.4775133]
[9.679451]
[6.044408]
[3.9369564]
[4.0584664]
[3.5024083]
[3.7745423]
[3.5637488]
[3.0940828]
[2.7220502]
[0.99708205]
[0.9296504]
[0.8645925]
[0.75969744]
[1.0360712]
[6.6549406]
[4.961087]
[1.4578574]
[0.34008548][4.3]
[30.92]
[39.25]
[29.7]
[19.45]
[13.74]
[11.15]
[9.61]
[8.47]
[7.25]
[6.36]
[5.68]
[5.17]
[4.9]
[4.63]
[4.43]
[4.25]
[3.5]
[3.25]
[3.48]
[3.45]
[3.34]
[3.16]
[3.03]
[3.19]
[3.24]
[3.07]
[2.9]
[3.01]
[3.39]
[4.09]
[3.93]
[3.38]
[3.37]
[3.68]
[3.86]
[4.88]
[11.97]
[10.98]
[9.57]
[8.25]
[9.26]
[7.3]
[7.03]
[5.94]
[5.1]
[4.59]
[4.19]
[3.92]
[3.62]
[3.37]
[3.17]
[2.96]
[2.64]
[2.49]
[2.4]
[2.35]
[2.23]
[2.07]
[2.05]
[2.27]
[2.12]
[2.14]
[2.13]
[2.16]
[2.18]
[1.91]
[1.59]
[1.35]
[1.24]
[1.21]
[1.]
[0.83]
[0.7]
[0.64]
[0.65]
[0.76]
[0.78]
[0.85]
[0.9]
[0.64]
[0.59]
[0.65]
[0.65]
[0.65]
[0.67]
[0.16]
[0.]
[0.]
[0.]
[0.]
[0.]
[0.]
[0.]
[0.]
[0.]
[0.]
[0.]
[0.]
[0.]
[0.]
[0.]
[0.]
[0.]
[0.]
[0.]
[0.]
[0.]
[0.]
[0.]
[0.34]
[0.66]
[0.71]
[0.71]
[0.77]
[0.78]
[0.81]
[0.78]
[0.67]
[0.75]
[0.8]
[0.82]
[0.81]
[0.81]
[0.81]
[0.8]
[0.8]
[0.81]
[0.82]
[0.82]
[0.83]
[0.83]
[0.83]
[0.83]
[0.83]
[0.82]
[0.76]
[0.76]
[0.77]
[0.78]
[0.85]
[0.83]
[0.81]
[0.77]
[0.8]
[0.81]
[0.87]
[0.85]
[0.8]
[0.84]
[0.86]
[0.86]
[0.86]
[0.86]
[0.86]
[0.87]
[0.87]
[0.94]
[0.92]
[0.89]
[0.87]
[0.84]
[0.81]
[0.84]
[0.86]
[0.88]
[0.85]
[0.85]
[0.86]
[0.86]
[0.87]
[0.91]
[0.92]
[0.92]
[0.87]
[0.87]
[0.89]
[0.96]
[0.93]
[0.87]
[0.86]
[0.86]
[0.87]
[1.26]
[1.7]
[1.51]
[1.47]
[1.34]
[1.36]
[1.36]
[1.36]
[1.36]
[1.36]
[1.24]
[1.29]
[1.47]
[1.67]
[2.26]
[1.83]
[3.23]
[2.92]
[2.42]
[2.19]
[2.03]
[2.01]
[1.91]
[1.87]
[1.85]
[1.98]
[1.97]
[1.87]
[1.81]
[1.81]
[1.78]
[1.72]
[1.72]
[1.72]
[1.7]
[1.63]
[1.62]
[1.62]
[1.64]
[1.62]
[1.61]
[1.62]
[1.67]
[1.97]
[2.01]
[2.65]
[2.94]
[2.52]
[2.26]
[2.12]
[2.5]
[2.89]
[2.98]
[3.54]
[3.07]
[2.56]
[2.41]
[2.57]
[2.84]
[4.66]
[3.71]
[2.99]
[2.65]
[2.45]
[2.33]
[2.28]
[2.22]
[2.19]
[2.11]
[2.09]
[2.06]
[2.27]
[2.55]
[3.]
[3.19]
[2.98]