0.7979871609585522, 0.8009376421505272, -8.474590355117813, 21.04516124886228[17.334387]
[25.861385]
[36.824863]
[18.580862]
[19.094286]
[8.028552]
[8.594203]
[5.988225]
[6.9094934]
[6.280789]
[4.51682]
[4.163026]
[3.779592]
[3.5635707]
[3.5341032]
[3.5245798]
[3.5164633]
[3.521622]
[3.525]
[3.5403886]
[4.7808657]
[4.9011445]
[7.5313125]
[5.100861]
[5.8596535]
[4.5861864]
[4.7413497]
[4.95652]
[9.798788]
[8.826635]
[6.7261996]
[4.0328255]
[3.5158756]
[3.3695304]
[3.4716742]
[2.9642608]
[2.7382796]
[3.6196742]
[6.1069064]
[4.202907]
[3.657013]
[4.8583784]
[4.264975]
[7.2666507]
[5.148688]
[4.996881]
[4.6215634]
[4.3575335]
[4.345322]
[4.329922]
[4.184359]
[4.11037]
[3.6900275]
[3.2019382]
[3.1355617]
[3.0254467]
[2.9832726]
[2.9731522]
[2.9987798]
[2.991332]
[3.115982]
[3.1482172]
[2.857448]
[2.2161655]
[2.3992817]
[2.2753103]
[2.061612]
[1.8607671]
[1.7298782]
[1.5825826]
[1.2781613]
[1.2497753]
[1.0609943]
[0.9847181]
[0.9760549]
[0.9610838]
[0.9619514]
[0.973005]
[0.96474075]
[0.96154445]
[0.9230465]
[0.91244286]
[0.8835459]
[0.8783262]
[0.87364995]
[0.8736586]
[1.0088786]
[0.9732436]
[0.81369287]
[0.83050036]
[0.7096212]
[0.66964936]
[0.65986747]
[0.6421958]
[0.6349747]
[0.5358443]
[0.4426136]
[0.3833285]
[0.35820246]
[0.3602788]
[0.4033575]
[0.41021675]
[0.31754467]
[0.2809627]
[0.27090314]
[0.25903034]
[0.25615078]
[0.2554178]
[0.2548187]
[0.24646235]
[0.23418793]
[0.2344411]
[0.23010354]
[0.22993587]
[0.22980398]
[0.19460511]
[0.2018852]
[0.32867125]
[0.26214847]
[0.32218975]
[0.2564722]
[0.37821156]
[0.2861035]
[0.28469452]
[0.29562956]
[0.27263948]
[0.25572664]
[0.27185878]
[0.27313057]
[0.24912718]
[0.24318913]
[0.20019259]
[0.20180832]
[0.20060347]
[0.20126355]
[0.22055493]
[0.20518956]
[0.22186647]
[0.20619492]
[0.21559176]
[0.295159]
[0.5479902]
[0.5727378]
[0.65502095]
[0.61510277]
[0.5758036]
[0.73019165]
[0.6724123]
[0.6954169]
[0.6771097]
[0.6801523]
[0.61647195]
[0.56182534]
[0.56128454]
[0.56116724]
[0.5432358]
[0.94288397]
[1.289095]
[1.2044605]
[0.78544205]
[0.77421147]
[1.1754284]
[1.1011616]
[1.043135]
[1.2960815]
[1.5685062]
[1.9643987]
[1.0794168]
[1.1203668]
[1.1522878]
[1.2023861]
[1.5315822]
[1.5619234]
[2.262953]
[1.6845349]
[1.9056989]
[1.4970727]
[2.3174498]
[2.3540788]
[2.3227053]
[1.8570141]
[1.8576477]
[1.8666251]
[1.6487614]
[2.026173]
[1.9501103]
[2.033235]
[1.8843484]
[2.6564987]
[2.0017622]
[2.3465893]
[2.0022686]
[2.2514672]
[2.6336863]
[2.585421]
[2.3674257]
[2.5399778]
[3.331615]
[3.8617327]
[2.6181533]
[2.3485193]
[2.275081]
[4.20456]
[2.6603878]
[2.306461]
[5.6788397]
[3.1749518]
[2.7077265]
[3.0021386]
[2.8257413]
[2.8085382]
[2.6575577]
[2.6627789]
[2.6583962]
[2.2956653]
[2.293282]
[2.2425792]
[2.0538235]
[1.9128172]
[1.9079992]
[1.9033633]
[1.936753]
[1.9962786]
[1.9037683]
[1.7427702]
[2.3786907]
[2.437512]
[2.4909463]
[1.8424221]
[2.1745503]
[2.4067001]
[4.344214]
[2.5225718]
[2.0039802]
[2.7683434]
[6.9093437]
[2.8722649]
[3.3455184]
[3.0213935]
[2.5143056]
[3.5963295]
[9.880062]
[3.7641776]
[4.208409]
[3.6103396]
[3.679394]
[3.7181816]
[3.6799037]
[3.4131784]
[3.341412]
[2.8867414]
[2.7938972]
[2.7188191]
[2.6614673]
[2.8641067]
[5.956049]
[4.1018553]
[2.633962]
[4.934527][4.3]
[30.92]
[39.25]
[29.7]
[19.45]
[13.74]
[11.15]
[9.61]
[8.47]
[7.25]
[6.36]
[5.68]
[5.17]
[4.9]
[4.63]
[4.43]
[4.25]
[3.5]
[3.25]
[3.48]
[3.45]
[3.34]
[3.16]
[3.03]
[3.19]
[3.24]
[3.07]
[2.9]
[3.01]
[3.39]
[4.09]
[3.93]
[3.38]
[3.37]
[3.68]
[3.86]
[4.88]
[11.97]
[10.98]
[9.57]
[8.25]
[9.26]
[7.3]
[7.03]
[5.94]
[5.1]
[4.59]
[4.19]
[3.92]
[3.62]
[3.37]
[3.17]
[2.96]
[2.64]
[2.49]
[2.4]
[2.35]
[2.23]
[2.07]
[2.05]
[2.27]
[2.12]
[2.14]
[2.13]
[2.16]
[2.18]
[1.91]
[1.59]
[1.35]
[1.24]
[1.21]
[1.]
[0.83]
[0.7]
[0.64]
[0.65]
[0.76]
[0.78]
[0.85]
[0.9]
[0.64]
[0.59]
[0.65]
[0.65]
[0.65]
[0.67]
[0.16]
[0.]
[0.]
[0.]
[0.]
[0.]
[0.]
[0.]
[0.]
[0.]
[0.]
[0.]
[0.]
[0.]
[0.]
[0.]
[0.]
[0.]
[0.]
[0.]
[0.]
[0.]
[0.]
[0.]
[0.34]
[0.66]
[0.71]
[0.71]
[0.77]
[0.78]
[0.81]
[0.78]
[0.67]
[0.75]
[0.8]
[0.82]
[0.81]
[0.81]
[0.81]
[0.8]
[0.8]
[0.81]
[0.82]
[0.82]
[0.83]
[0.83]
[0.83]
[0.83]
[0.83]
[0.82]
[0.76]
[0.76]
[0.77]
[0.78]
[0.85]
[0.83]
[0.81]
[0.77]
[0.8]
[0.81]
[0.87]
[0.85]
[0.8]
[0.84]
[0.86]
[0.86]
[0.86]
[0.86]
[0.86]
[0.87]
[0.87]
[0.94]
[0.92]
[0.89]
[0.87]
[0.84]
[0.81]
[0.84]
[0.86]
[0.88]
[0.85]
[0.85]
[0.86]
[0.86]
[0.87]
[0.91]
[0.92]
[0.92]
[0.87]
[0.87]
[0.89]
[0.96]
[0.93]
[0.87]
[0.86]
[0.86]
[0.87]
[1.26]
[1.7]
[1.51]
[1.47]
[1.34]
[1.36]
[1.36]
[1.36]
[1.36]
[1.36]
[1.24]
[1.29]
[1.47]
[1.67]
[2.26]
[1.83]
[3.23]
[2.92]
[2.42]
[2.19]
[2.03]
[2.01]
[1.91]
[1.87]
[1.85]
[1.98]
[1.97]
[1.87]
[1.81]
[1.81]
[1.78]
[1.72]
[1.72]
[1.72]
[1.7]
[1.63]
[1.62]
[1.62]
[1.64]
[1.62]
[1.61]
[1.62]
[1.67]
[1.97]
[2.01]
[2.65]
[2.94]
[2.52]
[2.26]
[2.12]
[2.5]
[2.89]
[2.98]
[3.54]
[3.07]
[2.56]
[2.41]
[2.57]
[2.84]
[4.66]
[3.71]
[2.99]
[2.65]
[2.45]
[2.33]
[2.28]
[2.22]
[2.19]
[2.11]
[2.09]
[2.06]
[2.27]
[2.55]
[3.]
[3.19]
[2.98]