0.7705639608730732, 0.8081292738499211, 13.111144129260802, 22.428157121146008[11.1087055]
[18.994564]
[46.193897]
[40.30287]
[9.187194]
[6.890623]
[6.6307464]
[6.709189]
[5.963425]
[5.944186]
[4.7340517]
[3.635202]
[3.4354017]
[3.1802382]
[3.1415496]
[3.1177177]
[3.1254995]
[3.1208048]
[3.1284473]
[3.1115212]
[1.8917617]
[5.3263116]
[2.550332]
[5.1793265]
[4.776452]
[5.035253]
[4.7231274]
[5.489996]
[6.7698274]
[7.6270633]
[5.5745673]
[6.307554]
[2.687893]
[2.5670965]
[3.2074885]
[1.8456622]
[4.3293715]
[6.258161]
[5.172586]
[5.2628818]
[4.683969]
[5.8819814]
[5.378145]
[6.5277615]
[6.428608]
[6.050263]
[5.0413303]
[4.4722342]
[4.473246]
[4.400225]
[4.287621]
[4.1714673]
[4.0167212]
[3.0489702]
[2.914223]
[2.6937952]
[2.6936362]
[2.7298563]
[2.7874687]
[2.5781853]
[1.8491668]
[3.4945283]
[2.5787625]
[1.7353191]
[1.9464686]
[1.7911886]
[1.4411098]
[1.255942]
[1.064681]
[0.81419724]
[0.52531755]
[0.46306342]
[0.14825383]
[-0.00979779]
[-0.03357121]
[-0.06830882]
[-0.04919041]
[-0.041068]
[-0.06216929]
[-0.05722799]
[-0.11060684]
[-0.11443476]
[-0.14156955]
[-0.14627758]
[-0.1503706]
[-0.04872385]
[0.05891397]
[0.08207238]
[-0.10687435]
[-0.25152957]
[-0.53519887]
[-0.57676524]
[-0.5909317]
[-0.6114392]
[-0.61300856]
[-0.5230364]
[-0.53347045]
[-0.5596827]
[-0.56295925]
[-0.66576177]
[-0.2807957]
[-0.25765848]
[-0.4769105]
[-0.5533841]
[-0.49735436]
[-0.5364819]
[-0.5306923]
[-0.534902]
[-0.53976905]
[-0.5125494]
[-0.5138749]
[-0.5137901]
[-0.5156351]
[-0.51444745]
[-0.5149671]
[-0.55404156]
[-0.5631183]
[-0.55231315]
[-0.09998197]
[-0.253926]
[-0.8467982]
[-1.0893252]
[-0.51399153]
[-0.56210035]
[-0.79758656]
[-0.8668391]
[-0.696979]
[-0.6581908]
[-0.65263444]
[-0.6013021]
[-0.5928616]
[-0.5625351]
[-0.5592798]
[-0.562779]
[-0.55970395]
[-0.5709862]
[-0.55451876]
[-0.5439893]
[-0.58288354]
[-0.56234425]
[-0.55983114]
[-1.003022]
[0.30565068]
[-0.02444145]
[-0.85514325]
[-1.5213716]
[-0.67133933]
[-0.6183104]
[-0.532145]
[-0.5485701]
[-0.51910245]
[-0.33332625]
[-0.28140008]
[-0.2813365]
[-0.2842525]
[-0.27063736]
[-0.2334291]
[0.20106937]
[2.0914433]
[0.20759858]
[-1.3667914]
[-0.4063855]
[0.08373318]
[-0.0320973]
[-1.1946621]
[-0.7502942]
[0.81513035]
[-0.45155713]
[-0.13618289]
[0.29101497]
[0.2951146]
[0.7476566]
[0.77383304]
[1.8798617]
[2.767926]
[2.099575]
[0.24300024]
[0.19924024]
[1.1906962]
[1.8625512]
[1.5805123]
[1.435368]
[1.4069952]
[0.92038894]
[0.96865153]
[1.4102174]
[1.3557941]
[1.0769083]
[1.3847712]
[2.7489038]
[2.4391732]
[1.4720302]
[1.749426]
[1.6943294]
[1.3569591]
[2.8644414]
[2.1693366]
[3.3477955]
[5.9749007]
[3.6906512]
[2.7320824]
[1.7627164]
[3.6676452]
[3.0676076]
[2.5495746]
[3.3937292]
[3.9378278]
[2.4177167]
[2.4909544]
[2.6370277]
[2.5459323]
[2.3480864]
[2.321124]
[2.3253477]
[1.1944407]
[1.1982793]
[1.0662106]
[0.81684417]
[0.69927466]
[0.69058496]
[0.6831054]
[0.5881456]
[0.68003565]
[1.0112518]
[0.82338]
[1.4104546]
[2.1728106]
[4.0736933]
[1.9808218]
[1.6384387]
[1.8616526]
[3.7730117]
[2.746977]
[2.4034748]
[3.4955378]
[5.2448697]
[3.6937234]
[2.9627109]
[2.5796585]
[2.077734]
[5.666184]
[7.655697]
[5.0980387]
[4.7102704]
[3.9980779]
[3.5004294]
[3.4645278]
[3.413886]
[3.1127732]
[3.0688694]
[2.4299135]
[1.9945297]
[1.5637637]
[1.6536921]
[2.3889875]
[5.9097414]
[5.048155]
[2.2749848]
[4.964993][4.3]
[30.92]
[39.25]
[29.7]
[19.45]
[13.74]
[11.15]
[9.61]
[8.47]
[7.25]
[6.36]
[5.68]
[5.17]
[4.9]
[4.63]
[4.43]
[4.25]
[3.5]
[3.25]
[3.48]
[3.45]
[3.34]
[3.16]
[3.03]
[3.19]
[3.24]
[3.07]
[2.9]
[3.01]
[3.39]
[4.09]
[3.93]
[3.38]
[3.37]
[3.68]
[3.86]
[4.88]
[11.97]
[10.98]
[9.57]
[8.25]
[9.26]
[7.3]
[7.03]
[5.94]
[5.1]
[4.59]
[4.19]
[3.92]
[3.62]
[3.37]
[3.17]
[2.96]
[2.64]
[2.49]
[2.4]
[2.35]
[2.23]
[2.07]
[2.05]
[2.27]
[2.12]
[2.14]
[2.13]
[2.16]
[2.18]
[1.91]
[1.59]
[1.35]
[1.24]
[1.21]
[1.]
[0.83]
[0.7]
[0.64]
[0.65]
[0.76]
[0.78]
[0.85]
[0.9]
[0.64]
[0.59]
[0.65]
[0.65]
[0.65]
[0.67]
[0.16]
[0.]
[0.]
[0.]
[0.]
[0.]
[0.]
[0.]
[0.]
[0.]
[0.]
[0.]
[0.]
[0.]
[0.]
[0.]
[0.]
[0.]
[0.]
[0.]
[0.]
[0.]
[0.]
[0.]
[0.34]
[0.66]
[0.71]
[0.71]
[0.77]
[0.78]
[0.81]
[0.78]
[0.67]
[0.75]
[0.8]
[0.82]
[0.81]
[0.81]
[0.81]
[0.8]
[0.8]
[0.81]
[0.82]
[0.82]
[0.83]
[0.83]
[0.83]
[0.83]
[0.83]
[0.82]
[0.76]
[0.76]
[0.77]
[0.78]
[0.85]
[0.83]
[0.81]
[0.77]
[0.8]
[0.81]
[0.87]
[0.85]
[0.8]
[0.84]
[0.86]
[0.86]
[0.86]
[0.86]
[0.86]
[0.87]
[0.87]
[0.94]
[0.92]
[0.89]
[0.87]
[0.84]
[0.81]
[0.84]
[0.86]
[0.88]
[0.85]
[0.85]
[0.86]
[0.86]
[0.87]
[0.91]
[0.92]
[0.92]
[0.87]
[0.87]
[0.89]
[0.96]
[0.93]
[0.87]
[0.86]
[0.86]
[0.87]
[1.26]
[1.7]
[1.51]
[1.47]
[1.34]
[1.36]
[1.36]
[1.36]
[1.36]
[1.36]
[1.24]
[1.29]
[1.47]
[1.67]
[2.26]
[1.83]
[3.23]
[2.92]
[2.42]
[2.19]
[2.03]
[2.01]
[1.91]
[1.87]
[1.85]
[1.98]
[1.97]
[1.87]
[1.81]
[1.81]
[1.78]
[1.72]
[1.72]
[1.72]
[1.7]
[1.63]
[1.62]
[1.62]
[1.64]
[1.62]
[1.61]
[1.62]
[1.67]
[1.97]
[2.01]
[2.65]
[2.94]
[2.52]
[2.26]
[2.12]
[2.5]
[2.89]
[2.98]
[3.54]
[3.07]
[2.56]
[2.41]
[2.57]
[2.84]
[4.66]
[3.71]
[2.99]
[2.65]
[2.45]
[2.33]
[2.28]
[2.22]
[2.19]
[2.11]
[2.09]
[2.06]
[2.27]
[2.55]
[3.]
[3.19]
[2.98]