0.8276777863363562, 0.8281860424545636, 2.699366992419463, 19.437186604667318[3.416894]
[19.680826]
[31.692347]
[40.321873]
[16.534935]
[7.39123]
[6.6423683]
[5.6524124]
[5.4063077]
[4.999117]
[3.7386744]
[3.4199054]
[3.2666626]
[3.0772798]
[3.1031258]
[3.118547]
[3.0811155]
[3.0726116]
[3.07842]
[3.03694]
[2.4232125]
[3.8056257]
[6.320985]
[4.8145113]
[5.797996]
[4.615998]
[4.5515003]
[4.831057]
[6.735974]
[6.3844357]
[6.0690827]
[2.764331]
[3.77086]
[3.9535942]
[3.7952762]
[3.836107]
[3.5000498]
[6.2338877]
[6.583343]
[5.3372087]
[6.360894]
[5.2792315]
[6.145154]
[6.8100257]
[5.99871]
[4.6389303]
[3.553743]
[3.5362287]
[3.3796127]
[3.378738]
[3.4728532]
[3.7291405]
[4.0583615]
[4.0371056]
[4.037297]
[4.0330024]
[3.8954978]
[3.8690536]
[3.4646647]
[3.2311628]
[2.4863622]
[2.9379056]
[2.2815435]
[1.5579811]
[1.2840818]
[1.3057274]
[1.2111844]
[1.0900438]
[0.9785045]
[0.89059085]
[0.52206737]
[0.5048346]
[0.35025948]
[0.303296]
[0.29782385]
[0.29226074]
[0.29647353]
[0.29883784]
[0.2966813]
[0.28344843]
[0.29107445]
[0.2960885]
[0.29859757]
[0.29905784]
[0.2994994]
[0.3168967]
[0.37456226]
[0.4704151]
[0.3095732]
[0.33837044]
[0.27743962]
[0.27317396]
[0.27648497]
[0.27701747]
[0.31630108]
[0.24657401]
[0.26753366]
[0.26565713]
[0.27396843]
[0.3199214]
[0.4741938]
[0.50452524]
[0.45433447]
[0.32113948]
[0.35976103]
[0.36361694]
[0.3644003]
[0.36586112]
[0.364227]
[0.34416205]
[0.33628783]
[0.33659402]
[0.3340685]
[0.33346277]
[0.33359465]
[0.3037362]
[0.29154515]
[0.34797305]
[0.60806906]
[0.47733414]
[0.23967235]
[0.27469543]
[0.44088405]
[0.25747573]
[0.20564817]
[0.18452004]
[0.2472036]
[0.29729664]
[0.29278445]
[0.29910606]
[0.30976507]
[0.30197087]
[0.30562797]
[0.30522338]
[0.30177388]
[0.29995948]
[0.3043968]
[0.3196109]
[0.3186458]
[0.29054028]
[0.25705093]
[0.63175863]
[0.9518083]
[0.15389962]
[0.09836359]
[-0.39950374]
[0.04115714]
[0.3102898]
[0.18534315]
[0.25067797]
[0.24851216]
[0.4066221]
[0.3890124]
[0.3885639]
[0.3887776]
[0.3730731]
[0.16094775]
[0.58873624]
[2.177332]
[0.91271424]
[-0.23662081]
[-0.3638542]
[0.42326555]
[0.35447112]
[0.07196444]
[0.9930488]
[0.1255398]
[1.2930022]
[0.06048696]
[0.48379013]
[0.734989]
[0.8199696]
[0.8453339]
[1.740831]
[2.6465485]
[1.5072854]
[1.3816899]
[0.21438393]
[2.1087763]
[1.6543632]
[1.4468635]
[0.65530014]
[0.97005767]
[0.80874807]
[1.1011693]
[1.339345]
[1.0083431]
[1.4609768]
[0.8619167]
[2.5370445]
[1.3644271]
[1.3675605]
[0.973542]
[1.6992177]
[2.4054377]
[1.8851708]
[2.9236655]
[3.836541]
[5.847888]
[3.0155163]
[3.0492904]
[3.168481]
[3.5582335]
[2.3886812]
[2.4791672]
[5.292402]
[3.3049448]
[2.392411]
[2.0519876]
[2.0720503]
[2.0381074]
[1.7857627]
[1.7946825]
[1.792249]
[1.7212676]
[1.7129219]
[1.672154]
[1.1006606]
[1.0319521]
[1.0314578]
[1.0284821]
[1.0481688]
[1.0578963]
[0.98196214]
[1.0024145]
[0.5583465]
[3.2644386]
[2.8459766]
[3.1366374]
[1.7619879]
[2.6503782]
[4.788393]
[3.6120608]
[3.5179753]
[2.1612244]
[5.520548]
[2.9993832]
[2.826233]
[2.9865592]
[3.9336288]
[4.379357]
[7.427511]
[5.698612]
[4.9468346]
[3.7798266]
[3.9411633]
[3.9530542]
[3.849054]
[3.2268505]
[3.0853965]
[2.5486467]
[2.5072155]
[2.5162764]
[2.3127046]
[3.643249]
[5.220202]
[4.4455485]
[3.2941456]
[6.4496303][4.3]
[30.92]
[39.25]
[29.7]
[19.45]
[13.74]
[11.15]
[9.61]
[8.47]
[7.25]
[6.36]
[5.68]
[5.17]
[4.9]
[4.63]
[4.43]
[4.25]
[3.5]
[3.25]
[3.48]
[3.45]
[3.34]
[3.16]
[3.03]
[3.19]
[3.24]
[3.07]
[2.9]
[3.01]
[3.39]
[4.09]
[3.93]
[3.38]
[3.37]
[3.68]
[3.86]
[4.88]
[11.97]
[10.98]
[9.57]
[8.25]
[9.26]
[7.3]
[7.03]
[5.94]
[5.1]
[4.59]
[4.19]
[3.92]
[3.62]
[3.37]
[3.17]
[2.96]
[2.64]
[2.49]
[2.4]
[2.35]
[2.23]
[2.07]
[2.05]
[2.27]
[2.12]
[2.14]
[2.13]
[2.16]
[2.18]
[1.91]
[1.59]
[1.35]
[1.24]
[1.21]
[1.]
[0.83]
[0.7]
[0.64]
[0.65]
[0.76]
[0.78]
[0.85]
[0.9]
[0.64]
[0.59]
[0.65]
[0.65]
[0.65]
[0.67]
[0.16]
[0.]
[0.]
[0.]
[0.]
[0.]
[0.]
[0.]
[0.]
[0.]
[0.]
[0.]
[0.]
[0.]
[0.]
[0.]
[0.]
[0.]
[0.]
[0.]
[0.]
[0.]
[0.]
[0.]
[0.34]
[0.66]
[0.71]
[0.71]
[0.77]
[0.78]
[0.81]
[0.78]
[0.67]
[0.75]
[0.8]
[0.82]
[0.81]
[0.81]
[0.81]
[0.8]
[0.8]
[0.81]
[0.82]
[0.82]
[0.83]
[0.83]
[0.83]
[0.83]
[0.83]
[0.82]
[0.76]
[0.76]
[0.77]
[0.78]
[0.85]
[0.83]
[0.81]
[0.77]
[0.8]
[0.81]
[0.87]
[0.85]
[0.8]
[0.84]
[0.86]
[0.86]
[0.86]
[0.86]
[0.86]
[0.87]
[0.87]
[0.94]
[0.92]
[0.89]
[0.87]
[0.84]
[0.81]
[0.84]
[0.86]
[0.88]
[0.85]
[0.85]
[0.86]
[0.86]
[0.87]
[0.91]
[0.92]
[0.92]
[0.87]
[0.87]
[0.89]
[0.96]
[0.93]
[0.87]
[0.86]
[0.86]
[0.87]
[1.26]
[1.7]
[1.51]
[1.47]
[1.34]
[1.36]
[1.36]
[1.36]
[1.36]
[1.36]
[1.24]
[1.29]
[1.47]
[1.67]
[2.26]
[1.83]
[3.23]
[2.92]
[2.42]
[2.19]
[2.03]
[2.01]
[1.91]
[1.87]
[1.85]
[1.98]
[1.97]
[1.87]
[1.81]
[1.81]
[1.78]
[1.72]
[1.72]
[1.72]
[1.7]
[1.63]
[1.62]
[1.62]
[1.64]
[1.62]
[1.61]
[1.62]
[1.67]
[1.97]
[2.01]
[2.65]
[2.94]
[2.52]
[2.26]
[2.12]
[2.5]
[2.89]
[2.98]
[3.54]
[3.07]
[2.56]
[2.41]
[2.57]
[2.84]
[4.66]
[3.71]
[2.99]
[2.65]
[2.45]
[2.33]
[2.28]
[2.22]
[2.19]
[2.11]
[2.09]
[2.06]
[2.27]
[2.55]
[3.]
[3.19]
[2.98]