0.8519574070488949, 0.8761016371426587, 19.41171537401905, 18.015906247203635[5.221368]
[20.155949]
[45.722294]
[35.706482]
[14.500869]
[9.135559]
[7.771725]
[5.7819796]
[5.076178]
[4.7163844]
[3.9285822]
[2.432143]
[2.2676842]
[2.6873164]
[2.7405427]
[2.735115]
[2.7031276]
[2.72418]
[2.716854]
[2.7046342]
[2.6442006]
[4.2136927]
[5.061748]
[4.048792]
[4.140521]
[3.7482648]
[3.8028803]
[3.9495833]
[6.498551]
[7.0210657]
[5.3716044]
[4.5800276]
[4.0319386]
[3.4200885]
[3.8048341]
[3.2590296]
[2.4857738]
[6.666331]
[6.9555354]
[7.050894]
[6.4423046]
[6.8111067]
[6.6497693]
[8.1839695]
[7.608616]
[5.959068]
[3.8381734]
[3.7426388]
[3.4278493]
[3.1543865]
[2.9129353]
[3.302586]
[3.156543]
[2.8925848]
[2.8888059]
[2.891405]
[2.9477377]
[2.9696715]
[2.7065282]
[2.432131]
[2.4671252]
[2.007469]
[1.7904463]
[0.67015964]
[1.1237879]
[1.3006258]
[1.5622554]
[1.3698771]
[1.1809356]
[1.0511281]
[0.6727774]
[0.6456215]
[0.28368917]
[0.07516143]
[0.04686821]
[-0.00033932]
[0.00540124]
[-0.00634099]
[0.00738943]
[0.01326121]
[0.01589622]
[0.01829265]
[0.02539976]
[0.02655688]
[0.02770075]
[0.26007745]
[-0.11762647]
[0.19101974]
[0.20242001]
[0.07997683]
[-0.28065783]
[-0.2719204]
[-0.26619443]
[-0.26132736]
[-0.26212263]
[-0.22700329]
[-0.21722671]
[-0.23407593]
[-0.24614291]
[-0.21715248]
[-0.3681699]
[-0.12757272]
[-0.12016074]
[-0.25729796]
[-0.24422364]
[-0.25095698]
[-0.2654734]
[-0.26271644]
[-0.26245135]
[-0.24458417]
[-0.24976936]
[-0.24974816]
[-0.25144473]
[-0.25204915]
[-0.2513599]
[-0.28931043]
[-0.28440094]
[0.08954266]
[-0.2527808]
[0.09411152]
[-0.17186423]
[0.01321084]
[-0.28131527]
[-0.1665624]
[-0.2091255]
[-0.39981124]
[-0.39353386]
[-0.40890917]
[-0.4043284]
[-0.33771616]
[-0.32835314]
[-0.35383373]
[-0.3442268]
[-0.3462521]
[-0.34721705]
[-0.3234012]
[-0.37924013]
[-0.32629603]
[-0.34680352]
[-0.3415653]
[-0.18468405]
[-2.0192773]
[-0.24462658]
[-0.5191343]
[-0.23462732]
[-0.27459255]
[-0.41659683]
[-0.41020283]
[-0.339487]
[-0.40820935]
[-0.40337408]
[-0.26343748]
[-0.2860445]
[-0.28700945]
[-0.29004207]
[-0.31392154]
[0.3822582]
[-1.3069973]
[-0.60261697]
[0.15451662]
[-0.5445407]
[-0.43221605]
[-0.41951284]
[-0.3549365]
[-1.4275504]
[-1.4404657]
[-0.8031429]
[0.20067571]
[-0.14134687]
[-0.31851292]
[-0.3687001]
[0.3455059]
[0.4004342]
[0.82350063]
[0.9085599]
[1.568601]
[0.26068318]
[1.656962]
[1.1510597]
[1.0830067]
[0.77832234]
[0.63549364]
[0.38335434]
[0.14411709]
[0.8211214]
[0.20916793]
[0.846543]
[1.3515632]
[1.9996818]
[1.4624763]
[2.5246162]
[1.3746063]
[1.440628]
[1.9384735]
[1.4704952]
[1.6008209]
[2.6974297]
[3.4295802]
[2.259567]
[3.7703145]
[1.7756581]
[0.8967786]
[0.39375257]
[1.8589089]
[1.7163916]
[2.9147313]
[3.2633631]
[1.8788868]
[2.2836964]
[1.9918748]
[2.1664715]
[1.8422545]
[1.8655388]
[1.8484]
[1.0469265]
[1.0515603]
[0.8886833]
[0.4095918]
[0.68502206]
[0.6655709]
[0.64688593]
[0.71085656]
[0.75678104]
[0.9725921]
[0.95945686]
[1.6827449]
[4.622255]
[2.7955148]
[2.9222863]
[1.9579371]
[2.676893]
[4.4734144]
[2.3028612]
[2.382848]
[0.50027835]
[4.607401]
[3.7059946]
[1.761546]
[2.208383]
[1.9763618]
[4.840701]
[7.3374476]
[5.2461505]
[2.5108223]
[3.1288345]
[2.5538526]
[2.6538498]
[2.5812385]
[2.3028493]
[2.434578]
[1.7254835]
[1.8422532]
[1.9095991]
[1.7604499]
[1.3638144]
[6.577704]
[3.0506463]
[1.2883812]
[4.9382677][4.3]
[30.92]
[39.25]
[29.7]
[19.45]
[13.74]
[11.15]
[9.61]
[8.47]
[7.25]
[6.36]
[5.68]
[5.17]
[4.9]
[4.63]
[4.43]
[4.25]
[3.5]
[3.25]
[3.48]
[3.45]
[3.34]
[3.16]
[3.03]
[3.19]
[3.24]
[3.07]
[2.9]
[3.01]
[3.39]
[4.09]
[3.93]
[3.38]
[3.37]
[3.68]
[3.86]
[4.88]
[11.97]
[10.98]
[9.57]
[8.25]
[9.26]
[7.3]
[7.03]
[5.94]
[5.1]
[4.59]
[4.19]
[3.92]
[3.62]
[3.37]
[3.17]
[2.96]
[2.64]
[2.49]
[2.4]
[2.35]
[2.23]
[2.07]
[2.05]
[2.27]
[2.12]
[2.14]
[2.13]
[2.16]
[2.18]
[1.91]
[1.59]
[1.35]
[1.24]
[1.21]
[1.]
[0.83]
[0.7]
[0.64]
[0.65]
[0.76]
[0.78]
[0.85]
[0.9]
[0.64]
[0.59]
[0.65]
[0.65]
[0.65]
[0.67]
[0.16]
[0.]
[0.]
[0.]
[0.]
[0.]
[0.]
[0.]
[0.]
[0.]
[0.]
[0.]
[0.]
[0.]
[0.]
[0.]
[0.]
[0.]
[0.]
[0.]
[0.]
[0.]
[0.]
[0.]
[0.34]
[0.66]
[0.71]
[0.71]
[0.77]
[0.78]
[0.81]
[0.78]
[0.67]
[0.75]
[0.8]
[0.82]
[0.81]
[0.81]
[0.81]
[0.8]
[0.8]
[0.81]
[0.82]
[0.82]
[0.83]
[0.83]
[0.83]
[0.83]
[0.83]
[0.82]
[0.76]
[0.76]
[0.77]
[0.78]
[0.85]
[0.83]
[0.81]
[0.77]
[0.8]
[0.81]
[0.87]
[0.85]
[0.8]
[0.84]
[0.86]
[0.86]
[0.86]
[0.86]
[0.86]
[0.87]
[0.87]
[0.94]
[0.92]
[0.89]
[0.87]
[0.84]
[0.81]
[0.84]
[0.86]
[0.88]
[0.85]
[0.85]
[0.86]
[0.86]
[0.87]
[0.91]
[0.92]
[0.92]
[0.87]
[0.87]
[0.89]
[0.96]
[0.93]
[0.87]
[0.86]
[0.86]
[0.87]
[1.26]
[1.7]
[1.51]
[1.47]
[1.34]
[1.36]
[1.36]
[1.36]
[1.36]
[1.36]
[1.24]
[1.29]
[1.47]
[1.67]
[2.26]
[1.83]
[3.23]
[2.92]
[2.42]
[2.19]
[2.03]
[2.01]
[1.91]
[1.87]
[1.85]
[1.98]
[1.97]
[1.87]
[1.81]
[1.81]
[1.78]
[1.72]
[1.72]
[1.72]
[1.7]
[1.63]
[1.62]
[1.62]
[1.64]
[1.62]
[1.61]
[1.62]
[1.67]
[1.97]
[2.01]
[2.65]
[2.94]
[2.52]
[2.26]
[2.12]
[2.5]
[2.89]
[2.98]
[3.54]
[3.07]
[2.56]
[2.41]
[2.57]
[2.84]
[4.66]
[3.71]
[2.99]
[2.65]
[2.45]
[2.33]
[2.28]
[2.22]
[2.19]
[2.11]
[2.09]
[2.06]
[2.27]
[2.55]
[3.]
[3.19]
[2.98]