0.728308860473058, 0.7522915381061565, 17.04748202218203, 24.40621929908681[3.4868333]
[27.161625]
[19.174133]
[24.87821]
[5.3036203]
[7.6317515]
[7.1644254]
[6.1698527]
[6.207661]
[5.375618]
[3.1011384]
[3.0492241]
[3.1086352]
[2.0636604]
[2.0510142]
[2.0564518]
[2.0316088]
[2.0096273]
[2.033241]
[1.9933606]
[1.4852489]
[3.558583]
[4.124785]
[4.7292094]
[4.629548]
[4.445346]
[4.767022]
[5.390817]
[4.823664]
[8.306661]
[4.9541874]
[3.1639497]
[3.5581193]
[2.8556893]
[2.5634928]
[2.5296934]
[3.4529407]
[4.446149]
[5.6939316]
[4.1963596]
[6.335285]
[5.774671]
[4.6752415]
[5.119731]
[6.4856024]
[5.1331697]
[4.7973895]
[4.5167704]
[4.4986796]
[4.3203454]
[3.9873934]
[4.039491]
[3.5481267]
[2.993276]
[2.9562247]
[2.9034164]
[2.8974657]
[2.9240656]
[2.6647995]
[2.6113324]
[2.44602]
[3.5010238]
[2.4014766]
[1.3701872]
[1.3332301]
[1.7383127]
[1.7993733]
[1.4696953]
[1.3934828]
[1.2131032]
[0.74749285]
[0.71639234]
[0.39571956]
[0.25455958]
[0.23702376]
[0.20742694]
[0.21848258]
[0.23788862]
[0.21331462]
[0.21062195]
[0.21714851]
[0.20243658]
[0.15928827]
[0.15149193]
[0.14451604]
[0.29489526]
[0.45450097]
[0.25773072]
[0.05657255]
[0.00655505]
[-0.16698654]
[-0.21381232]
[-0.21533926]
[-0.2244054]
[-0.23954743]
[-0.26437062]
[-0.27685112]
[-0.3016213]
[-0.30182275]
[-0.35133126]
[-0.14073186]
[0.00772345]
[-0.19198999]
[-0.31070864]
[-0.21507417]
[-0.23867792]
[-0.23506208]
[-0.22776675]
[-0.2316689]
[-0.22160602]
[-0.23907027]
[-0.23894301]
[-0.24773346]
[-0.24683215]
[-0.24697]
[-0.30058214]
[-0.3022575]
[-0.28745478]
[-0.01371054]
[-0.15653132]
[-0.365063]
[-0.69162416]
[-0.2967542]
[-0.4222592]
[-0.32139713]
[-0.522273]
[-0.35215837]
[-0.40848503]
[-0.40816692]
[-0.3291696]
[-0.3233058]
[-0.32493874]
[-0.32580826]
[-0.326243]
[-0.32562798]
[-0.32873487]
[-0.32096237]
[-0.32611576]
[-0.33415332]
[-0.35088593]
[-0.3015895]
[1.7538106]
[0.23371542]
[-0.31715566]
[0.49413815]
[-1.1974826]
[-0.07109758]
[0.15022346]
[0.21960856]
[0.14456972]
[0.1894186]
[-0.01101721]
[-0.05651754]
[-0.05530872]
[-0.05837318]
[-0.09192318]
[-0.01297889]
[2.6840346]
[1.253814]
[0.04461095]
[0.16701835]
[-0.6426034]
[0.6297822]
[0.4942488]
[-0.49241304]
[-0.25062826]
[0.6487522]
[0.36443806]
[-0.26774257]
[-0.01689164]
[0.39028582]
[0.9085752]
[0.99067336]
[2.169192]
[2.6324623]
[1.0380837]
[1.0751674]
[0.32893965]
[1.2319995]
[1.2249813]
[1.2098094]
[0.75723964]
[1.0938292]
[1.0046238]
[0.5992238]
[1.3607671]
[1.2732763]
[0.8115337]
[1.8267227]
[3.3170707]
[2.3867168]
[1.5709239]
[1.4708922]
[1.5294045]
[2.6515303]
[2.979031]
[1.4612681]
[4.1601815]
[5.4727044]
[4.2670364]
[2.6674297]
[1.0054098]
[3.5137196]
[3.6968458]
[1.2399755]
[5.4699326]
[3.6994476]
[2.5298042]
[2.2947838]
[2.9373574]
[2.886341]
[2.4042692]
[2.4102385]
[2.4340875]
[1.6660633]
[1.6680561]
[1.5517843]
[1.1452967]
[1.1886975]
[1.1766167]
[1.1650308]
[1.1306623]
[1.1489682]
[1.330552]
[1.1407458]
[2.0999434]
[4.0546165]
[3.867898]
[2.4586098]
[2.0123777]
[0.4777462]
[4.5604706]
[2.8900716]
[1.7165811]
[2.7539313]
[5.8220425]
[3.6406436]
[2.9640276]
[2.158546]
[2.690878]
[5.9243884]
[6.847425]
[4.6902204]
[4.4345393]
[2.8491104]
[3.5754528]
[3.6591873]
[3.638273]
[3.175195]
[3.0661032]
[2.0351856]
[1.8625294]
[1.7549345]
[1.6489245]
[2.8397877]
[6.777107]
[3.7384512]
[2.2798333]
[5.6275935][4.3]
[30.92]
[39.25]
[29.7]
[19.45]
[13.74]
[11.15]
[9.61]
[8.47]
[7.25]
[6.36]
[5.68]
[5.17]
[4.9]
[4.63]
[4.43]
[4.25]
[3.5]
[3.25]
[3.48]
[3.45]
[3.34]
[3.16]
[3.03]
[3.19]
[3.24]
[3.07]
[2.9]
[3.01]
[3.39]
[4.09]
[3.93]
[3.38]
[3.37]
[3.68]
[3.86]
[4.88]
[11.97]
[10.98]
[9.57]
[8.25]
[9.26]
[7.3]
[7.03]
[5.94]
[5.1]
[4.59]
[4.19]
[3.92]
[3.62]
[3.37]
[3.17]
[2.96]
[2.64]
[2.49]
[2.4]
[2.35]
[2.23]
[2.07]
[2.05]
[2.27]
[2.12]
[2.14]
[2.13]
[2.16]
[2.18]
[1.91]
[1.59]
[1.35]
[1.24]
[1.21]
[1.]
[0.83]
[0.7]
[0.64]
[0.65]
[0.76]
[0.78]
[0.85]
[0.9]
[0.64]
[0.59]
[0.65]
[0.65]
[0.65]
[0.67]
[0.16]
[0.]
[0.]
[0.]
[0.]
[0.]
[0.]
[0.]
[0.]
[0.]
[0.]
[0.]
[0.]
[0.]
[0.]
[0.]
[0.]
[0.]
[0.]
[0.]
[0.]
[0.]
[0.]
[0.]
[0.34]
[0.66]
[0.71]
[0.71]
[0.77]
[0.78]
[0.81]
[0.78]
[0.67]
[0.75]
[0.8]
[0.82]
[0.81]
[0.81]
[0.81]
[0.8]
[0.8]
[0.81]
[0.82]
[0.82]
[0.83]
[0.83]
[0.83]
[0.83]
[0.83]
[0.82]
[0.76]
[0.76]
[0.77]
[0.78]
[0.85]
[0.83]
[0.81]
[0.77]
[0.8]
[0.81]
[0.87]
[0.85]
[0.8]
[0.84]
[0.86]
[0.86]
[0.86]
[0.86]
[0.86]
[0.87]
[0.87]
[0.94]
[0.92]
[0.89]
[0.87]
[0.84]
[0.81]
[0.84]
[0.86]
[0.88]
[0.85]
[0.85]
[0.86]
[0.86]
[0.87]
[0.91]
[0.92]
[0.92]
[0.87]
[0.87]
[0.89]
[0.96]
[0.93]
[0.87]
[0.86]
[0.86]
[0.87]
[1.26]
[1.7]
[1.51]
[1.47]
[1.34]
[1.36]
[1.36]
[1.36]
[1.36]
[1.36]
[1.24]
[1.29]
[1.47]
[1.67]
[2.26]
[1.83]
[3.23]
[2.92]
[2.42]
[2.19]
[2.03]
[2.01]
[1.91]
[1.87]
[1.85]
[1.98]
[1.97]
[1.87]
[1.81]
[1.81]
[1.78]
[1.72]
[1.72]
[1.72]
[1.7]
[1.63]
[1.62]
[1.62]
[1.64]
[1.62]
[1.61]
[1.62]
[1.67]
[1.97]
[2.01]
[2.65]
[2.94]
[2.52]
[2.26]
[2.12]
[2.5]
[2.89]
[2.98]
[3.54]
[3.07]
[2.56]
[2.41]
[2.57]
[2.84]
[4.66]
[3.71]
[2.99]
[2.65]
[2.45]
[2.33]
[2.28]
[2.22]
[2.19]
[2.11]
[2.09]
[2.06]
[2.27]
[2.55]
[3.]
[3.19]
[2.98]