0.7751218882086175, 0.7971582478576461, 13.544425153981567, 22.204263096549827[6.309272]
[11.853326]
[46.706276]
[22.375034]
[22.358906]
[10.815764]
[8.395794]
[7.0298786]
[6.5312195]
[6.222748]
[4.806702]
[4.1799574]
[3.9354513]
[3.725496]
[3.7271397]
[3.726608]
[3.7028613]
[3.7051582]
[3.7060025]
[3.7217927]
[4.721623]
[4.9622746]
[5.7337127]
[5.0882673]
[5.5698395]
[4.7769322]
[5.125744]
[5.579817]
[7.7756014]
[7.3490334]
[6.8455524]
[3.7239149]
[5.055702]
[4.8480654]
[4.0836205]
[5.1974144]
[2.122284]
[7.5415726]
[7.9052663]
[6.791745]
[7.4109793]
[6.9622173]
[6.980563]
[7.033035]
[7.6816397]
[5.8605723]
[4.7483544]
[4.412566]
[4.085999]
[3.983553]
[3.693866]
[3.8114269]
[3.6118567]
[3.5244493]
[3.4960387]
[3.451952]
[3.3970017]
[3.374082]
[3.2011223]
[3.3957467]
[4.137189]
[3.067125]
[1.4021639]
[0.8599441]
[1.1299148]
[1.0243711]
[1.0024773]
[0.904952]
[0.77918124]
[0.5699577]
[0.27425987]
[0.2805392]
[0.19515187]
[0.17894085]
[0.17692615]
[0.18226509]
[0.20522071]
[0.19526784]
[0.1716316]
[0.16040829]
[0.10830386]
[0.09299017]
[0.04767276]
[0.03956427]
[0.03225105]
[0.33164424]
[0.2626906]
[0.00738943]
[-0.3128824]
[-0.18400542]
[-0.20635796]
[-0.285684]
[-0.30765477]
[-0.33212805]
[-0.3108995]
[-0.35184026]
[-0.46518284]
[-0.5160486]
[-0.52780807]
[-0.4208913]
[-0.209995]
[-0.42393458]
[-0.5668402]
[-0.58247]
[-0.5729797]
[-0.5948021]
[-0.58612823]
[-0.588864]
[-0.5908575]
[-0.6046741]
[-0.62160814]
[-0.621237]
[-0.62546784]
[-0.6260829]
[-0.6263056]
[-0.6584983]
[-0.65590036]
[-0.27411538]
[-0.37262344]
[-0.4894016]
[-0.70968217]
[-0.6585831]
[-0.6828761]
[-0.78182954]
[-0.7684477]
[-0.86191905]
[-0.8481448]
[-0.728334]
[-0.733445]
[-0.6669388]
[-0.6553702]
[-0.6985271]
[-0.68934435]
[-0.6934162]
[-0.6915711]
[-0.6828337]
[-0.70400923]
[-0.68312]
[-0.69678813]
[-0.6880719]
[-0.5531297]
[-0.2374479]
[-0.71845144]
[-1.4659251]
[-0.5030061]
[-1.5276172]
[-1.2677001]
[-1.1335744]
[-1.1845567]
[-1.149289]
[-1.1035765]
[-0.54819894]
[-0.6087777]
[-0.6095412]
[-0.6128389]
[-0.63672894]
[0.11854302]
[-0.01318036]
[-0.44350895]
[-0.6550309]
[-0.46177906]
[-0.8626931]
[-0.783823]
[-0.7311016]
[0.59950477]
[-0.00784671]
[-1.1248263]
[-0.35080108]
[-0.9277996]
[-0.35537127]
[-0.37527436]
[0.60470325]
[0.66568094]
[1.3815252]
[1.8970443]
[0.7176349]
[1.0231823]
[0.3806206]
[1.5974543]
[1.1774331]
[0.6782158]
[0.48491296]
[0.57870835]
[0.1979625]
[0.76841193]
[0.2980346]
[0.70868015]
[0.92397565]
[1.0723023]
[1.9605755]
[1.2963128]
[1.1904829]
[1.4516008]
[1.641429]
[2.4381506]
[1.7300962]
[2.037269]
[3.9259038]
[4.388816]
[2.7116835]
[2.5749147]
[2.4504263]
[3.3387372]
[2.5019403]
[3.1196873]
[4.8412814]
[3.4842188]
[1.9990793]
[2.126808]
[2.1251404]
[2.067169]
[1.5723686]
[1.6348388]
[1.6202322]
[0.88065106]
[0.88240594]
[0.81920016]
[0.6385561]
[0.557336]
[0.5520573]
[0.5470113]
[0.56136143]
[0.6195815]
[0.6111781]
[0.4437979]
[1.7637072]
[3.3636155]
[2.7653234]
[1.2050855]
[0.4111386]
[1.1042917]
[4.069196]
[2.5752554]
[2.3169925]
[1.9812791]
[4.6287045]
[3.0688767]
[2.436492]
[2.377411]
[3.1267774]
[6.750412]
[6.42546]
[5.855493]
[5.252698]
[4.343614]
[4.394731]
[4.547944]
[4.488708]
[4.0188603]
[3.9061673]
[2.4820883]
[2.4313033]
[2.3905926]
[2.2017438]
[4.7054553]
[7.5673985]
[3.856763]
[2.8794296]
[3.6296442][4.3]
[30.92]
[39.25]
[29.7]
[19.45]
[13.74]
[11.15]
[9.61]
[8.47]
[7.25]
[6.36]
[5.68]
[5.17]
[4.9]
[4.63]
[4.43]
[4.25]
[3.5]
[3.25]
[3.48]
[3.45]
[3.34]
[3.16]
[3.03]
[3.19]
[3.24]
[3.07]
[2.9]
[3.01]
[3.39]
[4.09]
[3.93]
[3.38]
[3.37]
[3.68]
[3.86]
[4.88]
[11.97]
[10.98]
[9.57]
[8.25]
[9.26]
[7.3]
[7.03]
[5.94]
[5.1]
[4.59]
[4.19]
[3.92]
[3.62]
[3.37]
[3.17]
[2.96]
[2.64]
[2.49]
[2.4]
[2.35]
[2.23]
[2.07]
[2.05]
[2.27]
[2.12]
[2.14]
[2.13]
[2.16]
[2.18]
[1.91]
[1.59]
[1.35]
[1.24]
[1.21]
[1.]
[0.83]
[0.7]
[0.64]
[0.65]
[0.76]
[0.78]
[0.85]
[0.9]
[0.64]
[0.59]
[0.65]
[0.65]
[0.65]
[0.67]
[0.16]
[0.]
[0.]
[0.]
[0.]
[0.]
[0.]
[0.]
[0.]
[0.]
[0.]
[0.]
[0.]
[0.]
[0.]
[0.]
[0.]
[0.]
[0.]
[0.]
[0.]
[0.]
[0.]
[0.]
[0.34]
[0.66]
[0.71]
[0.71]
[0.77]
[0.78]
[0.81]
[0.78]
[0.67]
[0.75]
[0.8]
[0.82]
[0.81]
[0.81]
[0.81]
[0.8]
[0.8]
[0.81]
[0.82]
[0.82]
[0.83]
[0.83]
[0.83]
[0.83]
[0.83]
[0.82]
[0.76]
[0.76]
[0.77]
[0.78]
[0.85]
[0.83]
[0.81]
[0.77]
[0.8]
[0.81]
[0.87]
[0.85]
[0.8]
[0.84]
[0.86]
[0.86]
[0.86]
[0.86]
[0.86]
[0.87]
[0.87]
[0.94]
[0.92]
[0.89]
[0.87]
[0.84]
[0.81]
[0.84]
[0.86]
[0.88]
[0.85]
[0.85]
[0.86]
[0.86]
[0.87]
[0.91]
[0.92]
[0.92]
[0.87]
[0.87]
[0.89]
[0.96]
[0.93]
[0.87]
[0.86]
[0.86]
[0.87]
[1.26]
[1.7]
[1.51]
[1.47]
[1.34]
[1.36]
[1.36]
[1.36]
[1.36]
[1.36]
[1.24]
[1.29]
[1.47]
[1.67]
[2.26]
[1.83]
[3.23]
[2.92]
[2.42]
[2.19]
[2.03]
[2.01]
[1.91]
[1.87]
[1.85]
[1.98]
[1.97]
[1.87]
[1.81]
[1.81]
[1.78]
[1.72]
[1.72]
[1.72]
[1.7]
[1.63]
[1.62]
[1.62]
[1.64]
[1.62]
[1.61]
[1.62]
[1.67]
[1.97]
[2.01]
[2.65]
[2.94]
[2.52]
[2.26]
[2.12]
[2.5]
[2.89]
[2.98]
[3.54]
[3.07]
[2.56]
[2.41]
[2.57]
[2.84]
[4.66]
[3.71]
[2.99]
[2.65]
[2.45]
[2.33]
[2.28]
[2.22]
[2.19]
[2.11]
[2.09]
[2.06]
[2.27]
[2.55]
[3.]
[3.19]
[2.98]