0.010866053
0
0.000226582
0.011589451
0.004431161
7.718358466
0.987865151
0.029209199
0.519879779
0.000315295
0
8.32667E-14
0
0
0
0
8.32667E-14
0
0
0.160669483
0.004205396
0.3372041
0.000330839
0
0.817332269
0
0.016343315
9.01541E-05
0
0.000517221
0.033140287
4.605920217
0.292574418
0.045763444
0.167230106
0.003617795
0.000785865
8.32667E-14
0
0
0.013820522
0.001523666
0.146132466
0.136765613
0
0
0
0
0.002316541
0.009733801
0.000107294
0
0
0
0
0
0.000195563
0.062759336
14.54795686
8.635776802
1.115466654
0.083183343
0
0
0.022740521
2.991005348
4.294779083
0.195116597
0.002413694
0.838874503
0.106796007
0
6.533704929
7.89451401
0.642650069
2.316641902
0.732084154
0.217852465
4.534132943
14.6117396
1.000079901
1.306727468
1.247459747
0.329321097
18.83809746
7.611302982
17.29091519
14.84827324
0.979907415
14.03239127
0.102641556
0
0
0.001404387
0.958185888
1.731126189
0.079666282
4.16334E-14
0
0
0
0.001099509
0.254475339
4.2477327
8.672643194
0
8.32667E-14
0.324024822
0
8.32667E-14
8.32667E-14
0.000567316
0
0.03340601
0.127660667
3.043042085
0.004959368
0.022857283
8.32667E-14
0
0
0
0
0
1.692159589
7.217972493
8.32667E-14
4.16334E-14
0.040904066
0.002104834
0.00417645
0
1.6459E-05
8.69256E-05
0.000212582
0.006058119
2.61942E-05
8.32667E-14
0
5.758615485
0.160128346
0.811651279
0.078832955
0.004188165
0.170674624
1.88925484
2.257237523
4.80348E-05
0.002104626
0
0.102659601
15.86807061
3.76175E-05
0.026099177
0
0.002565584
1.29084E-05
8.32667E-14
2.009272767
0.665783629
9.881561201
13.58874827
4.971238938
0.00648312
0
0
0
8.32667E-14
0.013470582
0
0
3.905861635
5.605915864
0.072341938
0.00375146
8.32667E-14
0.000103418
0.008524942
0.504660189
0.000584745
8.942199829
5.172697095
24.78567988
0.083116622
0.03408554
0.4964261
0.025014127
0.000384944
8.32667E-14
0.653272052
0.013652519
8.32667E-14
1.66533E-13
8.969975236
0.207739592
4.244095178
0.063666103
0.020558859
0.008930667
4.71719E-05
8.32667E-14
0.055488631
0
7.00811E-06
6.87981E-05
0
0
0
0
0
8.32667E-14
0.001209507
0
1.32488E-05
0.017460799
0.002219388
0.058458506
0.284952721
3.116541592
4.385452351
0.02095452
10.47299626
9.969704391
0.460501584
0
0
0
0.002505259
0.015420186
5.573868518
17.13441236
24.73055576
14.89390863
10.91796258
2.129798317
8.515685887
1.005995873
0.074564153
0.000486117
4.88319E-05
8.32667E-14
0
0
0
0.00163203
0
8.32667E-14
0.363211254
0.658552907
0
7.156227053
1.973477496
1.151301788
0.800646382
5.719633275
5.569470525
14.18992446
9.639993282
7.132300773
0.745046528
2.179869562
2.394334937
4.651289344
0.000332516
0.000572304
8.52872E-05
0
0.107090982
0.00016001
0
0
0
0
0
0
0.009219424
0
0
0
0
2.96587E-06
2.684080653
0
0
0.283421758
0.105219989
8.517719884
4.907794797
0.979304841
0.088822872
0.000194519
1.6758E-05
0.635684288
0.001711612
0
0
2.348868359
0
0
0.000194351
1.419451188
1.046553171
0.025448767
0.016948657
0.015543228
0.000184069
0
0
0.00671736
0
0.000324884
0.009324309
0
0.0032381
7.301755651
0.409689838
0.723901379
0.870872514
0.017133951
0
0.001356668
0
0.398417072
0.481290843
0.072594206
0
0
8.32667E-14
2.33758E-05
0.265459662
0.003445021
0
0.0006413
0.0251224
0.015579099
0.939286916
1.692890874
0.005264455
1.44423E-05
0
0.003651794
0
0.002702125
0
0
0
0.000929727
0
0.015209665
0.364040665
0.78662496
0
0
0.000740458
0
0
1.66533E-13
0
0
0
0
0
1.123002216
0.000905174
0
0.001766704
0.00140165
0
8.32667E-14
0.003744062
0
0
0
8.32667E-14
0.00070158
0
0.000889109
0.013743133
0
0
0
0.729761487
0.004421945
0
0
0.212724974
0.007805615
0.004511785
2.05923E-06
0.01296967
0.012130961
8.32667E-14
0.093223268
0.005155302
0.016641365
0.825654324
5.038603648
0.018934289
0
8.32667E-14
0
8.32667E-14
0.002124157
0.018752417
0.000234621
0.004114947
0.000708719
8.32667E-14
0
1.189612445
7.891258385
0.060930317
0
0
0.03447526
0.017469813
11.60692017
10.20335179
24.40786343
17.13665933
7.964076598
2.108973359
5.165796285
13.32693029
5.712939779
1.484298538
0.272636542
16.76858776
0.461243794
0.219816608
0.491514752
2.082733529
6.246546869
14.46812737
0.675713034
0.237525809
0.266426131
0.191391781
0.101573521
0.299796995
9.51826926
0.810696985
0.328208288
0.078925079
0.607837594
0.350502214
0.858619452
3.334777081
4.042684545
0.198412559
0
0
10.7203083
7.395701156
2.464471604
0.294951127
0.495140149
0.504176039
0.030670051
0.001215314
0
2.027561139
6.297189016
0.005111764
0.124165503
2.562950779
1.679947224
0.002915657
0
1.99278E-05
0
0
1.4165E-05
0.014388217
0.911852085
0.840252116
12.97564378
14.43787585
1.032019473
0.97672713
1.314428206
8.467401703
14.68013496
3.5439987
4.314545363
10.74269392
4.981344542
13.20523733
0.004800322
2.70823684
2.880042154
1.751143708
0.29960143
0.19031762
0.711132542
0.016801111
0.001651554
0.001630164
0.003834811
0
0
0
10.41288514
6.998630661
0.8834742
0.002132162
17.55305997
3.912910321
0.054254979
1.970090686
21.33117352
3.849677808
7.798234473
0.072397121
0.001151
0.000289124
2.947728339
7.35838829
5.067021924
12.39434501
22.04976486
0.53847434
0.005266375
6.157616567
0.531866034
2.830132536
8.755231403
2.017144047
0.788840269
8.997908042
0.278370543
8.986517522
4.638095935
0.949516888
0.006674889
0
0
8.32667E-14
0
0
0
0.002524286
14.98908319
5.720491515
15.2092604
2.51282254
1.922727109
4.36061E-05
0
8.32667E-14
0
0
0
0
0.000919064
0.000150514
0
1.45352E-05
0
0.518320706
0
6.31532E-05
3.540759353
0.000109366
0.000324533
0.000342015
0.256776848
0.512472116
2.15475E-05
0.012070723
0
0
1.606977126
18.34855347
11.89058698
4.263973533
4.217224336
8.668503385
0.794863251
14.29485626
10.00144843
8.595739046
0.617343895
0.096016987
4.092557694
0.62261169
0.404373604
0.003465398
0.016237421
0.000240393
0
8.32667E-14
0
0
0
0.039395543
0.678835232
0.072389115
0.007423224
0
6.385405131
0.020848699
0.496835682
0
0.073630177
1.361484621
2.334031154
5.185383513
9.155363902
12.08800192
12.40143902
1.297559604
9.487165676
3.490331178
0.007907895
0.130195883
0.007990914
0
0
8.32667E-14
0
0
0.005094802
0.102461613
1.505723602
2.272251491
4.517837572
16.85853522
3.303499994
0.934018881
0.014731785
0.922236373
15.61034349
0.52105084
0.20512101
0.014619411
6.497273633
0.763089422
0.863804376
4.898784545
4.547456187
0.035584537
2.515004646
1.755380537
1.109498906
0
0.009636479
0
0.181355822
0.764376545
0.014597673
0.010268667
0.001698468
0.004529259
1.66533E-13
0.0413783
0
1.76116E-06
0
0
0.038379028
0.000493329
0.000515236
0.003823808
8.32667E-14
0
0
0
0.245958268
0
0
0
0
0.042335359
0.607564994
1.50889672
0.000946912
0.064953716
0.574227837
2.23763779
0
0
0.00754587
1.88727E-05
0
8.32667E-14
4.6051E-05
0.005560669
0.065270674
0.012398348
0.000381856
0.020797458
0.025284331
0
0
0
0.005423427
0.010496166
0.00038756
0.208324071
6.43948E-05
1.17676E-05
0
0.001449108
2.239761904
1.307424192
0.612457343
0.244618178
0
0
8.32667E-14
0.017452419
2.3538E-05
0
5.12381E-05
0
0.007349502
0.040637128
0.043730348
0.644828985
1.557217694
0
0
8.32667E-14
3.52549E-05
0
0
0
0.000328104
0
0
0.001236764
0.235906826
0
0
0
0
0.288895095
0.549662659
0
0
0.68855128
0.039206118
0.512115334
0
7.83452E-05
0.155554302
0.07350758
0.752083577
0.000657991
0
0.055494338
0.024968901
0.012531636
0
0.004608121
6.90257E-05
0.011726714
2.7518544
0.727400644
0.026972824
0.002306594
0
1.702278068
2.404112371
1.380230554
0.040161688
1.829440075
0.51516861
0.012861969
0.307212162
0.124057463
0.001904764
0
1.95282E-05
0.066762166
0.020012199
8.32667E-14
0
0
8.32667E-14
0
0
0
8.32667E-14
0
0
0.041982841
0.51248097
0.106236794
0.002227166
0
8.32667E-14
0
0.00523579
0.688150078
0.808082447
28.60710634
9.271627826
11.24511434
2.142928273
2.59828E-05
0
0
0
8.32667E-14
0
1.54077E-05
18.18711278
4.251870012
0.056212044
0.270748764
3.569310628
3.517952439
0.074038769
8.01229313
7.430138087
1.971102726
0.028659912
6.15966E-05
8.32667E-14
0.121673179
24.17529161
7.220720258
9.719861562
4.490745841
0.911770897
3.894723477
32.29090695
0.183450316
0.004099123
7.52164E-05
0.1610029
0.214471701
5.03138E-05
0.032681097
2.690009863
11.23379634
2.411914276
0.014143643
0.05898334
0.440311272
0.396684367
27.0269596
0.009774803
0
8.32667E-14
0
0
3.458968697
17.52534768
0.73524289
2.882453329
0
5.595528141
0.381087786
0.146178851
0.850160344
9.035217145
1.388005359
0.000685195
3.522611501
0.001804339
10.30132994
19.09750361
4.280288448
4.944764855
15.63129884
0.000127259
0
0.000139881
0.000157651
0.000495976
9.59571E-05
0.056688281
3.146973823
4.883544068
0.265832561
0
0
0.001224351
0
1.66533E-13
0
0.154213882
0.162128693
1.865604362
0.078238563
0.214978869
0.336837749
1.067958665
0.003378273
0
8.32667E-14
0
0
0.008962117
2.325109301
0.920288411
0.094078959
0.008598381
0.021412007
0.324228298
2.023794321
9.91028235
0.00062907
0.561339087
0
0
0
8.32667E-14
0
0.000110826
0.00391056
0.315006312
3.007524032
14.74322661
1.440807608
11.20568612
13.68094877
8.993404652
7.50204611
3.773593713
0.000190025
0
0
0
0.008037038
0.000607732
0.000811788
8.32667E-14
0
0
0.001129271
0.105577934
0.001146784
0.0025292
0.000103856
0.000114582
0.14830093
4.622321814
3.945446876
8.97737599
12.0029622
2.189962865
9.767542341
0.765175315
0.558971392
1.130219103
0.65354039
0
0
0
0
1.270784739
1.391181655
0.01555697
0.000870379
0.563430554
0.769120248
0.278915221
13.09746988
0.136754412
0
8.32667E-14
0
0.127995297
0.14129333
6.23123E-05
2.25558E-05
4.71622E-05
0
0
0.044099524
0
0.260457008
3.093169022
6.874150359
1.840816638
2.03548832
2.397032226
17.67948465
3.136766427
8.82156E-05
0
0
0
0.000914507
0.135631793
0
0
0
0
0
0
0
0.001977651
0.490475847
3.386154783
0.096919981
0.058610806
6.056948678
0.007321106
0
0
0
0
0.023393385
0.338153774
0.000777495
0.710559195
3.839206605
3.124499076
0.598137365
0.000774287
4.914875048
0.52853324
0.00268673
8.32667E-14
4.562676433
3.958957011
2.256905995
0.203611078
0.36383144
0
0
0
0.037571278
0
0
1.139016309
9.49032535
0.753502799
12.23718717
12.15829873
0.339869395
0.064068501
5.70378E-05
0.000777161
0.106236405
3.56929E-05
0
0.000715717
0
0.049982619
0
0.002515804
0.016938862
0.165808934
0.027440804
0.029965863
0.023498744
5.40057E-05
0.002352707
3.55978E-05
0
0
0
8.32667E-14
0.158964099
0.028055209
0.003491559
0.005713783
0.002255579
0.694714311
0.015013711
0.007658267
0
8.32667E-14
0
0
0.000367982
6.25051E-05
0
8.32667E-14
0
0
0.004008095
0.006077679
4.16334E-14
0
0.32636128
8.32667E-14
0
0
0
0.052810442
0.131588889
0.011028082
0.00997677
2.56941E-05
0.001159453
0.002454488
7.4584E-05
0
0
8.32667E-14
8.32667E-14
0
7.45061E-05
0
0
0
0.228357123
0.003607971
0.517832847
0.003936016
0
0
0.002658044
3.156354015
0.916462928
0.612987123
0.675388657
0.693836411
0
0
0.00016355
2.348480937
4.936632312
6.31957745
0.636078115
1.51082E-05
0
0.068967793
0
3.08167E-05
8.32667E-14
0
0.000368782
0.001690937
7.25655E-05
0.000228704
0.002276938
0.001106655
2.376349225
0.578478551
5.038356896
0.010912034
0.320114048
0.014847918
0.176643129
0.004622483
0.008201749
0.002487352
0
0.000275005
0.430053918
0
8.32667E-14
8.32667E-14
0
7.81168E-05
0.000417337
8.32667E-14
0
0.004084408
0
8.32667E-14
1.66533E-13
0
0
0
0
0.008346935
0
0
0
0
0.264938036
9.14992E-05
9.960993591
3.771443736
2.214684226
0.448597816
0
1.19667E-05
0.261180653
0.225348057
0.455604113
0.010773231
12.9565834
20.02472948
11.33393936
8.356819362
0.728248881
0
13.49551543
13.05062382
1.0131522
38.4046287
12.61852307
5.156231376
6.259195816
8.541094819
1.84759E-05
3.41191532
5.043568129
0.353843472
0.044540808
0
0.431457493
0
0
0
0.001725268
0.259886265
0
0
8.32667E-14
8.32667E-14
0
8.32667E-14
0.027938159
0
0
6.52498E-05
0
0
0
0
0.116604466
4.984542844
0.679395339
1.321253547
16.59360504
0.059298943
0.000362051
0.583232831
0.000223708
0
8.32667E-14
0.000408349
0
0.000215536
0
6.76391E-05
3.99169239
0
0
1.30931E-05
0.017045071
4.20975E-05
0.34814196
0
0.020588624
0
0
0
0.049630094
8.32667E-14
0
0.058060332
0.010086342
0
0
0.000241688
0.000162795
0
0
0
8.32667E-14
0
0
0
0.000343785
4.16334E-14
0.09998658
1.493617732
0.00138544
0.202718521
2.05872E-05
4.16334E-14
5.44971E-05
0
0
0
8.32667E-14
0
0.002593879
0
8.32667E-14
0
0
0
0
4.16334E-14
0
0
0
8.32667E-14
0.001977463
0.281077232
0.945882111
0.019505973
0
8.32667E-14
0
0
8.32667E-14
0
0
0
0
0
0
4.16334E-14
0.004999865
4.32579998
7.515680328
0.5790791
0.017331027
1.058519335
0.296474708
0
0.000602489
0.108644522
0.000416697
8.32667E-14
0
0.002900048
0
0
0
0.00933721
0.005660173
0.781661976
3.157263336
0.234393931
0
0.001212694
0
0.016429542
0.086905204
1.088293192
6.915523308
1.230112737
6.57351474
0.087156212
1.645915429
10.97838754
1.280659662
6.447587088
1.648016289
0.000415346
0
6.634254093
8.864512759
3.678030397
0.699626218
0.085112577
0
9.15851E-05
0.269808648
0
0
0
8.32667E-14
0
0.436563741
0.1543392
8.32667E-14
0.185802493
1.667811436
0.885457638
2.61248E-05
0.001689054
0.22024633
1.339755876
0.674649061
0
0
1.66533E-13
0
0.00105409
0
0.488957006
0.02926603
8.32667E-14
0
0
5.07408E-05
0
0.01490228
0.055340282
0.614466694
12.14315705
6.760230183
5.371949134
0.078365115
0.043347723
9.212518008
0.000963815
0.001589248
0
0
0.001924654
0.001742235
8.32667E-14
0
0
0
0.001526129
0.037732914
0.009297174
3.949893345
0.537399316
0.233469861
0.060651749
0.000145996
0
0
8.32667E-14
0.000205003
0.284032035
0.045110177
0.393679677
0.001041059
0.003820941
0.475123026
0.005151313
2.20825E-05
0
0
0.097966184
0.032375749
0.098916675
0
0.078951033
0.056700464
0.005517913
0.00351817
0.000545026
0.00017102
0.013137438
0.020779699
0.000466538
0
8.32667E-14
2.94953E-05
0.003888957
0
0
0
8.32667E-14
8.32667E-14
0
0.00026889
0.001918519
0
0.005067384
0
0.009806591
0.000260082
0
0
0
0.000524551
0.011035813
0.018676258
0.008603247
0.020239848
0.008675818
1.312139296
0.610995708
0
0
0
8.32667E-14
8.32667E-14
0
0
0
0
0.014693233
0.003379703
1.2209924
0.795461963
0.016745244
0
8.32667E-14
0
6.04368E-05
0.001825207
0.001108254
0.006661513
0
0
0
0
0
0
0.000141114
0.020851233
1.66533E-13
0.002712427
0.001737933
0
0.001599695
0.001875044
0.000934845
0
0
0.001619977
3.196026993
0.94550543
1.66533E-13
1.981319557
0.002022039
0.050854629
0.005362907
0
0
0
0.610416069
0.710154187
0
0
8.32667E-14
0
6.89394E-05
0.001241744
0.031731473
0.001102898
8.32667E-14
0
0
0
0
0
0
0
0
0
8.32667E-14
0
0.036383185
3.147481112
9.049605107
7.48419902
16.74850008
0.02041019
0.071389276
0.117868911
0.020715754
6.378505377
0.080149532
1.63666E-05
9.6290935
1.458978327
3.925040868
0.004546675
0
0.00334373
0
27.07324125
39.62782086
0.547032616
29.20056344
4.381450053
0.362476279
0.092264248
6.064839801
0.003216603
0
0
0
2.257251354
8.32667E-14
0
0
0.66571255
4.40954726
0.004166015
1.472089869
0.023762634
0.054489851
0.148529305
36.77498005
6.559397456
4.622964649
0.72755545
4.16334E-14
0
0.742952444
0.16304056
0.132846792
2.019012057
1.10675E-05
0
14.8201465
23.99775157
1.203761156
0.977904035
0.099670224
0
0
8.32667E-14
0
0
0
0
0
0
0
0
0
4.16334E-14
0
0
0
0
0.004947667
0.846052345
3.256160163
16.65337801
1.758626212
0.261909479
0.067017465
0.511223587
0.800283638
0.183130745
0.000643988
0
0
0.583094715
3.14972602
0.005921397
6.5558E-05
0.007428871
0.000250745
8.32667E-14
0
0.199209731
5.921009818
10.40750439
0.131462443
8.32667E-14
0.004939835
0
0.00070666
0.000593668
0.006659922
0.008503092
0.004588655
0
0
0.000763473
0.499025094
2.606282361
0
8.32667E-14
0
1.459117283
7.696694593
0.002797773
0
0
0
0
0.105396976
0.632286994
0.064957737
0
0
0.000419361
0.015706973
3.808866595
2.519991208
13.59113876
7.176373706
0.267589563
0.920592487
0.054756763
0.002939619
0.401059257
12.51084495
0.156161868
4.16334E-14
0
8.32667E-14
0.000204447
2.179867026
23.64076275
0.001794538
0.000328182
0.14713718
0.054493126
0.42660226
0.000209045
0.004559873
0
0
4.16334E-14
0.000219855
0.274321771
15.45304581
13.09314339
7.628585784
6.165704434
3.816753194
2.094134814
13.8323507
3.542715179
0.154470405
0.000142554
1.838134937
0.087799553
0.12118251
0.00067496
0.008390234
0.017412176
0
0.006364217
0.377167874
8.886345747
8.591505375
0.547933434
0.001142077
0.000962303
0.146891205
0.123561805
0.070468382
0
6.276218357
1.186752948
0.648210775
0.111212949
7.0708E-05
0
0.891769014
2.350243019
11.60012727
0.102542551
0.000930791
0.017962815
0.00027447
0.001370274
8.32667E-14
0
0
0
0.004872678
0.997407477
0.06450413
0
0
0
0
0
2.59088E-05
0.156048838
0
8.32667E-14
0
0.000113265
0
0
0
0
8.32667E-14
0.28004503
0.091727611
8.32667E-14
0
0
0
0.020337068
0.006391355
0.900277251
0.151780781
0.014786195
4.687216792
0.051585002
0
8.32667E-14
0
8.32667E-14
0
0.000522435
0.497461069
0.020797484
0
1.006320068
2.57574297
19.80865544
1.884700865
4.408708186
6.768530669
0.303757342
0.006705878
0
8.32667E-14
0
1.23019E-05
0.004353002
0.015047523
0
0
0.00532954
1.28239E-05
0
0.001366776
0.002650755
0.000396884
0.017771569
8.32667E-14
0
0
0
0
0
2.019093526
0.438482664
1.138676605
2.270429017
0.000502575
0
0.075534436
1.292249174
1.366059099
0
1.37295E-05
0
0
0.011150887
0
3.35998E-05
0.000731188
0
0
0
1.38617E-06
4.16334E-14
0
0.000145425
0
8.32667E-14
0
0
0
0
0
0
0
0
0.000117136
0.029082512
2.147019342
1.153925083
1.976814101
0.000813319
0
0
4.16334E-14
4.20896E-05
0
1.66533E-13
8.32667E-14
0
0
0
0
8.32667E-14
0.002526594
4.67655E-05
0
0
0
0.003966653
0.000337518
0.043764469
1.513310311
0.000376195
0.001023363
0.107125208
11.53261822
0.174788565
0.239622196
0
0
7.49788E-05
0
1.28131E-05
24.7897763
0.424553689
10.11973062
0.654280508
1.172208515
0.002298837
0.029707714
1.598834662
0.722254778
3.34314943
0.000272879
3.105920864
1.076931722
0.880232426
4.87054E-05
0
0.000109043
0.096570803
0.00063836
0.634691893
2.831728697
0
0
0
0.550282901
20.94466724
5.057686098
8.376576095
5.427103138
28.51480791
0.778749076
24.78209792
21.50215565
16.79548494
34.21658387
10.19027701
1.264562684
8.32667E-14
0
0.082052375
0.055917965
1.510171523
7.95413641
25.66664037
24.35781635
24.98730405
13.73184133
5.157829867
0.247144819
0.010230319
0
0
0
0
0.001781994
9.843967515
7.25478732
3.291317244
3.210480481
0.340997889
0.262969504
0.486333125
0.505820928
2.666044903
45.49881811
9.03939623
0.083864688
2.156253416
10.1121857
0.000842752
0
0.037042846
8.930961341
0.044454243
1.911773344
13.95019366
0.169207592
1.131869536
8.560962304
0.007175274
0
0
8.32667E-14
0
0
0
0
0.000186397
0.000137492
0
0
0
0
0.000444293
0
0
0
7.36375E-05
0.006333991
0.001762818
0.241635633
0.124268248
0.002803561
0.004172561
0
0.000792888
6.9512E-05
0.021785034
0.131395123
0.034719053
0.002889738
0.045037781
6.10442E-06
8.32667E-14
0
3.04679E-05
0.395846108
0.00299831
0.006993091
0.000159179
8.37151E-05
0.000471098
0.022894106
1.15285393
1.400332995
0
1.406359741
0.000228757
0
9.079101815
5.004363658
8.14457009
0.414075349
0
0.031257947
0.237190687
0.295175497
0.163214146
0.003590334
6.954662664
28.55425128
1.659288496
1.201260024
4.428349798
9.132351976
1.466032137
3.334655325
0.927157679
7.164423994
0.450553899
5.40045E-06
4.757551312
2.615571594
0.407677774
4.161266738
2.256860872
0.408751802
2.250461361
0
0
1.719396866
0.040299518
0.008089425
0.103242193
3.504208255
0
1.369889144
1.79018625
8.32667E-14
0
0
0
8.32667E-14
0
0
0
0.002257634
0.026685663
0
0.001252944
8.32667E-14
0.000596015
0
0.000155013
0
0.416694751
2.449291319
0.000628631
0.787049835
0
0.241102255
5.555740567
0.578676562
3.296502161
3.694594245
0.238230041
0.509355889
1.707089833
0.331521939
3.532864531
2.452348051
4.912459322
12.44153322
4.178342242
0.511268912
0.000467279
0.034110823
0.06168904
0.001480592
0.02440742
11.38331436
5.97766819
0.025993497
0.000207372
0
0.125725684
4.045659918
4.559057874
0.8189459
0.140548697
0.001444804
1.367431441
9.753680765
18.36427349
0.341432228
0.465062203
0.042488849
0
0
0
0
0
0.00040906
0.000147736
0.926639813
0.108435942
8.32667E-14
8.32667E-14
0
1.48972E-05
0.094951277
7.605491586
0.238063307
17.67185753
8.08755353
2.319541179
0.210770909
0.997668201
0.874724911
3.3591E-05
0
0.579109362
0.611723681
0
0
8.32667E-14
0
0
0
0.004549346
0.990657668
0.542424718
0.554102562
0.002141941
0.002781346
0.009633761
13.75104832
2.02413336
7.78448277
20.564639
0.16287669
2.73874138
0.292095098
0.121607104
0
0
2.2296E-05
0.023119497
0
0
0
0
0
0.035493919
0.000514318
0
6.2257E-05
8.32667E-14
0
3.34565E-05
0.005697316
0
0
0
8.32667E-14
1.89758E-05
0
0.278133723
0.11245298
0.033205827
8.32667E-14
0
1.1938E-05
0
0
0.955239774
8.32667E-14
0
0
0
0
0
0
3.39207E-05
4.14407E-05
0
0
0.004388126
0.469002861
0.048726749
0
0
0
0
0.004361885
0.00039809
1.64775E-06
8.32667E-14
1.505525505
0
0
8.32667E-14
0.00062904
0
0
0
0
0.004439283
7.491827777
3.038000153
0.001166785
0.001566865
0.117729832
1.66533E-13
0
0
0
0
0
8.32667E-14
0
0
0
0.012640555
1.463936853
2.881560391
5.756724106
5.9361719
2.292307562
1.002345257
7.628708251
1.693799756
1.267430127
0.263594411
3.097513047
1.163266604
0.001747095
8.1952E-05
0
4.44086E-05
8.32667E-14
0
0.0004157
2.878937911
18.16989788
15.45830455
15.98865057
2.821607995
0.265933036
0.060951506
0.000499934
0
0
0
0
0
0
8.32667E-14
0.031996708
1.636161115
0.077470494
0.00412148
0
0
0
0
0
0.100828466
0.788521074
0
0
0
8.32667E-14
0
0
0
0
0
0
0
0
0
0
0
9.92665E-05
0
8.32667E-14
0
0
0
0
8.32667E-14
0
0
16.90206141
22.75872611
1.20306823
2.439607566
0.002368855
0
0
0
0
4.16334E-14
0
8.32667E-14
0.348042876
0.014242333
0.021332636
0.007901944
0.006577177
6.9474E-05
0.001688041
0.013238343
0.276010846
8.32667E-14
0
0
0
0
0
8.32667E-14
0.332919031
5.690460814
3.077714153
0.585618984
0.044875782
0
0.00086058
0
5.036300024
0.017828983
0
8.32667E-14
0.001151965
7.488E-05
0.000315324
3.530462521
9.617582636
22.77451297
1.483082212
1.405527081
0.795735604
0.078957152
0.181917524
1.745969261
0.580167687
5.198733605
1.1844E-05
8.654084901
0.929004989
1.15070708
1.519369874
0.143223106
0.033645928
0
0
8.32667E-14
0.000782902
0
0
0.001196579
0
0
8.32667E-14
0
4.16334E-14
0
0.101670656
2.247485119
7.502102155
0.624350856
0.043946644
8.32667E-14
0
8.32667E-14
8.32667E-14
0
8.32667E-14
0
0
0
0.003123452
1.66533E-13
9.602063378
18.6956956
3.823617258
0.435901986
0.50344217
0.001951775
8.389131897
9.052344474
0.660840627
0
0.684618763
0.313608744
0.011625416
0.00014277
0.00347892
0.015213638
0
0
0
0
4.16334E-14
0.288048471
6.896868561
0.074726766
0.013051442
0
0
0.205877652
0.00351636
0.663730969
2.611042336
10.74192839
0.960484185
0
2.353017178
0
0
0.011703451
0.248386668
0.2887651
0.016786385
0
1.307899658
0.001134668
0
0
0
0
0
0.012308143
15.60605215
17.70480962
20.9088634
15.00396305
0.333182208
0.118315776
1.890327355
6.09744E-05
0.002919708
4.809010271
16.46720046
12.62135358
19.10901381
9.262374048
0.609457358
0.008989403
0.051827965
0.002950005
0
8.32667E-14
8.32667E-14
0.011593709
0.033253149
0.072443397
8.32667E-14
0
0.000106039
0.018076123
0.000678387
0.123181371
3.61321959
0.959213033
2.584204577
0.465675795
0.41821561
0.575673526
2.064805298
0.877588867
8.927084232
0.241509049
2.79539E-05
4.026899021
0.860048624
1.57560315
0.781171031
2.660164297
8.558583479
4.896578529
2.362453454
2.690953005
5.262911521
0.536840745
4.659231175
2.131479915
0.288925767
0.501104817
0.001495557
1.57842E-05
0.008411202
6.86725E-05
0
0
0
0.000766932
0
0
0
0.00264202
0
0.342079612
3.864738648
8.95317E-05
0
0
0
0
0
0.086605067
0.000275015
0
0
0
0
0
0
0.015650883
0.077811337
0
0
0.000415926
0
0
8.32667E-14
0
4.16334E-14
0.973100135
0
0
0
0.003116988
0.022543035
0
0
0.003062543
0.05655442
2.04856E-05
8.32667E-14
1.02504E-05
0
0.839291542
0.160725517
2.5514E-05
0.061602997
0
0
0.00954008
0
0
0
0
0.000740058
0.001329871
0.001894569
0
0
0
0.047812344
1.289455702
0
0
0
1.076653163
0.004278731
0
0.00019682
0
0.01312627
4.51041E-05
0
0
0.01011409
0
0.003293724
0.005061086
0.000955927
0.090837916
0.002849292
8.32667E-14
0.000569223
0.015786444
0.546518951
9.027252853
0.902642634
0
0
0.298477771
0.004490846
0.084557121
0
0
0
0
0.001729628
0
0.002759891
0
3.00770961
11.06819909
0.206955095
0.306915954
0.292647738
0.020601685
0
0.179275274
5.383086687
2.429380955
0
8.32667E-14
2.26653E-05
0
0
0
0
8.435010986
0.01970783
0
0
4.428284931
1.254708493
0.66915145
4.92146E-05
0.00129799
0.007998941
0.060050992
1.9996964
0.109543145
0.105996291
1.010596616
4.930685356
0
0
8.32667E-14
0
3.367785157
1.655619334
0.004014516
4.891785083
11.01069768
0.069667928
0.002469465
0.442218878
2.860422155
0.102991927
0.03240853
6.730774259
0.001803977
8.32667E-14
0
0.309612635
0
0.000560284
0
0
0
0
8.32667E-14
0
0
8.32667E-14
0
0
0.208357169
0.323157418
0
0
6.720447411
7.681551169
0.997558837
1.173210231
0
6.338297726
0.536916539
0.849964342
1.984267592
9.94488133
0.065316855
0.29483366
0
1.025039675
2.533527178
13.28647299
1.377628138
0.866311909
0
0.000190002
0.000423036
8.32667E-14
0
0
0
0
0
0
0.010924887
11.81581796
1.578605865
0.414023053
0.803152384
13.00636407
0.075730555