0
0
0
0
0
0
0
0
0
0
0
0
0
0
0
0
0
0
0
0
0
0
0
0
0
0
0
0
0
0
0
0
0
0
0
0
0
0
0
0
0
0
0
0
0
0
0
0
0
0
0
0
0
0
0
0
0
0
0
0
0
0
0.28
0.17
0
0.21
0
0
0
0
0
0
0
0.6
1.08
0.95
0.81
0.68
0.68
0.71
0.65
0.59
0.6
0.58
0.45
0.57
0.73
1.1
1.26
1.08
1.09
1.07
0.95
0.86
0.8
0.8
0.74
0.69
0.68
0.67
0.63
0.59
0.57
0.52
0.12
0.12
0
0
0
0
0
0
0
0
0
0
0
0
0
0
0
0
0
0
0
0
0
0
0
0
0
0
0
0
0
0
0
0
0
0
0
0
0
0
0
0
0
0
0
0
0
0
0
0
0
0
0
0
0
0
0
0.27
0.77
0.95
0.79
0.69
0.35
0.4
0.36
0
0
0
0
0
0
0
0
0
0
0
0
0.25
7.42
2.62
1.72
1.48
1.33
1.18
1.13
1.06
1.05
0.99
0.92
1
1.26
1.24
1.35
NaN
4.02
3.45
3.17
2.77
2.52
2.35
2.15
1.86
1.67
1.5
1.34
1.18
1.62
1.26
1.09
0.97
0.9
0.86
0.8
0.79
0.83
1.14
1.3
1.56
1.77
2.58
2.22
1.51
1.25
1.02
0.98
0.25
0.99
25.49
59.09
33.01
25.84
30.3
39.38
18.5
14.22
11.35
9.51
8.22
7
6.11
5.36
4.71
4.17
3.59
2.49
2.89
3.03
3.26
2.7
2.56
2.65
3.28
4.97
9.67
8.04
8.29
8.74
6.27
5.07
4.43
4
3.59
3.33
3.17
2.96
2.79
2.66
2.43
2.26
2.1
1.96
1.83
1.74
1.62
1.54
1.49
1.44
1.38
1.33
1.32
1.35
1.32
1.32
1.53
1.62
1.66
1.56
1.44
1.36
1.3
1.23
1.13
1.05
0.94
0.85
0.65
0.88
0.89
0.74
0.68
0.67
0.61
0.63
0.63
0.64
0.64
0.63
0.64
0.63
0.63
0.63
0.63
0.63
0.63
0.63
0.63
0.64
0.63
0.64
0.63
0.63
0.64
0.64
0.64
0.63
0.63
0.63
0.64
0.64
0.63
0.63
0.63
0.64
0.63
0.63
0.64
0.64
0.64
0.64
0.64
0.64
0.64
0.63
0.63
0.63
0.63
0.64
0.63
0.63
0.64
NaN
0.64
0.64
0.64
0.64
0.64
0.64
0.64
0.63
0.64
0.64
0.64
NaN
NaN
NaN
NaN
NaN
NaN
NaN
NaN
NaN
NaN
NaN
NaN
NaN
NaN
NaN
NaN
NaN
NaN
NaN
NaN
NaN
NaN
0.66
NaN
NaN
NaN
NaN
NaN
0.75
NaN
NaN
NaN
NaN
NaN
NaN
NaN
NaN
0.67
0.66
0.68
0.67
0.66
0.66
0.66
0.68
0.66
0.65
0.66
0.67
0.67
0.68
0.68
0.68
0.68
0.68
0.68
0.68
0.68
1.15
1.88
1.85
1.7
1.47
1.22
1.18
1.27
0.96
0.7
0.93
1.23
0.91
0.94
0.97
0.87
0.9
0.91
0.86
1.2
1.43
1.25
1.02
0.83
0.86
0.8
0.77
0.84
0.94
0.94
NaN
1.95
1.68
1.39
1.29
1.11
1.01
0.93
1.1
0.94
1.05
1.45
1.25
1.11
1.04
0.99
1
0.93
0.88
0.97
1.1
1.12
1.16
2.44
4.85
3.8
2.93
2.64
7.87
10.06
7.84
9.02
15.39
14.5
13.57
8.91
9.33
11.49
8.94
7.52
6.87
6.97
6.55
6.01
5.69
5.21
4.84
4.59
4.59
8.5
13.21
8.31
7.35
22.01
11.09
8.77
35.23
44.42
15.95
12.84
10.09
8.83
9.1
11.36
19.18
12.55
39.21
18.06
11.42
14.36
13.9
11.88
17.67
22.83
13.14
12.43
20.76
26.5
27.49
45.24
19.23
12.51
10.54
9.14
8.3
7.79
7.34
6.9
7
22.77
34.28
72.03
21.14
16.94
11.51
9.99
8.83
8.11
7.58
7.11
6.54
6.26
5.74
5.48
5.37
5.31
5.18
4.95
4.85
4.91
4.73
4.49
4.29
4.34
4.4
4.18
3.97
3.75
3.6
3.81
25.33
26.23
13.27
30.83
15.23
17.14
45.1
47.58
45.41
16.71
13.02
12.28
10.57
9.53
8.79
8.16
7.49
6.96
6.56
6.2
5.89
5.51
5.35
5.16
4.92
4.74
4.56
4.79
4.8
4.95
4.64
4.27
4.13
4.04
5.53
6.12
6.03
7.79
12.49
63.04
13.52
9.83
8.3
7.45
6.59
5.91
5.51
5.23
4.97
4.68
4.52
4.47
4.63
5.49
10.44
11.66
8.68
7
6.13
5.72
5.54
5.39
5.1
4.74
4.53
4.42
4.96
5.91
5.1
4.72
4.84
4.41
4.35
4.05
3.75
3.48
3.31
3.36
3.24
3.13
3.04
2.88
2.55
2.51
2.39
2.21
2.03
1.9
1.83
1.74
1.72
1.62
1.52
1.38
1.23
1.03
1.05
0.75
0.72
0.7
0.68
0.68
0.67
0.7
0.68
0.71
0.67
0.66
0.64
0.6
0.32
0.22
0.21
0.02
0.03
0.06
0
0
0
0
0
0
0
0
0
0
0
0
0
0
0
0
0
0
0
0
0
0
0
0
0
0
0
0
0
0
0
0
0
0
0
0
0
0
0
0
0.02
0
0
0
0
0
0
0
0
0.07
0
0
0
0
0
0
0
0
0
0
0
0.05
0
0
0
0
0
0
0
0
0
0.02
0
0
0
0
0.02
0
0
0
0
0
0.02
0
0.07
0.1
0.05
0.02
0
0.02
0.02
0
0
0
0
0
0
0.02
0
0.02
0
0
0
0
0.02
0.05
0.02
0.1
0.05
0.19
0.06
0.02
0.02
0
1.24
1.2
1
0.92
0.87
0.89
0.87
0.82
0.83
1.09
1.13
1.13
1.17
1.17
2.12
2.12
1.62
1.38
1.5
1.7
4.12
3.91
4.37
3.86
6.9
14.6
9.3
7.16
6.2
5.65
5.2
4.81
4.52
13.04
15.73
9.05
7.39
6.66
6.12
22.18
18.63
10.32
8.19
7.32
6.76
6.45
20.18
15.02
10.32
9.1
8.1
12.01
9.79
8.39
8.54
12.01
9.47
8.18
9.44
11.83
17.19
15.01
19.75
38.2
28.68
13.15
11.23
10.12
9.24
8.71
8.29
7.95
14.34
11.41
9.12
8.27
7.76
7.21
6.84
6.6
6.4
6.32
6.45
6.36
6.12
5.95
5.93
5.95
5.79
5.51
5.31
5.17
5.07
5.1
5.32
5.74
5.54
5.29
5.1
5.01
4.98
5.87
6.07
5.43
5.02
4.68
4.45
4.31
4.2
4.19
4.2
4.21
14.05
45.38
12.03
17.1
25.96
46.89
27.08
15.64
12.69
11.16
10.07
9.27
8.85
8.33
7.91
7.38
7.02
6.75
6.66
6.47
6.32
6.17
6.12
5.97
5.69
5.51
6.07
8.38
20.63
13.18
14.73
10.02
8.13
7.53
7.11
6.69
6.32
6.12
6.06
6.25
6.48
6.11
5.78
5.59
5.42
7.37
14.31
8.88
7.11
6.47
6.05
5.74
5.43
5.19
4.99
4.81
4.59
4.37
4.33
4.19
4.04
3.83
4.15
4.07
4.04
4.67
6.73
7.31
6.39
5.58
5.02
4.65
4.33
3.99
3.5
3.31
3.18
3.05
3.25
2.83
2.76
2.51
2.55
2.53
2.7
2.77
3.36
3.7
3.49
3.06
2.77
2.53
2.32
2.2
2.08
2.07
2.01
2.01
2.01
2.04
2.11
2.11
2.18
2.2
2.17
2.17
2.17
2.19
2.01
1.89
1.73
1.51
1.32
1.12
1
0.92
0.9
1.29
6.94
5.67
3.63
2.74
2.15
1.85
1.67
1.45
1.24
1.05
0.87
0.74
0.67
0.56
0.21
0
0.05
1.6
0.87
0.42
0
0.05
0.05
0.24
0.12
0.12
0.14
0.14
0.14
0.1
0.05
0
0
0
0.02
0.07
0.1
0.07
0.07
0.1
0.1
0.1
0.12
0.12
0.24
0.29
0.29
0.24
0.17
0.21
0.26
0.33
0.24
0.12
0.02
0.1
0.1
0.19
0.14
0.12
0.12
0.21
0.1
0
0
0.05
0.07
0.07
0.1
0.1
0.02
0
0.02
0.07
0
0.02
0
0.02
0.36
0.48
0.43
0.26
0.26
0.17
0.1
0.07
0.26
0.21
0.29
0.43
0.5
0.45
0.38
0.38
0.26
0.4
0.38
0.31
0.33
0.33
0.33
0.12
0.52
0.55
0.48
0.52
0.45
0.4
0.26
0.36
0.4
0.24
0.4
0.43
0.48
0.33
0.29
0.29
0.17
0.31
0.29
0.29
0.14
0.14
0.12
0.14
0.24
0.36
0.36
0.43
0.38
0.43
0.48
0.52
0.5
0.43
0.55
0.48
0.55
0.57
0.57
0.57
0.57
0.57
0.57
0.57
0.57
0.57
0.57
0.57
0.57
0.57
1.61
2.5
1.59
1.36
3.71
6.68
7.51
7.37
5.7
4.64
3.84
7.02
8.02
6.97
5.57
4.74
4.17
3.75
3.44
3.09
2.8
2.56
2.39
2.23
2.06
1.96
1.91
1.87
1.83
1.81
1.77
NaN
NaN
NaN
NaN
NaN
NaN
NaN
1.77
3.08
4.46
4.5
3.57
3.05
2.69
2.44
2.28
2.2
2.1
2.02
2.03
2.09
2.19
2.2
2.19
2.02
1.95
1.91
1.85
1.81
1.71
1.64
1.61
1.55
1.52
1.46
1.36
1.37
1.36
1.3
NaN
NaN
NaN
NaN
NaN
NaN
NaN
NaN
NaN
NaN
NaN
NaN
NaN
NaN
NaN
NaN
NaN
NaN
NaN
NaN
NaN
NaN
NaN
NaN
NaN
0.94
0.91
0.89
0.9
0.89
0.86
0.37
0.19
0.02
0
0
0
0
0
0
0
0
0
0
0
0
0
0
0
0
0
0
0.02
0
0
0.28
0.72
0.37
0
0
0
0
0
0
0
0
0
0
0
0
0
0
0
0
0
0
0
0
0
0
0
0
0.38
0.58
0.54
0.64
0.86
1.04
1.26
1.32
0.91
0.86
1.82
2.86
2.21
1.4
1.07
0.86
0.7
0.45
0
0.01
0
0.01
0.01
0.02
0.01
0
0
0
0.01
0
0
0.02
0
0
0
0
0
0
0
0
0
0.01
0
0
0
0
0
0
0
0
0.02
0.02
0.04
0.02
0.02
0.01
0
0.02
0
0.03
0.02
0.02
0.01
0
0.01
0.01
0.01
0
0.04
0.08
0.03
0.06
0.04
0.02
0.01
0.02
0.02
0.01
0
0.02
0.01
0.02
0.08
0.12
0.09
0.06
0.04
0.01
0.01
0.01
0
0
0
0.01
0.02
0.07
0.1
0.1
0.12
0.12
0.1
0.08
0.09
0.08
0.08
0.08
0.08
0.07
0.04
0
0
0
0
0
0.01
0
0.01
0
0.01
0
0
0.01
0
0
0.01
0.02
0
0
0.05
0.03
0.04
0.02
0.01
0.01
0
0
0
0.01
0.01
0.07
0.35
0.23
0.12
0.05
0.04
0.01
0.03
0.07
0.05
0.25
0.21
0.18
0.23
0.24
0.34
0.2
0.27
0.16
0.26
0.28
0.18
0.39
0.45
0.46
0.44
0.31
0.51
0.54
0.56
0.56
0.57
0.57
0.57
0.56
0.53
0.5
0.46
0.45
0.55
0.57
0.57
0.57
0.57
0.55
0.49
0.51
0.56
0.57
0.56
0.55
0.55
0.51
0.49
0.56
0.57
0.57
0.53
0.54
0.53
0.52
0.55
0.57
0.57
0.56
0.55
0.56
0.55
0.56
0.55
0.49
0.55
0.48
0.55
0.49
0.35
0.29
0.25
0.43
2.94
7.45
6.02
18.34
13.65
6.22
5.32
6.24
5.29
4.44
3.82
3.32
3.03
2.84
2.59
2.33
2.22
2.22
2.47
2.33
2.68
2.56
4.29
18.96
11.29
7.59
6.59
5.86
5.27
5.21
4.95
4.65
4.56
4.38
4.07
24.88
15.91
9.25
8.31
7.38
6.47
5.94
5.65
5.37
4.99
4.77
4.61
4.42
4.26
4.01
3.89
3.79
3.72
3.58
3.46
3.31
3.16
3.06
3.26
6.2
8.79
6.34
5.43
4.95
4.85
4.98
4.87
4.49
4.27
4.09
4.14
4.71
4.38
4.01
3.79
3.64
3.48
3.45
3.65
4.86
11.63
6.33
5.47
5.11
4.81
4.54
4.35
4.2
NaN
6.2
5.91
5.5
5.02
4.56
4.65
4.43
3.2
3.11
4.02
5.35
4.53
3.99
3.67
3.49
3.36
3.32
3.31
3.16
2.95
2.81
2.8
2.75
2.73
3.11
6.77
8.08
6.17
5.35
4.67
4.24
5.54
14.39
7.28
5.94
5.37
4.93
4.68
46.65
24.25
9.62
8.04
7.35
6.82
6.31
5.9
5.61
5.34
5.1
4.86
4.69
7.14
21.11
22.54
14.17
14.78
9.97
14.29
46.59
12.99
10.11
8.55
7.57
6.86
6.49
6.12
5.77
5.4
5.16
4.97
4.85
6.11
7.23
5.97
5.34
4.87
4.55
4.26
4.03
3.89
4.13
5.46
4.96
4.42
4.03
3.76
3.6
4.93
8.2
6.01
4.9
4.31
3.87
3.51
3.25
2.96
2.41
2.29
2.33
2.24
2.11
2
1.89
1.79
1.71
1.6
1.51
1.37
1.27
1.19
1.12
1.04
0.93
0.87
0.85
0.79
0.74
0.68
0.63
0.61
0.52
0
0
0
0
0
0
0
0.01
0
0
0
0.01
0.04
0.04
0.01
0
0.02
0
0
0.01
0
0
0
0
0.05
0.02
0.02
0.02
0
0.01
0.01
0
0.02
0.01
0.01
0.02
0.03
0.01
0.01
0.02
0
0
0
0
0
0
0
0
0
0
0
0
0
0
0
0
0
0
0
0
0
0
0
0
0
0
0
0
0
0
0
0
0
0
0
0
0
0
0
0
0
0
0
0
0.01
0.01
0
0
0
0
0
0
0
0
0
0
0
0
0
0
0
0
0
0
0
0
0
0
0
0
0.04
0.21
0.34
0.42
0.34
0.03
0.02
0.05
0.01
0.08
0.12
0.18
0.02
0
0.01
0
0
0
0.01
0.03
0.02
0.06
0.19
0.21
0.02
0.01
0.01
0
0.01
0.08
0.17
0.16
0.06
0
0.03
2.54
2.9
19.33
12.25
53.89
82.8
19.27
97.13
52.51
42.4
15.42
11.7
10.01
8.83
8
7.48
30.99
122.98
160.11
134.07
135.3
22.37
14.74
11.35
9.23
8.04
7.29
6.63
6.44
100.05
16.51
15.87
11.99
9.44
8.49
8.14
8.02
75.6
111.88
22.51
13.99
37.73
16.13
11.22
9.59
16.55
17.9
25.1
24.46
34.62
13.75
60.2
18.04
12.71
10.79
14.98
19.42
8.28
7.78
7.49
7.16
7.02
6.84
6.56
6.21
5.97
5.85
5.61
5.46
5.36
5.2
5.16
5.02
5.04
5.25
5.09
5.02
4.89
4.85
4.85
4.71
4.68
4.68
4.68
4.61
4.52
4.37
4.36
4.36
4.35
4.36
4.32
4.2
4.19
4.09
4.04
4.06
4.16
4.04
3.99
3.89
3.76
3.6
3.67
4.02
4.78
4.76
4.27
4.07
4.04
4
3.89
3.91
40.12
15.7
9.63
9.93
20.83
13.7
15.03
11.04
10.8
15.58
10.03
8.47
10.14
NaN
10.23
9.85
8.23
7.61
7.27
6.76
6.49
6.84
6.59
6.16
5.96
6.42
6.2
6.64
6.84
5.85
5.43
5.1
4.88
4.7
4.57
4.41
4.27
4.18
4.04
3.94
3.75
3.63
3.46
3.43
3.32
3.32
3.45
3.52
3.55
3.28
3.19
3.23
3.43
3.52
3.36
3.38
3.42
3.28
3.14
3.21
4.03
3.82
4.26
4.23
3.93
3.49
3.18
2.97
2.72
2.54
2.56
2.73
2.58
2.51
2.34
2.14
2.11
2.07
3.98
3.88
2.91
2.55
2.39
3.22
7.67
6.29
4.32
3.55
3.04
2.71
2.4
2.15
2.03
1.95
1.87
1.77
1.75
1.7
1.61
1.49
1.28
1.21
1.28
1.36
1.34
1.38
1.45
1.45
1.44
1.36
1.28
1.22
1.17
1.13
1.09
1.01
0.92
0.9
0.89
0.9
0.9
0.92
0.92
0.92
0.92
0.92
0.93
0.78
1.19
2.38
3.52
2.82
2.15
1.85
1.64
1.41
1.24
1.12
1.03
0.96
0.89
0.83
0.8
0.71
0.66
0.79
0.89
0.86
0.86
0.81
0.81
0.85
0.89
0.87
0.86
0.84
0.84
0.86
0.85
0.86
0.89
0.92
0.92
0.92
0.94
0.92
0.92
0.92
0.92
0.92
0.89
0.81
0.77
0.77
0.8
0.81
0.81
0.8
0.68
0.62
0.73
0.8
0.8
0.8
0.76
0.76
0.78
0.83
0.81
0.82
0.86
0.87
0.86
0.86
0.8
0.81
0.84
0.85
0.8
0.8
0.75
0.72
0.74
0.77
0.78
0.8
0.8
0.77
0.71
0.65
0.19
0.09
0.28
0.58
0.46
0.61
0.65
0.65
0.63
0.63
0.62
0.36
0.59
0.63
0.63
0.57
1.31
3.08
2.02
1.47
1.16
1.01
0.85
0.76
25.11
19.98
7.24
5.55
5.11
4.18
3.42
3
2.8
2.64
2.45
2.28
2.1
1.99
1.87
2.53
3.43
2.31
1.99
1.95
1.89
1.81
1.6
1.53
1.53
1.5
1.45
1.41
1.34
1.27
1.21
1.18
1.13
1.12
1.08
1.06
1.06
1
0.99
0.99
0.99
1.03
1.06
1.03
0.99
0.97
0.94
0.92
0.93
0.92
1.16
33.82
10.68
5.59
4.3
3.67
3.29
3.12
2.94
2.79
2.68
2.57
2.53
2.44
2.34
2.26
2.22
2.19
2.11
2.11
2.11
2.04
2.01
2.01
2.01
2.01
2
1.97
1.92
1.93
1.97
1.92
1.99
1.97
1.89
1.81
1.79
1.91
2.09
2.27
2.08
1.98
1.91
1.99
2.57
6.02
7.76
5.3
5.38
5.3
4.76
4.46
4.41
4.7
4.98
4.98
7.15
6.44
6.44
6.85
5.78
5.36
5.07
4.95
4.75
4.56
4.43
4.29
4.17
4.04
4
3.87
3.75
3.71
3.6
3.6
3.77
4.46
4.96
4.36
4.02
3.85
3.69
3.5
3.37
3.28
3.17
3.05
2.96
2.93
2.96
29.81
23.53
11.56
8.61
7.45
6.7
6.49
13.12
8.93
7.16
6.48
6
5.62
5.32
5.1
4.84
4.52
4.25
4.06
4.01
3.89
3.85
3.97
4.06
3.87
3.75
3.57
3.46
3.32
3.37
3.54
3.62
3.6
3.5
3.29
3.19
3.12
2.97
2.87
2.77
2.68
2.62
2.52
2.44
2.38
2.27
2.14
2.1
1.92
2
2.74
4.62
16.21
11.73
7.49
5.75
4.94
4.52
4.28
4.3
30.92
39.25
29.7
19.45
13.74
11.15
9.61
8.47
7.25
6.36
5.68
5.17
4.9
4.63
4.43
4.25
3.5
3.25
3.48
3.45
3.34
3.16
3.03
3.19
3.24
3.07
2.9
3.01
3.39
4.09
3.93
3.38
3.37
3.68
3.86
4.88
11.97
10.98
9.57
8.25
9.26
7.3
7.03
5.94
5.1
4.59
4.19
3.92
3.62
3.37
3.17
2.96
2.64
2.49
2.4
2.35
2.23
2.07
2.05
2.27
2.12
2.14
2.13
2.16
2.18
1.91
1.59
1.35
1.24
1.21
1
0.83
0.7
0.64
0.65
0.76
0.78
0.85
0.9
0.64
0.59
0.65
0.65
0.65
0.67
0.16
0
0
0
0
0
0
0
0
0
0
0
0
0
0
0
0
0
0
0
0
0
0
0
0.34
0.66
0.71
0.71
0.77
0.78
0.81
0.78
0.67
0.75
0.8
0.82
0.81
0.81
0.81
0.8
0.8
0.81
0.82
0.82
0.83
0.83
0.83
0.83
0.83
0.82
0.76
0.76
0.77
0.78
0.85
0.83
0.81
0.77
0.8
0.81
0.87
0.85
0.8
0.84
0.86
0.86
0.86
0.86
0.86
0.87
0.87
0.94
0.92
0.89
0.87
0.84
0.81
0.84
0.86
0.88
0.85
0.85
0.86
0.86
0.87
0.91
0.92
0.92
0.87
0.87
0.89
0.96
0.93
0.87
0.86
0.86
0.87
1.26
1.7
1.51
1.47
1.34
1.36
1.36
1.36
1.36
1.36
1.24
1.29
1.47
1.67
2.26
1.83
3.23
2.92
2.42
2.19
2.03
2.01
1.91
1.87
1.85
1.98
1.97
1.87
1.81
1.81
1.78
1.72
1.72
1.72
1.7
1.63
1.62
1.62
1.64
1.62
1.61
1.62
1.67
1.97
2.01
2.65
2.94
2.52
2.26
2.12
2.5
2.89
2.98
3.54
3.07
2.56
2.41
2.57
2.84
4.66
3.71
2.99
2.65
2.45
2.33
2.28
2.22
2.19
2.11
2.09
2.06
2.27
2.55
3
3.19
2.98
NaN