0.8047041940602776, 0.8110786244535759, 15.262338056565802, 143.74343987983625[0.4582762]
[0.27271336]
[0.34811968]
[1.05654]
[0.49610248]
[0.16133644]
[-0.36089578]
[-0.6819854]
[-0.10897388]
[0.36397615]
[0.7552726]
[0.5969735]
[0.57260096]
[0.7208117]
[0.50305784]
[0.58290344]
[0.44977275]
[1.011718]
[0.68263453]
[0.82295185]
[0.65523237]
[1.7292409]
[0.8829163]
[1.2688924]
[1.2227654]
[2.0037892]
[1.1072282]
[6.843226]
[2.9123833]
[6.070253]
[5.383941]
[9.459628]
[5.519885]
[4.10421]
[5.394521]
[3.712531]
[3.5752892]
[2.9949548]
[2.668385]
[2.9082189]
[2.7453794]
[2.7626655]
[2.7625108]
[2.825179]
[2.9658623]
[4.0192]
[5.1413045]
[3.2099621]
[3.8700392]
[3.1625023]
[3.6433587]
[3.7733166]
[3.7990584]
[3.846446]
[3.2766886]
[3.2023258]
[3.097757]
[2.4469337]
[2.4113033]
[2.4267464]
[1.7901484]
[1.7819239]
[1.7795033]
[1.7793326]
[1.7807579]
[1.8386675]
[1.09867]
[3.3671532]
[2.0470295]
[2.0617793]
[1.7071638]
[1.747922]
[1.750717]
[1.6893082]
[1.4793351]
[1.2485479]
[1.5447667]
[1.5380485]
[1.5259521]
[1.4934647]
[1.3893934]
[1.8892413]
[1.3365401]
[1.6633047]
[1.3496052]
[1.1915873]
[1.1275378]
[0.666568]
[0.15017508]
[0.5902564]
[0.6728848]
[0.4293653]
[0.7500235]
[2.4251032]
[0.95312846]
[0.9685846]
[0.89850795]
[0.66797465]
[0.6665123]
[0.5901162]
[0.32938832]
[0.49657732]
[3.9233387]
[3.4104645]
[2.4116588]
[1.3191882]
[1.4405223]
[1.0225102]
[0.95087814]
[1.0004065]
[1.0386348]
[1.2769157]
[1.3223276]
[1.0467379]
[0.87201804]
[1.3146418]
[1.7404344]
[1.3942171]
[1.423918]
[1.4281826]
[1.3700421]
[1.847933]
[3.3645616]
[10.984984]
[9.099539]
[3.6186256]
[2.1593835]
[2.830654]
[3.2696395]
[3.4086916]
[3.354098]
[3.7381248]
[3.4935098]
[2.0175328]
[3.372634]
[4.6889668]
[3.2610376]
[5.2116694]
[3.3595748]
[3.004955]
[2.5341668]
[2.7370703]
[2.8545415]
[2.1570733]
[2.1593034]
[2.0176265]
[1.9639236]
[1.9636012]
[1.9666839]
[1.9666868]
[2.0373244]
[1.6959202]
[1.3781933]
[1.3760911]
[1.3767515]
[1.3604212]
[1.3666545]
[1.3772874]
[1.4654483]
[1.1771806]
[1.0669296]
[1.3681115]
[3.9931445]
[3.4302258]
[1.4639982]
[4.5463424]
[1.4453549]
[1.3488629]
[1.1556933]
[1.2593275]
[3.026811]
[25.952902]
[58.301384]
[36.291485]
[30.518684]
[27.245558]
[29.56831]
[9.777708]
[10.451653]
[9.739657]
[6.8715363]
[4.0680804]
[2.2077634]
[2.1930966]
[2.2035692]
[2.161128]
[2.1436985]
[2.165617]
[2.1957395]
[2.1583505]
[2.5559008]
[3.206838]
[1.9274788]
[2.7540605]
[2.3719716]
[3.2199821]
[6.085291]
[14.99759]
[12.179225]
[9.006115]
[8.739619]
[10.228345]
[10.484178]
[10.758133]
[8.840521]
[6.667295]
[4.396005]
[3.9342983]
[3.524277]
[3.489351]
[3.3412683]
[3.1293082]
[3.2033644]
[3.2033682]
[3.2032416]
[3.203007]
[3.2026083]
[3.1945229]
[3.1624076]
[3.1374745]
[2.9599664]
[2.8597653]
[2.9151287]
[2.9484072]
[2.8524115]
[2.519024]
[1.3845694]
[2.886152]
[3.7552817]
[2.7915723]
[2.9892]
[2.153496]
[1.0405931]
[0.77847546]
[0.80628985]
[0.7626839]
[1.2899688]
[0.89350635]
[1.1620544]
[1.4924127]
[1.4157587]
[1.2143995]
[1.1244373]
[1.399279]
[1.4373717]
[1.3264172]
[1.4112761]
[1.4068285]
[1.395293]
[1.3945113]
[1.3094498]
[1.2481863]
[1.2250893]
[1.2096145]
[1.511139]
[2.2303712]
[0.65600675]
[0.8567782]
[0.2500593]
[0.27841485]
[0.30878803]
[0.22063811]
[0.11793232]
[0.05914062]
[0.19439106]
[0.2976598]
[0.3082224]
[0.26847523]
[0.26527557]
[0.27789193]
[0.22359455]
[0.2212488]
[0.27439472]
[0.24283853]
[0.24326435]
[0.28603753]
[0.23639615]
[0.02500643]
[0.30447036]
[0.447989]
[0.2784506]
[0.2562863]
[0.2566495]
[0.2574027]
[0.03105681]
[0.05891795]
[-0.0231266]
[-0.12700011]
[-0.14219517]
[-0.12125292]
[-0.13478321]
[-0.25963077]
[-0.1558845]
[-0.10517777]
[-0.17303063]
[-0.20671847]
[-0.2067715]
[-0.20605044]
[-0.19964583]
[-0.20286934]
[-0.2238858]
[-0.1654384]
[-0.33593476]
[-0.23568769]
[-0.16498244]
[-0.40417996]
[-0.4457251]
[-0.30764416]
[-0.30730486]
[-0.29635125]
[-0.33525613]
[-0.3374723]
[-0.337239]
[-0.278781]
[0.16526477]
[0.4619464]
[0.00821486]
[0.1334362]
[0.16985351]
[-0.02695452]
[0.1271668]
[-0.25902635]
[4.4592104]
[2.2701313]
[1.403486]
[-0.3046221]
[0.98599386]
[0.7638772]
[0.18827803]
[1.0123612]
[3.4119325]
[1.6425275]
[4.1846976]
[2.585542]
[2.4522083]
[1.8969531]
[1.5993314]
[3.4071443]
[6.822056]
[2.2960725]
[4.1017046]
[2.714094]
[2.6330578]
[2.6283417]
[2.6434898]
[4.578092]
[1.9325613]
[3.493165]
[2.9267647]
[2.8910115]
[2.8422458]
[2.9950573]
[4.3227425]
[6.383802]
[5.2477145]
[5.1959934]
[6.609553]
[7.0757203]
[8.369219]
[7.1493125]
[4.254681]
[4.30615]
[4.252079]
[4.018214]
[3.9044971]
[3.9820616]
[3.777653]
[3.2179012]
[2.1804452]
[2.338381]
[2.902824]
[2.7041693]
[2.3636272]
[2.1778824]
[2.2064524]
[2.4026856]
[2.3986936]
[2.2816837]
[2.423238]
[2.884298]
[6.013019]
[11.40265]
[5.9840837]
[6.2584763]
[8.307045]
[6.6510463]
[12.1873]
[15.173523]
[15.401784]
[22.639923]
[18.081322]
[24.700653]
[8.892848]
[8.627602]
[10.423645]
[7.583033]
[5.9271126]
[5.483254]
[4.345059]
[3.8234987]
[3.107483]
[3.0381763]
[2.9594462]
[2.6838906]
[2.6238904]
[3.5063071]
[5.382974]
[14.222182]
[5.2672577]
[11.294351]
[20.955706]
[8.984548]
[7.6038427]
[31.253513]
[36.333088]
[15.778011]
[14.33327]
[8.883401]
[8.329042]
[8.346992]
[9.398428]
[11.558664]
[16.911499]
[41.25331]
[20.73014]
[11.910799]
[11.283677]
[13.234864]
[12.3481455]
[15.676927]
[15.493937]
[11.851313]
[15.45193]
[16.107224]
[28.336731]
[33.595512]
[35.921696]
[13.071516]
[11.398703]
[9.2974825]
[8.951809]
[8.757618]
[7.0746913]
[6.5666423]
[5.1397123]
[6.9283724]
[21.190552]
[36.39069]
[62.288097]
[19.667805]
[10.291311]
[10.367345]
[8.9025345]
[6.052406]
[6.0354714]
[5.6490912]
[4.750064]
[3.8126485]
[3.6215696]
[3.4300575]
[3.3815362]
[3.3624637]
[3.004297]
[3.0483165]
[2.6639602]
[1.9509377]
[2.447219]
[2.7599072]
[2.364422]
[2.5873466]
[2.599297]
[2.5955064]
[2.6496487]
[2.5617456]
[2.5067518]
[2.161928]
[3.4952278]
[30.830534]
[26.291807]
[15.150018]
[28.909271]
[12.328924]
[18.963297]
[48.901897]
[43.54788]
[37.27151]
[11.642636]
[10.017811]
[10.640448]
[7.613278]
[6.1747165]
[6.470844]
[4.1378093]
[2.9107163]
[2.6171525]
[2.504681]
[2.4817421]
[2.3812888]
[2.3750722]
[2.4935617]
[2.315306]
[2.3628547]
[2.457222]
[2.7930162]
[3.3360732]
[1.8803465]
[3.2087848]
[1.8942728]
[2.0088587]
[1.8917371]
[2.5551877]
[4.280967]
[5.6681976]
[7.6733704]
[12.996272]
[15.665357]
[58.484745]
[8.099208]
[8.929304]
[9.617802]
[7.8180575]
[5.6806426]
[4.872555]
[3.984183]
[3.8976545]
[3.0050924]
[2.988045]
[3.0409591]
[3.49784]
[4.4786587]
[9.02343]
[11.68417]
[9.196467]
[8.392063]
[8.064135]
[10.378912]
[12.9171715]
[7.470304]
[6.512919]
[6.9423504]
[6.1319556]
[5.9841037]
[6.951109]
[6.855493]
[6.6026487]
[5.116829]
[5.2931213]
[5.5038347]
[4.753506]
[4.133673]
[3.6706295]
[3.5174522]
[2.892914]
[2.4844732]
[2.583801]
[2.6047535]
[2.489503]
[2.4766552]
[2.5071952]
[2.5136666]
[2.4750063]
[2.4201145]
[2.397593]
[2.3280663]
[2.3051062]
[1.9285498]
[1.9196079]
[1.9079872]
[1.8975993]
[1.7068639]
[1.639961]
[1.5557375]
[1.2341189]
[0.94393736]
[0.95000434]
[0.70113564]
[0.58758825]
[0.6169339]
[0.63881326]
[0.31266633]
[0.5622435]
[0.7426655]
[0.7277084]
[0.19438078]
[0.5319796]
[0.72774285]
[0.5640388]
[0.5521392]
[0.58030486]
[0.5121879]
[0.2629431]
[0.23992087]
[0.32208437]
[0.32658696]
[0.3228296]
[0.0784668]
[0.06566817]
[0.06826673]
[0.06940795]
[-0.04015609]
[-0.05374999]
[-0.07365306]
[-0.15784618]
[-0.29478192]
[-0.28068966]
[-0.31530002]
[-0.36978164]
[-0.23315342]
[-0.34143806]
[-0.36160624]
[-0.2079379]
[-0.16818476]
[-0.2790461]
[-0.317495]
[-0.34358]
[-0.35224319]
[-0.3496135]
[-0.30154705]
[-0.30150464]
[-0.3160953]
[-0.3184175]
[-0.3215774]
[-0.2929687]
[-0.2811138]
[-0.33273244]
[-0.18911639]
[-0.12485817]
[-0.21667531]
[-0.22065169]
[-0.22077894]
[-0.2212667]
[-0.22668518]
[-0.23488182]
[-0.27601343]
[-0.27548325]
[-0.25934446]
[-0.29533333]
[-0.29032838]
[-0.2961922]
[-0.32816225]
[-0.31461078]
[-0.3429756]
[-0.43343547]
[-0.35016486]
[-0.2832027]
[-0.38804117]
[-0.30439946]
[-0.3519569]
[-0.3349168]
[-0.28927863]
[-0.3389674]
[-0.30043367]
[-0.37118134]
[-0.35705724]
[-0.28351024]
[-0.35405642]
[-0.33248857]
[-0.32459944]
[-0.32436615]
[-0.32375115]
[-0.32377234]
[-0.11530427]
[-0.30200303]
[-0.25606793]
[-0.10723488]
[-0.12849523]
[-0.13875958]
[-0.23343971]
[-0.28676555]
[-0.20111974]
[0.08499832]
[-0.03222454]
[-0.09267604]
[0.0501116]
[-0.00757102]
[-0.05734463]
[-0.02528974]
[-0.02532155]
[-0.0607272]
[-0.06136342]
[-0.11985324]
[-0.12474153]
[-0.1420043]
[-0.18797119]
[-0.19155523]
[-0.19160825]
[-0.19160825]
[-0.19160825]
[-0.19343208]
[-0.19398347]
[-0.17744175]
[-0.16997677]
[-0.23945199]
[-0.20066378]
[-0.13179296]
[-0.15856722]
[-0.17119619]
[-0.1894557]
[-0.1746848]
[-0.24713965]
[1.6936822]
[2.6589127]
[1.1408253]
[-0.592395]
[0.6562165]
[0.91931766]
[0.72736776]
[0.5483388]
[0.5365525]
[0.54372585]
[1.0750457]
[2.5477574]
[3.7965095]
[2.793572]
[1.6979959]
[1.3190231]
[1.1233461]
[1.8406725]
[1.3058358]
[1.8135706]
[3.5962913]
[1.6150885]
[2.1649013]
[1.9520143]
[1.8471146]
[9.856531]
[5.716585]
[4.2854753]
[3.440879]
[4.5608735]
[4.8433156]
[8.311981]
[15.218107]
[8.599267]
[6.1852417]
[5.498567]
[6.9253626]
[6.0659466]
[5.4639587]
[5.5614853]
[8.128658]
[13.442733]
[9.527183]
[7.811957]
[5.3775535]
[4.8236117]
[21.606703]
[12.517048]
[11.577494]
[10.152112]
[9.635985]
[8.468326]
[9.154753]
[22.493208]
[16.386927]
[12.715307]
[8.814707]
[14.239968]
[7.684966]
[8.722527]
[8.100693]
[7.7952957]
[10.08431]
[7.2861743]
[7.4104996]
[6.0546045]
[9.269468]
[22.31189]
[18.458727]
[14.354992]
[44.41656]
[21.180603]
[13.44738]
[10.957523]
[11.02237]
[10.4965]
[6.9048877]
[6.2320724]
[7.271671]
[8.482501]
[7.2436533]
[6.7460566]
[6.1593103]
[4.6609054]
[4.685038]
[4.5720916]
[4.5843687]
[4.304889]
[3.9336276]
[3.5376024]
[3.8418195]
[3.277596]
[3.2123065]
[3.2749774]
[3.54766]
[3.363725]
[2.9096262]
[2.3539376]
[2.2612016]
[2.1645749]
[1.6094222]
[1.2914053]
[1.4628133]
[1.8264023]
[1.7297777]
[1.6471484]
[1.5214978]
[1.0474944]
[5.381079]
[1.6872176]
[2.0369275]
[1.802781]
[1.3472896]
[1.1668079]
[1.1505691]
[1.1254337]
[1.1896667]
[1.5556161]
[1.6664566]
[2.6629949]
[8.677992]
[10.086698]
[14.695238]
[30.65244]
[39.68378]
[40.45373]
[10.182794]
[7.123343]
[6.470543]
[4.02568]
[1.75611]
[1.4872252]
[1.7312914]
[1.6975774]
[1.6465108]
[1.5576355]
[1.5592029]
[1.5981753]
[1.4937537]
[1.4080429]
[1.4143846]
[1.4054984]
[1.4526904]
[1.6142322]
[1.2483349]
[2.5081]
[5.5032783]
[13.867396]
[2.531959]
[9.608269]
[4.1726475]
[4.5830827]
[6.2611103]
[5.3268843]
[4.5378914]
[3.4644232]
[3.0528843]
[2.9616868]
[2.595297]
[3.0784402]
[2.6766856]
[2.5511377]
[2.576518]
[2.710695]
[5.6790905]
[6.3779616]
[5.2347684]
[4.984583]
[4.2022595]
[3.3006074]
[3.3302271]
[3.3053782]
[3.210718]
[3.229854]
[2.392397]
[2.3785424]
[2.1503456]
[2.0795527]
[1.809277]
[1.7479004]
[1.5051026]
[3.2234974]
[1.4481755]
[1.9983126]
[4.5091834]
[7.171082]
[3.08784]
[3.1700602]
[4.2097826]
[3.3009448]
[3.0226185]
[2.9910355]
[2.933605]
[2.818848]
[1.8441731]
[1.8060937]
[1.807835]
[1.8056748]
[1.8056517]
[1.8055966]
[1.835937]
[1.9458005]
[2.333302]
[1.8430017]
[2.7520409]
[3.527773]
[1.2861737]
[1.8563716]
[1.2249839]
[1.2664937]
[1.2104512]
[1.1154165]
[1.0905162]
[1.0716503]
[1.0844108]
[0.5576283]
[0.31004855]
[0.9394162]
[1.3839684]
[2.0786762]
[0.8227272]
[1.1964017]
[1.3409439]
[1.0742979]
[0.4507625]
[1.0168551]
[1.5282007]
[1.5617282]
[1.2354819]
[1.3028854]
[1.2463533]
[1.1655394]
[1.2088673]
[1.310178]
[1.7578589]
[3.6556306]
[2.691107]
[8.366296]
[6.6343985]
[2.7867768]
[4.396179]
[3.3177888]
[2.7228558]
[2.5392962]
[1.2350932]
[1.1913773]
[1.370614]
[1.1453822]
[1.1200924]
[1.1231132]
[1.1337593]
[1.1869072]
[1.1126424]
[1.1304456]
[1.1605312]
[1.1455002]
[1.1512709]
[1.1499358]
[1.1482393]
[1.1482041]
[1.1347679]
[1.0414597]
[1.0911471]
[1.0421624]
[0.9505057]
[0.9806658]
[0.8149991]
[0.4935347]
[0.29181588]
[0.3726526]
[0.44906792]
[0.39646214]
[0.39220643]
[0.38201597]
[0.32440922]
[0.27762255]
[0.26876584]
[0.29890078]
[0.22588295]
[0.21822776]
[0.2180697]
[0.21190864]
[0.14140983]
[0.08216582]
[0.08908074]
[-0.00384913]
[0.03044412]
[0.06636139]
[0.04288355]
[0.04248094]
[0.0460219]
[0.01859982]
[0.03336908]
[0.02571853]
[-0.10863456]
[-0.12140138]
[-0.30523714]
[-0.50888056]
[-0.5105559]
[-0.5119026]
[-0.51679087]
[-0.5171196]
[-0.518286]
[-0.5182966]
[-0.51833904]
[-0.51841325]
[-0.50328183]
[-0.4997826]
[-0.47103608]
[-0.47739828]
[-0.47611523]
[-0.46785498]
[-0.47277507]
[-0.2634163]
[-0.40098825]
[-0.36706713]
[-0.2562058]
[-0.29956418]
[-0.30565068]
[-0.26914227]
[-0.26535675]
[-0.17261708]
[-0.12083938]
[-0.17316848]
[0.10984437]
[0.08490488]
[0.2888747]
[0.28046003]
[0.11231668]
[0.07821529]
[0.08555403]
[0.14529441]
[0.18738236]
[0.02799501]
[0.01085352]
[0.01090123]
[0.00850447]
[0.00623926]
[0.10964423]
[0.11262187]
[0.33095303]
[0.46531639]
[0.16652825]
[0.5115686]
[0.38521695]
[0.36038384]
[0.3355]
[0.35573214]
[0.33137318]
[0.3224396]
[0.21611696]
[0.13569015]
[0.15164137]
[0.21177344]
[0.1511778]
[0.15622349]
[0.15617974]
[0.15529037]
[0.15533277]
[0.15518466]
[0.15394634]
[0.15424557]
[0.1549199]
[0.15440165]
[0.15444836]
[0.15444571]
[0.1498255]
[0.15018602]
[0.09912871]
[0.08527369]
[-0.08191332]
[-0.08289947]
[-0.0604409]
[-0.18117425]
[0.51405185]
[0.26810542]
[0.22001846]
[0.21597779]
[0.5283353]
[0.3547294]
[0.17569645]
[0.04726717]
[-0.0098402]
[-0.0711612]
[0.3883858]
[2.875098]
[0.86509913]
[-0.06615628]
[0.515201]
[1.2764359]
[0.89150095]
[0.68141246]
[1.8029029]
[2.2169542]
[6.409716]
[11.597503]
[4.0782275]
[7.5990458]
[9.177016]
[6.1298776]
[6.715877]
[6.4580464]
[3.258447]
[3.182271]
[2.8802507]
[3.021709]
[2.9584465]
[3.1280797]
[3.0802848]
[3.1326811]
[3.1533852]
[3.1027486]
[3.1559088]
[3.1364496]
[3.182867]
[3.2936473]
[3.313897]
[3.3088808]
[3.3118722]
[3.3094819]
[1.9062208]
[0.16805254]
[9.312385]
[2.9077837]
[2.0474925]
[3.152356]
[1.7649693]
[1.7104807]
[1.5548371]
[1.5500929]
[1.5298843]
[2.0627878]
[2.0582318]
[1.2782028]
[1.7850735]
[2.417226]
[1.9686608]
[2.10248]
[2.1537302]
[2.0864556]
[1.9753885]
[2.017781]
[2.0482223]
[1.9889376]
[1.8834285]
[1.8747789]
[1.1686417]
[0.8357008]
[0.75001025]
[0.5665393]
[0.35404184]
[0.20052494]
[-0.03374087]
[-0.11000244]
[-0.12069093]
[-0.14045617]
[-0.40107307]
[-0.4023137]
[-0.40232432]
[-0.41450793]
[-0.41452911]
[-0.41452911]
[-0.4144125]
[-0.40219706]
[-0.38217735]
[-0.45276594]
[-0.3583191]
[-0.32176825]
[-0.4072762]
[-0.47994316]
[-0.4809505]
[-0.48799133]
[-0.48810798]
[-0.48319846]
[-0.49096036]
[-0.49144813]
[-0.4919253]
[-0.4919253]
[-0.489953]
[-0.1431919]
[-0.04983723]
[0.02779585]
[-0.07198829]
[0.05149936]
[0.08519515]
[-0.13280031]
[-0.05709014]
[-0.05711135]
[-0.1061321]
[-0.04151335]
[-0.07311228]
[-0.09258061]
[-0.09495583]
[-0.12514447]
[-0.14553532]
[-0.14327674]
[-0.14441133]
[-0.11488012]
[-0.00870561]
[-0.02475956]
[0.03322626]
[0.241695]
[0.12256115]
[0.06395204]
[0.06955607]
[0.02463596]
[0.26730683]
[0.22008473]
[0.23397851]
[0.3026717]
[0.15950367]
[0.39472544]
[0.45280904]
[0.27613008]
[-0.03893666]
[0.5969231]
[0.83726716]
[0.58889514]
[0.5571206]
[0.60743266]
[1.5273398]
[1.2828159]
[1.3531911]
[1.3267559]
[1.3342786]
[1.3677862]
[1.3552364]
[1.4685415]
[1.334758]
[1.2410136]
[1.3594974]
[1.247643]
[1.208366]
[1.3462683]
[1.3400171]
[1.2020608]
[1.1967261]
[1.4617211]
[1.4810482]
[1.2932792]
[0.9961823]
[1.0638983]
[1.2740103]
[1.161558]
[1.1024648]
[1.1144085]
[1.1143366]
[1.0456487]
[0.6632842]
[0.6489374]
[0.71214455]
[0.678521]
[0.6709891]
[0.67064774]
[0.6610478]
[0.6594609]
[0.71919036]
[0.94932735]
[2.5135026]
[3.4284112]
[2.652974]
[2.0390308]
[1.4137298]
[4.560925]
[1.3347418]
[2.4245472]
[1.5732404]
[1.5811368]
[1.3904276]
[1.4013891]
[1.3643072]
[1.2103853]
[1.0638406]
[0.898164]
[0.8721817]
[0.8580918]
[1.0590783]
[0.5960301]
[0.4922626]
[0.8789568]
[0.6861775]
[0.65343237]
[0.6404459]
[0.6340916]
[0.62641656]
[0.6719858]
[0.5360438]
[0.5424143]
[0.54676515]
[0.52827764]
[0.6026839]
[0.48527214]
[0.27463496]
[0.323779]
[0.26659605]
[0.26243114]
[0.24878521]
[0.27978072]
[0.27098134]
[0.26155236]
[0.2718641]
[0.26243642]
[0.2760184]
[0.27682132]
[0.27161092]
[0.2751751]
[0.13293485]
[0.10961639]
[0.10491698]
[0.10799271]
[0.10912862]
[0.1091992]
[0.1087227]
[0.1092277]
[0.10943116]
[0.09903493]
[0.08920003]
[-0.10663047]
[-0.2079803]
[-0.2884091]
[-0.306605]
[-0.30639294]
[-0.4453752]
[-0.44384825]
[-0.44584176]
[-0.44851387]
[-0.4485881]
[-0.45273414]
[-0.45287198]
[-0.45414442]
[-0.45655146]
[-0.459213]
[-0.45560774]
[-0.45770726]
[-0.33498043]
[-0.4839301]
[-0.47967806]
[-0.40788063]
[-0.39125407]
[-0.44833362]
[-0.4711421]
[-0.4711527]
[-0.47091943]
[-0.4708134]
[-0.46093076]
[-0.47464132]
[-0.479466]
[-0.39636505]
[-0.4233938]
[-0.417583]
[-0.36187133]
[-0.30765477]
[-0.36997253]
[-0.3889849]
[-0.38993922]
[-0.38969535]
[-0.39035276]
[-0.41398835]
[-0.43898118]
[-0.43953258]
[-0.4404763]
[-0.44091105]
[-0.44127157]
[-0.44138822]
[-0.45362484]
[-0.47032562]
[-0.4687881]
[-0.4667416]
[-0.468576]
[-0.46783376]
[-0.46782315]
[-0.46836394]
[-0.46838516]
[-0.46819428]
[-0.46815187]
[-0.21003743]
[-0.33078137]
[-0.3523386]
[0.00705807]
[-0.20095009]
[-0.26245135]
[-0.23729944]
[-0.2547955]
[-0.323889]
[-0.3247797]
[-0.26584452]
[-0.29631945]
[-0.31972176]
[-0.23317462]
[-0.19331545]
[-0.2570541]
[-0.25495455]
[-0.25506058]
[-0.25210217]
[-0.28641564]
[-0.31122822]
[-0.32356027]
[-0.32553256]
[-0.3259249]
[-0.3259567]
[-0.32597792]
[-0.3259991]
[-0.32603094]
[-0.3268898]
[-0.32694283]
[-0.3375041]
[-0.33187354]
[-0.35996267]
[-0.15314876]
[0.0682399]
[-0.16287231]
[0.14116761]
[0.12985581]
[0.3791069]
[0.4777485]
[0.4560743]
[-0.5095486]
[-0.09097946]
[0.23388839]
[0.09165942]
[0.672285]
[0.51859784]
[1.0417187]
[0.76363826]
[1.2322123]
[1.0061892]
[6.3925366]
[3.5973296]
[8.417566]
[8.748919]
[24.22793]
[8.771554]
[4.9868984]
[5.494524]
[8.451989]
[6.3275375]
[3.3107076]
[2.6628962]
[2.324943]
[3.0299082]
[2.6931086]
[3.3977785]
[3.11479]
[3.1058226]
[3.028251]
[2.8433108]
[3.595353]
[3.1615503]
[3.4784718]
[4.5978756]
[20.136534]
[12.776156]
[9.578154]
[7.3673344]
[7.3322363]
[7.127424]
[9.864529]
[8.324456]
[8.546233]
[3.289362]
[3.3969202]
[4.818456]
[27.760101]
[19.354683]
[11.199395]
[7.368441]
[7.345882]
[6.3256702]
[6.0543156]
[6.392982]
[6.7358027]
[6.633569]
[4.545781]
[4.229263]
[4.1655555]
[4.1390505]
[4.091303]
[4.089687]
[4.0868883]
[3.0632832]
[2.7174563]
[2.5091817]
[2.468169]
[2.4674983]
[2.3533902]
[1.9932262]
[5.075309]
[9.480832]
[6.4578795]
[5.729235]
[5.174902]
[4.147324]
[3.0636442]
[2.5454817]
[2.4934661]
[2.239711]
[1.8596418]
[1.8902434]
[1.9443389]
[1.9113]
[2.1822946]
[1.8913302]
[1.9389075]
[1.9015794]
[1.9048374]
[1.846205]
[2.3026693]
[6.526567]
[4.049417]
[3.5809]
[2.9806576]
[2.014484]
[1.9434214]
[1.9436318]
[1.9322299]
[1.485683]
[1.4565414]
[1.4210414]
[1.4586364]
[1.4957886]
[0.78958017]
[0.62146467]
[0.8625254]
[0.67477095]
[0.9363176]
[0.7204465]
[0.9511943]
[1.2733128]
[0.8957967]
[0.90074635]
[0.8938652]
[0.8483245]
[0.83311844]
[0.89475226]
[0.91963875]
[0.72500247]
[0.7212992]
[0.93228364]
[0.42519143]
[1.5402143]
[4.766441]
[4.0584764]
[1.5720469]
[4.639333]
[1.5108005]
[0.81865907]
[0.31922537]
[1.93569]
[1.0825787]
[1.5686868]
[1.4081885]
[1.419015]
[1.2940949]
[10.102471]
[7.3273163]
[2.3881218]
[2.8443947]
[2.1452787]
[2.4112735]
[2.6960945]
[2.612258]
[2.7093241]
[2.4544337]
[1.6644721]
[1.5469904]
[1.4126966]
[3.180023]
[17.327051]
[20.15301]
[4.4401145]
[14.453374]
[7.968684]
[6.02003]
[34.05573]
[7.7621183]
[7.18322]
[7.666072]
[6.3673453]
[5.2166653]
[4.1902137]
[3.3828328]
[3.0474951]
[2.7550898]
[2.7391744]
[2.586829]
[4.4245343]
[6.1974053]
[7.677423]
[6.0422235]
[6.246111]
[4.831174]
[4.302755]
[4.3031497]
[4.319655]
[6.081741]
[5.2389827]
[5.132832]
[4.42008]
[3.3811758]
[2.819788]
[2.8087628]
[3.4943132]
[3.5756326]
[7.6319413]
[4.176736]
[2.5057464]
[3.3530886]
[2.55244]
[2.531807]
[2.5337586]
[2.4175322]
[2.2281647]
[2.405562]
[2.100841]
[1.9213175]
[1.9648812]
[1.883343]
[1.7537427]
[1.7561256]
[1.7570461]
[1.7533875]
[1.7604711]
[1.7286415]
[1.7682303]
[1.6174359]
[1.5734645]
[1.4140377]
[1.226811]
[1.1027396]
[0.9989151]
[0.912306]
[0.85348046]
[0.1927498]
[0.14689955]
[0.18658575]
[0.17591085]
[0.13869861]
[0.13652883]
[0.13158652]
[0.24242467]
[0.00594468]
[0.1034719]
[0.6443795]
[-0.21711007]
[0.18463601]
[0.32724437]
[-0.02307358]
[-0.08083175]
[-0.0812559]
[-0.05630547]
[-0.04256312]
[-0.12585491]
[0.08782519]
[0.24155615]
[0.04487505]
[1.2162057]
[2.1504438]
[0.18048964]
[0.15277465]
[0.6408657]
[0.57690144]
[0.93157816]
[0.4096796]
[0.21784139]
[0.2963241]
[0.7519693]
[0.7914139]
[0.72650355]
[0.5618366]
[0.54662365]
[0.5416499]
[0.54117435]
[0.4972447]
[0.47314486]
[0.4714854]
[0.47810772]
[0.47128126]
[0.4706739]
[0.47337615]
[0.47205004]
[0.47215176]
[0.46841264]
[0.56851226]
[0.5145999]
[0.48017842]
[0.7185346]
[0.22194766]
[0.40902084]
[0.36003688]
[0.30206862]
[0.09519938]
[-0.03996522]
[0.32336178]
[0.39509326]
[0.31411043]
[0.39934832]
[0.39708444]
[0.39814645]
[0.40279683]
[0.44870573]
[0.5025611]
[0.50243586]
[0.42808592]
[0.42719853]
[0.42718694]
[0.4270166]
[0.42698646]
[0.42700234]
[0.42704776]
[0.42702156]
[0.41914603]
[0.41881698]
[0.35800928]
[0.3279081]
[0.24848863]
[-0.12887695]
[-0.15698728]
[-0.22283605]
[-0.1969631]
[-0.3997158]
[-0.23122355]
[-0.44935158]
[-0.16715619]
[-0.15538612]
[-0.25269598]
[-0.31051776]
[-0.31068742]
[-0.31012544]
[-0.25920662]
[-0.23306859]
[-0.22457504]
[-0.22458565]
[-0.22462806]
[-0.2247023]
[-0.22450082]
[-0.22540213]
[-0.22522187]
[-0.22492497]
[-0.22506282]
[-0.22477652]
[-0.22539154]
[-0.22245431]
[-0.18028353]
[-0.29148418]
[-0.23869914]
[-0.17897928]
[0.27871406]
[0.7707079]
[0.2675411]
[0.07761586]
[0.192099]
[-0.11200653]
[-0.0870349]
[-0.09907006]
[4.985152]
[0.98342276]
[-0.04751503]
[0.2986062]
[0.64322406]
[0.41368943]
[0.6791234]
[0.34524146]
[0.4029761]
[-0.24967393]
[1.0912349]
[0.5296969]
[1.1979624]
[0.5705193]
[1.2680331]
[1.0736504]
[1.2265921]
[1.1698756]
[1.1712724]
[1.1139255]
[1.1095183]
[1.0918041]
[1.0715734]
[1.3865331]
[1.1394722]
[6.1859045]
[4.1945195]
[2.279655]
[0.8451099]
[17.355896]
[9.838354]
[59.016308]
[81.08055]
[19.628834]
[97.9569]
[54.183037]
[45.970875]
[16.41379]
[13.789723]
[12.460261]
[12.150203]
[9.613943]
[9.4040365]
[29.414963]
[130.74207]
[165.57904]
[140.40773]
[139.7344]
[20.813646]
[13.315647]
[11.835619]
[11.340572]
[9.417318]
[8.714557]
[6.2469664]
[5.913242]
[41.041]
[56.808994]
[7.532177]
[17.808823]
[5.9541006]
[8.284416]
[9.296764]
[10.774208]
[13.633709]
[62.056538]
[42.0093]
[13.351874]
[60.46058]
[16.28538]
[16.409937]
[13.439068]
[38.923767]
[13.94818]
[10.553298]
[7.9774747]
[8.814424]
[7.563615]
[6.0328636]
[6.0018687]
[6.7672305]
[4.5485816]
[4.4675856]
[4.73015]
[4.680044]
[3.8750715]
[3.3059165]
[3.3076625]
[3.7488148]
[4.106493]
[4.10523]
[4.4097414]
[4.672553]
[4.631153]
[2.6679444]
[2.340566]
[2.3477008]
[2.2859867]
[2.0074184]
[2.0094078]
[1.96341]
[2.012683]
[1.9063745]
[2.046024]
[2.149009]
[1.6268651]
[1.5146903]
[1.4351108]
[1.1528615]
[1.1231351]
[1.1480153]
[1.170603]
[1.1518037]
[1.1556797]
[1.1588448]
[1.0752449]
[1.052888]
[0.9315195]
[0.972781]
[1.0025369]
[0.9697046]
[0.9647925]
[0.960325]
[1.0419414]
[0.31817195]
[-0.04439755]
[0.4313124]
[0.09231817]
[0.02677558]
[0.5775754]
[0.1402219]
[0.44029173]
[0.39411607]
[0.64614636]
[0.97605956]
[0.44032156]
[0.15913685]
[0.12671083]
[0.06608271]
[0.09593137]
[3.4354248]
[4.21666]
[0.49601036]
[0.07310896]
[-0.03173677]
[0.22296594]
[-0.00958571]
[0.73259866]
[-0.4910664]
[0.8989]
[0.9364582]
[1.3945372]
[1.638957]
[1.5298707]
[1.8064896]
[1.4072142]
[1.686249]
[2.136684]
[1.6878322]
[1.9534787]
[1.8989288]
[1.9884608]
[2.2676105]
[2.0736966]
[1.7820356]
[1.8475113]
[2.3439677]
[1.955613]
[2.3120065]
[2.463223]
[2.5375898]
[2.3753715]
[2.3315365]
[2.161441]
[2.1222525]
[2.059397]
[2.060616]
[1.8724905]
[1.8626592]
[1.86596]
[1.7316874]
[1.6672201]
[1.6465496]
[1.4976661]
[1.4459358]
[1.4784231]
[0.9326673]
[1.4293768]
[1.3113538]
[1.1466274]
[1.3695811]
[2.6871035]
[1.3815166]
[1.4251251]
[2.0761986]
[1.243377]
[1.8277997]
[2.167838]
[1.291059]
[0.8075262]
[0.9950646]
[1.246515]
[5.242576]
[2.740885]
[2.6737714]
[2.996901]
[1.9616206]
[1.0630597]
[1.1402516]
[0.83005697]
[1.031461]
[2.8535635]
[1.6182902]
[1.8010864]
[1.3005217]
[1.11949]
[0.86746275]
[1.5082022]
[1.1648237]
[1.65165]
[1.3426912]
[1.8782936]
[6.45897]
[5.5795884]
[1.9676878]
[2.9476695]
[1.7858045]
[1.8792752]
[2.1315577]
[2.4279342]
[2.9664228]
[2.7403755]
[1.8352143]
[1.9319932]
[1.7671242]
[1.8193164]
[1.9396174]
[1.8714017]
[1.8603201]
[1.9309654]
[2.29323]
[3.9236946]
[6.5472126]
[34.833294]
[9.675776]
[6.3709636]
[8.331126]
[7.3227005]
[6.0938535]
[5.372241]
[4.895251]
[4.708309]
[2.8683202]
[2.2988875]
[2.3509681]
[2.281874]
[2.2881887]
[2.2831197]
[2.2432122]
[2.2631502]
[2.0383763]
[1.840379]
[1.8459741]
[1.8582097]
[1.8826663]
[5.024969]
[5.3044686]
[7.7162576]
[9.089191]
[8.834714]
[4.0904512]
[5.419816]
[5.6364975]
[6.076708]
[6.0858946]
[4.038068]
[3.6626341]
[3.4499154]
[2.2801485]
[2.281627]
[2.2071197]
[1.9535435]
[1.5410968]
[1.5199614]
[1.5134182]
[1.5168134]
[1.5131342]
[1.5130332]
[1.513061]
[1.5175347]
[1.5170768]
[1.5221039]
[1.5221186]
[1.4989843]
[1.4967264]
[1.5766671]
[1.5852137]
[1.4769917]
[0.8712661]
[0.9044175]
[0.6919558]
[0.67165214]
[0.39865974]
[0.2767852]
[0.36106378]
[0.09655698]
[0.21270159]
[0.30759645]
[0.23909014]
[0.23185943]
[0.22315781]
[0.21396774]
[0.21284044]
[0.21281923]
[0.25648975]
[0.2564964]
[0.25702062]
[0.3146711]
[0.18794535]
[0.22260144]
[0.2717236]
[0.23498851]
[0.22637469]
[0.22585744]
[0.22502339]
[0.01973077]
[-0.01976523]
[0.02160464]
[-0.43114507]
[-0.35297483]
[-0.36712015]
[-0.3930355]
[-0.4260235]
[-0.4260129]
[-0.46405885]
[-0.46404824]
[-0.46442997]
[0.06782901]
[0.09037107]
[-0.00427328]
[0.02429764]
[0.21393758]
[-0.04207535]
[-0.15049784]
[-0.14357364]
[-0.14194068]
[-0.14782572]
[-0.11745681]
[-0.20514913]
[-0.20524457]
[-0.20528698]
[-0.20847869]
[-0.2036116]
[-0.14013806]
[-0.1087512]
[0.1415394]
[0.10752714]
[0.03696007]
[0.02134916]
[0.06202085]
[0.09574912]
[0.15129079]
[0.26201627]
[-0.16964805]
[0.27346954]
[0.3308947]
[0.7047435]
[0.77215034]
[0.69631827]
[0.75955087]
[0.6975781]
[0.66619027]
[0.7246562]
[1.8927608]
[4.576722]
[18.653036]
[2.624743]
[3.4004095]
[3.27715]
[2.353118]
[2.6522918]
[2.4430745]
[2.291214]
[1.6732728]
[1.8670114]
[1.810863]
[1.7482156]
[1.7238284]
[1.8283076]
[1.6009445]
[1.7370893]
[1.934681]
[1.8008972]
[1.7972823]
[1.8001918]
[1.8001894]
[1.8238183]
[1.7002687]
[1.4848088]
[1.570473]
[1.6553758]
[1.5839144]
[1.5814593]
[1.6668144]
[1.5051872]
[0.99890083]
[0.89756525]
[0.92429775]
[0.92205006]
[0.9220322]
[0.9220322]
[0.9220322]
[0.92189205]
[0.9057811]
[0.8620724]
[0.77489305]
[0.68586504]
[0.6503573]
[0.5781888]
[0.4610577]
[0.43550682]
[0.41649643]
[0.41254225]
[1.3033844]
[15.191505]
[5.9845457]
[0.91019285]
[6.477626]
[2.9964237]
[3.960754]
[3.2169282]
[3.2455525]
[3.0002317]
[1.408413]
[1.0531392]
[0.7518569]
[0.5763931]
[0.56769675]
[0.6166937]
[0.59479743]
[0.5916395]
[0.59160304]
[0.59518445]
[0.6943821]
[0.59056956]
[0.5755617]
[0.61705816]
[0.597622]
[0.57547027]
[0.5743827]
[0.57433265]
[0.69990194]
[0.853954]
[0.45574358]
[-0.01281983]
[0.58731055]
[0.52354807]
[0.3103398]
[0.2444092]
[0.58366024]
[0.02813749]
[0.38184398]
[0.81219774]
[0.5659127]
[0.6436064]
[0.6327241]
[0.932108]
[0.7697168]
[8.253711]
[7.679703]
[1.3698773]
[3.771438]
[3.469324]
[3.5204377]
[3.6167257]
[3.987934]
[2.1366537]
[4.9795794]
[2.7825696]
[5.731488]
[3.1439042]
[3.361331]
[4.806163]
[2.7290874]
[1.5520205]
[1.4425403]
[1.3702925]
[1.3694953]
[1.28159]
[1.2609651]
[1.2329098]
[1.1947254]
[1.1912543]
[1.1905717]
[1.1904918]
[1.1824642]
[1.1837847]
[1.2251539]
[1.3218013]
[1.4347997]
[2.7677903]
[1.4977443]
[1.8062218]
[1.6778595]
[1.2743857]
[1.2431033]
[1.0525259]
[1.0564154]
[0.8357906]
[1.1654718]
[1.1563414]
[1.0970019]
[1.0036721]
[1.1983445]
[4.12011]
[7.844677]
[2.549927]
[4.6413183]
[4.8110714]
[1.9614489]
[6.4625487]
[6.385564]
[5.389386]
[6.7792816]
[4.8543777]
[3.860514]
[3.447985]
[3.0208547]
[1.6628258]
[1.6518909]
[1.4276108]
[1.3953987]
[1.3926163]
[1.3706176]
[1.4145268]
[1.6664199]
[1.7950255]
[1.1530732]
[1.6645609]
[1.2546629]
[1.3337076]
[1.2268226]
[1.1875272]
[1.2469053]
[1.3709775]
[3.8679984]
[1.7625414]
[2.0582607]
[3.3042471]
[1.3476541]
[1.14834]
[0.9687178]
[0.9370526]
[0.9845368]
[1.4431493]
[1.6092072]
[1.292015]
[1.4611375]
[1.6355523]
[1.3448299]
[1.3470639]
[1.3451878]
[1.3435372]
[4.0634646]
[13.113876]
[32.37068]
[56.382706]
[12.059241]
[10.212989]
[10.60975]
[9.60753]
[8.839511]
[8.965447]
[7.5890975]
[24.777264]
[34.8112]
[35.985634]
[12.2473755]
[9.395965]
[6.2394676]
[4.9001894]
[4.595489]
[4.330195]
[2.9361453]
[2.772798]
[2.881655]
[2.8082676]
[2.8003044]
[2.8011901]
[2.8108728]
[2.8053508]
[2.804055]
[2.8153317]
[3.0211544]
[2.9482825]
[3.7187932]
[4.6310577]
[4.94096]
[4.417798]
[4.7709]
[4.9112325]
[6.782478]
[7.0793176]
[5.7177677]
[4.073965]
[4.6653814]
[2.431083]
[2.4771974]
[2.7731802]
[2.2370734]
[8.535372]
[6.562615]
[5.9105487]
[6.5593076]
[8.29066]
[6.090581]
[7.664036]
[7.398802]
[4.2605157]
[3.494924]
[3.433832]
[3.191284]
[3.0567765]
[2.9493787]
[2.9579666]
[2.7370543]
[2.4116266]
[2.4014366]
[2.3943803]
[2.3599968]
[2.3651073]
[2.3097553]
[2.266288]
[2.2053244]
[2.1034229]
[1.19541]
[1.4176763]
[1.0838236]
[1.1303568]
[1.0945469]
[1.0057809]
[0.94530493]
[0.8955976]
[0.8824828]
[0.8557583]
[0.7003433]
[0.62286]
[0.6125052]
[0.5955924]
[0.6003634]
[0.5864669]
[0.59739137]
[0.6029238]
[0.5433153]
[0.5281524]
[0.4895749]
[0.48255894]
[0.47630343]
[0.57887036]
[0.29561165]
[0.40421242]
[0.37456125]
[0.28874347]
[0.14733529]
[0.08342335]
[0.07362291]
[0.05233771]
[0.03956327]
[0.03415309]
[-0.08695006]
[-0.15736902]
[-0.19682525]
[-0.14827107]
[-0.42296964]
[-0.3551274]
[-0.32051703]
[-0.39840096]
[-0.41143286]
[-0.41053155]
[-0.4187812]
[-0.41839945]
[-0.41737092]
[-0.4058023]
[-0.40760493]
[-0.40770036]
[-0.40849563]
[-0.40847445]
[-0.40820935]
[-0.41950226]
[-0.41495326]
[-0.3270383]
[-0.46773833]
[-0.3664627]
[-0.39174184]
[-0.4088986]
[-0.41873878]
[-0.38890007]
[-0.3731218]
[-0.3840754]
[-0.41609848]
[-0.4130552]
[-0.4139141]
[-0.43047705]
[-0.43517447]
[-0.45571378]
[-0.4540702]
[-0.45227817]
[-0.4546534]
[-0.44992417]
[-0.45799357]
[-0.45691198]
[-0.44518432]
[-0.4482806]
[-0.42265153]
[0.10337547]
[0.3819424]
[0.0265602]
[0.02309711]
[0.12215158]
[-0.09585714]
[-0.179308]
[-0.16526875]
[-0.15203537]
[-0.15305331]
[-0.17977455]
[-0.2024664]
[-0.20318745]
[-0.20355858]
[-0.2117446]
[-0.01259716]
[0.35059166]
[0.7183911]
[0.31880286]
[0.36373857]
[0.40426576]
[0.23935424]
[0.23793766]
[0.15864907]
[-0.1648552]
[0.06923167]
[0.6446356]
[0.73636633]
[0.58833313]
[0.55301166]
[0.47788373]
[0.46907073]
[0.54893655]
[0.7161958]
[0.45632184]
[0.9385809]
[0.55033493]
[0.4328168]
[0.3885349]
[0.83758557]
[0.7659681]
[0.82967657]
[0.7709992]
[0.7512532]
[0.723624]
[0.7631671]
[0.98491955]
[0.80584055]
[0.46758756]
[0.87740535]
[1.2391351]
[0.8708804]
[1.0509218]
[0.5508562]
[0.5979626]
[1.4435407]
[1.6367782]
[2.6935134]
[1.4072324]
[1.805648]
[0.8423977]
[1.1255175]
[0.957125]
[1.226826]
[2.481274]
[1.1821269]
[1.8196802]
[1.4194353]
[1.3756484]
[1.3998526]
[1.4636949]
[1.4267316]
[1.4298315]
[1.2827677]
[1.2835774]
[1.2031469]
[0.9276525]
[0.9386922]
[0.9304005]
[0.92248416]
[0.9673894]
[0.95398897]
[0.91506094]
[0.8305938]
[1.2437146]
[1.8166281]
[1.633514]
[0.9988783]
[2.1564152]
[1.0995378]
[2.4424312]
[0.84754175]
[0.98274416]
[0.4287672]
[3.32863]
[1.3727424]
[1.9818411]
[1.3816521]
[0.92895406]
[2.1817112]
[5.2201576]
[2.4947813]
[3.2866938]
[3.0802429]
[2.5766544]
[2.4313457]
[2.2655718]
[1.7446533]
[1.6997074]
[1.5172011]
[1.4846392]
[1.4633358]
[1.401468]
[2.7768686]
[4.163485]
[2.3389883]
[1.8156804]
[2.4943264][0.]
[0.]
[0.]
[0.28]
[0.17]
[0.]
[0.21]
[0.]
[0.]
[0.]
[0.]
[0.]
[0.]
[0.]
[0.6]
[1.08]
[0.95]
[0.81]
[0.68]
[0.68]
[0.71]
[0.65]
[0.59]
[0.6]
[0.58]
[0.45]
[0.57]
[0.73]
[1.1]
[1.26]
[1.08]
[1.09]
[1.07]
[0.95]
[0.86]
[0.8]
[0.8]
[0.74]
[0.69]
[0.68]
[0.67]
[0.63]
[0.59]
[0.57]
[0.52]
[0.12]
[0.12]
[0.]
[0.]
[0.]
[0.]
[0.]
[0.]
[0.]
[0.]
[0.]
[0.]
[0.]
[0.]
[0.]
[0.]
[0.]
[0.]
[0.]
[0.]
[0.]
[0.]
[0.]
[0.]
[0.]
[0.]
[0.]
[0.]
[0.]
[0.]
[0.]
[0.]
[0.]
[0.]
[0.]
[0.]
[0.]
[0.]
[0.]
[0.]
[0.]
[0.]
[0.]
[0.]
[0.]
[0.]
[0.]
[0.]
[0.]
[0.]
[0.]
[0.]
[0.]
[0.]
[0.]
[0.]
[0.]
[0.27]
[0.77]
[0.95]
[0.79]
[0.69]
[0.35]
[0.4]
[0.36]
[0.]
[0.]
[0.]
[0.]
[0.]
[0.]
[0.]
[0.]
[0.]
[0.]
[0.]
[0.]
[0.25]
[7.42]
[2.62]
[1.72]
[1.48]
[1.33]
[1.18]
[1.13]
[1.06]
[1.05]
[0.99]
[0.92]
[1.]
[1.26]
[1.24]
[1.35]
[4.02]
[3.45]
[3.17]
[2.77]
[2.52]
[2.35]
[2.15]
[1.86]
[1.67]
[1.5]
[1.34]
[1.18]
[1.62]
[1.26]
[1.09]
[0.97]
[0.9]
[0.86]
[0.8]
[0.79]
[0.83]
[1.14]
[1.3]
[1.56]
[1.77]
[2.58]
[2.22]
[1.51]
[1.25]
[1.02]
[0.98]
[0.25]
[0.99]
[25.49]
[59.09]
[33.01]
[25.84]
[30.3]
[39.38]
[18.5]
[14.22]
[11.35]
[9.51]
[8.22]
[7.]
[6.11]
[5.36]
[4.71]
[4.17]
[3.59]
[2.49]
[2.89]
[3.03]
[3.26]
[2.7]
[2.56]
[2.65]
[3.28]
[4.97]
[9.67]
[8.04]
[8.29]
[8.74]
[6.27]
[5.07]
[4.43]
[4.]
[3.59]
[3.33]
[3.17]
[2.96]
[2.79]
[2.66]
[2.43]
[2.26]
[2.1]
[1.96]
[1.83]
[1.74]
[1.62]
[1.54]
[1.49]
[1.44]
[1.38]
[1.33]
[1.32]
[1.35]
[1.32]
[1.32]
[1.53]
[1.62]
[1.66]
[1.56]
[1.44]
[1.36]
[1.3]
[1.23]
[1.13]
[1.05]
[0.94]
[0.85]
[0.65]
[0.88]
[0.89]
[0.74]
[0.68]
[0.67]
[0.61]
[0.63]
[0.63]
[0.64]
[0.64]
[0.63]
[0.64]
[0.63]
[0.63]
[0.63]
[0.63]
[0.63]
[0.63]
[0.63]
[0.63]
[0.64]
[0.63]
[0.64]
[0.63]
[0.63]
[0.64]
[0.64]
[0.64]
[0.63]
[0.63]
[0.63]
[0.64]
[0.64]
[0.63]
[0.63]
[0.63]
[0.64]
[0.63]
[0.63]
[0.64]
[0.64]
[0.64]
[0.64]
[0.64]
[0.64]
[0.64]
[0.63]
[0.63]
[0.63]
[0.63]
[0.64]
[0.63]
[0.63]
[0.64]
[0.64]
[0.64]
[0.64]
[0.64]
[0.64]
[0.64]
[0.64]
[0.63]
[0.64]
[0.64]
[0.64]
[0.66]
[0.75]
[0.67]
[0.66]
[0.68]
[0.67]
[0.66]
[0.66]
[0.66]
[0.68]
[0.66]
[0.65]
[0.66]
[0.67]
[0.67]
[0.68]
[0.68]
[0.68]
[0.68]
[0.68]
[0.68]
[0.68]
[0.68]
[1.15]
[1.88]
[1.85]
[1.7]
[1.47]
[1.22]
[1.18]
[1.27]
[0.96]
[0.7]
[0.93]
[1.23]
[0.91]
[0.94]
[0.97]
[0.87]
[0.9]
[0.91]
[0.86]
[1.2]
[1.43]
[1.25]
[1.02]
[0.83]
[0.86]
[0.8]
[0.77]
[0.84]
[0.94]
[0.94]
[1.95]
[1.68]
[1.39]
[1.29]
[1.11]
[1.01]
[0.93]
[1.1]
[0.94]
[1.05]
[1.45]
[1.25]
[1.11]
[1.04]
[0.99]
[1.]
[0.93]
[0.88]
[0.97]
[1.1]
[1.12]
[1.16]
[2.44]
[4.85]
[3.8]
[2.93]
[2.64]
[7.87]
[10.06]
[7.84]
[9.02]
[15.39]
[14.5]
[13.57]
[8.91]
[9.33]
[11.49]
[8.94]
[7.52]
[6.87]
[6.97]
[6.55]
[6.01]
[5.69]
[5.21]
[4.84]
[4.59]
[4.59]
[8.5]
[13.21]
[8.31]
[7.35]
[22.01]
[11.09]
[8.77]
[35.23]
[44.42]
[15.95]
[12.84]
[10.09]
[8.83]
[9.1]
[11.36]
[19.18]
[12.55]
[39.21]
[18.06]
[11.42]
[14.36]
[13.9]
[11.88]
[17.67]
[22.83]
[13.14]
[12.43]
[20.76]
[26.5]
[27.49]
[45.24]
[19.23]
[12.51]
[10.54]
[9.14]
[8.3]
[7.79]
[7.34]
[6.9]
[7.]
[22.77]
[34.28]
[72.03]
[21.14]
[16.94]
[11.51]
[9.99]
[8.83]
[8.11]
[7.58]
[7.11]
[6.54]
[6.26]
[5.74]
[5.48]
[5.37]
[5.31]
[5.18]
[4.95]
[4.85]
[4.91]
[4.73]
[4.49]
[4.29]
[4.34]
[4.4]
[4.18]
[3.97]
[3.75]
[3.6]
[3.81]
[25.33]
[26.23]
[13.27]
[30.83]
[15.23]
[17.14]
[45.1]
[47.58]
[45.41]
[16.71]
[13.02]
[12.28]
[10.57]
[9.53]
[8.79]
[8.16]
[7.49]
[6.96]
[6.56]
[6.2]
[5.89]
[5.51]
[5.35]
[5.16]
[4.92]
[4.74]
[4.56]
[4.79]
[4.8]
[4.95]
[4.64]
[4.27]
[4.13]
[4.04]
[5.53]
[6.12]
[6.03]
[7.79]
[12.49]
[63.04]
[13.52]
[9.83]
[8.3]
[7.45]
[6.59]
[5.91]
[5.51]
[5.23]
[4.97]
[4.68]
[4.52]
[4.47]
[4.63]
[5.49]
[10.44]
[11.66]
[8.68]
[7.]
[6.13]
[5.72]
[5.54]
[5.39]
[5.1]
[4.74]
[4.53]
[4.42]
[4.96]
[5.91]
[5.1]
[4.72]
[4.84]
[4.41]
[4.35]
[4.05]
[3.75]
[3.48]
[3.31]
[3.36]
[3.24]
[3.13]
[3.04]
[2.88]
[2.55]
[2.51]
[2.39]
[2.21]
[2.03]
[1.9]
[1.83]
[1.74]
[1.72]
[1.62]
[1.52]
[1.38]
[1.23]
[1.03]
[1.05]
[0.75]
[0.72]
[0.7]
[0.68]
[0.68]
[0.67]
[0.7]
[0.68]
[0.71]
[0.67]
[0.66]
[0.64]
[0.6]
[0.32]
[0.22]
[0.21]
[0.02]
[0.03]
[0.06]
[0.]
[0.]
[0.]
[0.]
[0.]
[0.]
[0.]
[0.]
[0.]
[0.]
[0.]
[0.]
[0.]
[0.]
[0.]
[0.]
[0.]
[0.]
[0.]
[0.]
[0.]
[0.]
[0.]
[0.]
[0.]
[0.]
[0.]
[0.]
[0.]
[0.]
[0.]
[0.]
[0.]
[0.]
[0.]
[0.]
[0.]
[0.]
[0.]
[0.]
[0.02]
[0.]
[0.]
[0.]
[0.]
[0.]
[0.]
[0.]
[0.]
[0.07]
[0.]
[0.]
[0.]
[0.]
[0.]
[0.]
[0.]
[0.]
[0.]
[0.]
[0.]
[0.05]
[0.]
[0.]
[0.]
[0.]
[0.]
[0.]
[0.]
[0.]
[0.]
[0.02]
[0.]
[0.]
[0.]
[0.]
[0.02]
[0.]
[0.]
[0.]
[0.]
[0.]
[0.02]
[0.]
[0.07]
[0.1]
[0.05]
[0.02]
[0.]
[0.02]
[0.02]
[0.]
[0.]
[0.]
[0.]
[0.]
[0.]
[0.02]
[0.]
[0.02]
[0.]
[0.]
[0.]
[0.]
[0.02]
[0.05]
[0.02]
[0.1]
[0.05]
[0.19]
[0.06]
[0.02]
[0.02]
[0.]
[1.24]
[1.2]
[1.]
[0.92]
[0.87]
[0.89]
[0.87]
[0.82]
[0.83]
[1.09]
[1.13]
[1.13]
[1.17]
[1.17]
[2.12]
[2.12]
[1.62]
[1.38]
[1.5]
[1.7]
[4.12]
[3.91]
[4.37]
[3.86]
[6.9]
[14.6]
[9.3]
[7.16]
[6.2]
[5.65]
[5.2]
[4.81]
[4.52]
[13.04]
[15.73]
[9.05]
[7.39]
[6.66]
[6.12]
[22.18]
[18.63]
[10.32]
[8.19]
[7.32]
[6.76]
[6.45]
[20.18]
[15.02]
[10.32]
[9.1]
[8.1]
[12.01]
[9.79]
[8.39]
[8.54]
[12.01]
[9.47]
[8.18]
[9.44]
[11.83]
[17.19]
[15.01]
[19.75]
[38.2]
[28.68]
[13.15]
[11.23]
[10.12]
[9.24]
[8.71]
[8.29]
[7.95]
[14.34]
[11.41]
[9.12]
[8.27]
[7.76]
[7.21]
[6.84]
[6.6]
[6.4]
[6.32]
[6.45]
[6.36]
[6.12]
[5.95]
[5.93]
[5.95]
[5.79]
[5.51]
[5.31]
[5.17]
[5.07]
[5.1]
[5.32]
[5.74]
[5.54]
[5.29]
[5.1]
[5.01]
[4.98]
[5.87]
[6.07]
[5.43]
[5.02]
[4.68]
[4.45]
[4.31]
[4.2]
[4.19]
[4.2]
[4.21]
[14.05]
[45.38]
[12.03]
[17.1]
[25.96]
[46.89]
[27.08]
[15.64]
[12.69]
[11.16]
[10.07]
[9.27]
[8.85]
[8.33]
[7.91]
[7.38]
[7.02]
[6.75]
[6.66]
[6.47]
[6.32]
[6.17]
[6.12]
[5.97]
[5.69]
[5.51]
[6.07]
[8.38]
[20.63]
[13.18]
[14.73]
[10.02]
[8.13]
[7.53]
[7.11]
[6.69]
[6.32]
[6.12]
[6.06]
[6.25]
[6.48]
[6.11]
[5.78]
[5.59]
[5.42]
[7.37]
[14.31]
[8.88]
[7.11]
[6.47]
[6.05]
[5.74]
[5.43]
[5.19]
[4.99]
[4.81]
[4.59]
[4.37]
[4.33]
[4.19]
[4.04]
[3.83]
[4.15]
[4.07]
[4.04]
[4.67]
[6.73]
[7.31]
[6.39]
[5.58]
[5.02]
[4.65]
[4.33]
[3.99]
[3.5]
[3.31]
[3.18]
[3.05]
[3.25]
[2.83]
[2.76]
[2.51]
[2.55]
[2.53]
[2.7]
[2.77]
[3.36]
[3.7]
[3.49]
[3.06]
[2.77]
[2.53]
[2.32]
[2.2]
[2.08]
[2.07]
[2.01]
[2.01]
[2.01]
[2.04]
[2.11]
[2.11]
[2.18]
[2.2]
[2.17]
[2.17]
[2.17]
[2.19]
[2.01]
[1.89]
[1.73]
[1.51]
[1.32]
[1.12]
[1.]
[0.92]
[0.9]
[1.29]
[6.94]
[5.67]
[3.63]
[2.74]
[2.15]
[1.85]
[1.67]
[1.45]
[1.24]
[1.05]
[0.87]
[0.74]
[0.67]
[0.56]
[0.21]
[0.]
[0.05]
[1.6]
[0.87]
[0.42]
[0.]
[0.05]
[0.05]
[0.24]
[0.12]
[0.12]
[0.14]
[0.14]
[0.14]
[0.1]
[0.05]
[0.]
[0.]
[0.]
[0.02]
[0.07]
[0.1]
[0.07]
[0.07]
[0.1]
[0.1]
[0.1]
[0.12]
[0.12]
[0.24]
[0.29]
[0.29]
[0.24]
[0.17]
[0.21]
[0.26]
[0.33]
[0.24]
[0.12]
[0.02]
[0.1]
[0.1]
[0.19]
[0.14]
[0.12]
[0.12]
[0.21]
[0.1]
[0.]
[0.]
[0.05]
[0.07]
[0.07]
[0.1]
[0.1]
[0.02]
[0.]
[0.02]
[0.07]
[0.]
[0.02]
[0.]
[0.02]
[0.36]
[0.48]
[0.43]
[0.26]
[0.26]
[0.17]
[0.1]
[0.07]
[0.26]
[0.21]
[0.29]
[0.43]
[0.5]
[0.45]
[0.38]
[0.38]
[0.26]
[0.4]
[0.38]
[0.31]
[0.33]
[0.33]
[0.33]
[0.12]
[0.52]
[0.55]
[0.48]
[0.52]
[0.45]
[0.4]
[0.26]
[0.36]
[0.4]
[0.24]
[0.4]
[0.43]
[0.48]
[0.33]
[0.29]
[0.29]
[0.17]
[0.31]
[0.29]
[0.29]
[0.14]
[0.14]
[0.12]
[0.14]
[0.24]
[0.36]
[0.36]
[0.43]
[0.38]
[0.43]
[0.48]
[0.52]
[0.5]
[0.43]
[0.55]
[0.48]
[0.55]
[0.57]
[0.57]
[0.57]
[0.57]
[0.57]
[0.57]
[0.57]
[0.57]
[0.57]
[0.57]
[0.57]
[0.57]
[0.57]
[1.61]
[2.5]
[1.59]
[1.36]
[3.71]
[6.68]
[7.51]
[7.37]
[5.7]
[4.64]
[3.84]
[7.02]
[8.02]
[6.97]
[5.57]
[4.74]
[4.17]
[3.75]
[3.44]
[3.09]
[2.8]
[2.56]
[2.39]
[2.23]
[2.06]
[1.96]
[1.91]
[1.87]
[1.83]
[1.81]
[1.77]
[1.77]
[3.08]
[4.46]
[4.5]
[3.57]
[3.05]
[2.69]
[2.44]
[2.28]
[2.2]
[2.1]
[2.02]
[2.03]
[2.09]
[2.19]
[2.2]
[2.19]
[2.02]
[1.95]
[1.91]
[1.85]
[1.81]
[1.71]
[1.64]
[1.61]
[1.55]
[1.52]
[1.46]
[1.36]
[1.37]
[1.36]
[1.3]
[0.94]
[0.91]
[0.89]
[0.9]
[0.89]
[0.86]
[0.37]
[0.19]
[0.02]
[0.]
[0.]
[0.]
[0.]
[0.]
[0.]
[0.]
[0.]
[0.]
[0.]
[0.]
[0.]
[0.]
[0.]
[0.]
[0.]
[0.]
[0.]
[0.02]
[0.]
[0.]
[0.28]
[0.72]
[0.37]
[0.]
[0.]
[0.]
[0.]
[0.]
[0.]
[0.]
[0.]
[0.]
[0.]
[0.]
[0.]
[0.]
[0.]
[0.]
[0.]
[0.]
[0.]
[0.]
[0.]
[0.]
[0.]
[0.]
[0.]
[0.38]
[0.58]
[0.54]
[0.64]
[0.86]
[1.04]
[1.26]
[1.32]
[0.91]
[0.86]
[1.82]
[2.86]
[2.21]
[1.4]
[1.07]
[0.86]
[0.7]
[0.45]
[0.]
[0.01]
[0.]
[0.01]
[0.01]
[0.02]
[0.01]
[0.]
[0.]
[0.]
[0.01]
[0.]
[0.]
[0.02]
[0.]
[0.]
[0.]
[0.]
[0.]
[0.]
[0.]
[0.]
[0.]
[0.01]
[0.]
[0.]
[0.]
[0.]
[0.]
[0.]
[0.]
[0.]
[0.02]
[0.02]
[0.04]
[0.02]
[0.02]
[0.01]
[0.]
[0.02]
[0.]
[0.03]
[0.02]
[0.02]
[0.01]
[0.]
[0.01]
[0.01]
[0.01]
[0.]
[0.04]
[0.08]
[0.03]
[0.06]
[0.04]
[0.02]
[0.01]
[0.02]
[0.02]
[0.01]
[0.]
[0.02]
[0.01]
[0.02]
[0.08]
[0.12]
[0.09]
[0.06]
[0.04]
[0.01]
[0.01]
[0.01]
[0.]
[0.]
[0.]
[0.01]
[0.02]
[0.07]
[0.1]
[0.1]
[0.12]
[0.12]
[0.1]
[0.08]
[0.09]
[0.08]
[0.08]
[0.08]
[0.08]
[0.07]
[0.04]
[0.]
[0.]
[0.]
[0.]
[0.]
[0.01]
[0.]
[0.01]
[0.]
[0.01]
[0.]
[0.]
[0.01]
[0.]
[0.]
[0.01]
[0.02]
[0.]
[0.]
[0.05]
[0.03]
[0.04]
[0.02]
[0.01]
[0.01]
[0.]
[0.]
[0.]
[0.01]
[0.01]
[0.07]
[0.35]
[0.23]
[0.12]
[0.05]
[0.04]
[0.01]
[0.03]
[0.07]
[0.05]
[0.25]
[0.21]
[0.18]
[0.23]
[0.24]
[0.34]
[0.2]
[0.27]
[0.16]
[0.26]
[0.28]
[0.18]
[0.39]
[0.45]
[0.46]
[0.44]
[0.31]
[0.51]
[0.54]
[0.56]
[0.56]
[0.57]
[0.57]
[0.57]
[0.56]
[0.53]
[0.5]
[0.46]
[0.45]
[0.55]
[0.57]
[0.57]
[0.57]
[0.57]
[0.55]
[0.49]
[0.51]
[0.56]
[0.57]
[0.56]
[0.55]
[0.55]
[0.51]
[0.49]
[0.56]
[0.57]
[0.57]
[0.53]
[0.54]
[0.53]
[0.52]
[0.55]
[0.57]
[0.57]
[0.56]
[0.55]
[0.56]
[0.55]
[0.56]
[0.55]
[0.49]
[0.55]
[0.48]
[0.55]
[0.49]
[0.35]
[0.29]
[0.25]
[0.43]
[2.94]
[7.45]
[6.02]
[18.34]
[13.65]
[6.22]
[5.32]
[6.24]
[5.29]
[4.44]
[3.82]
[3.32]
[3.03]
[2.84]
[2.59]
[2.33]
[2.22]
[2.22]
[2.47]
[2.33]
[2.68]
[2.56]
[4.29]
[18.96]
[11.29]
[7.59]
[6.59]
[5.86]
[5.27]
[5.21]
[4.95]
[4.65]
[4.56]
[4.38]
[4.07]
[24.88]
[15.91]
[9.25]
[8.31]
[7.38]
[6.47]
[5.94]
[5.65]
[5.37]
[4.99]
[4.77]
[4.61]
[4.42]
[4.26]
[4.01]
[3.89]
[3.79]
[3.72]
[3.58]
[3.46]
[3.31]
[3.16]
[3.06]
[3.26]
[6.2]
[8.79]
[6.34]
[5.43]
[4.95]
[4.85]
[4.98]
[4.87]
[4.49]
[4.27]
[4.09]
[4.14]
[4.71]
[4.38]
[4.01]
[3.79]
[3.64]
[3.48]
[3.45]
[3.65]
[4.86]
[11.63]
[6.33]
[5.47]
[5.11]
[4.81]
[4.54]
[4.35]
[4.2]
[6.2]
[5.91]
[5.5]
[5.02]
[4.56]
[4.65]
[4.43]
[3.2]
[3.11]
[4.02]
[5.35]
[4.53]
[3.99]
[3.67]
[3.49]
[3.36]
[3.32]
[3.31]
[3.16]
[2.95]
[2.81]
[2.8]
[2.75]
[2.73]
[3.11]
[6.77]
[8.08]
[6.17]
[5.35]
[4.67]
[4.24]
[5.54]
[14.39]
[7.28]
[5.94]
[5.37]
[4.93]
[4.68]
[46.65]
[24.25]
[9.62]
[8.04]
[7.35]
[6.82]
[6.31]
[5.9]
[5.61]
[5.34]
[5.1]
[4.86]
[4.69]
[7.14]
[21.11]
[22.54]
[14.17]
[14.78]
[9.97]
[14.29]
[46.59]
[12.99]
[10.11]
[8.55]
[7.57]
[6.86]
[6.49]
[6.12]
[5.77]
[5.4]
[5.16]
[4.97]
[4.85]
[6.11]
[7.23]
[5.97]
[5.34]
[4.87]
[4.55]
[4.26]
[4.03]
[3.89]
[4.13]
[5.46]
[4.96]
[4.42]
[4.03]
[3.76]
[3.6]
[4.93]
[8.2]
[6.01]
[4.9]
[4.31]
[3.87]
[3.51]
[3.25]
[2.96]
[2.41]
[2.29]
[2.33]
[2.24]
[2.11]
[2.]
[1.89]
[1.79]
[1.71]
[1.6]
[1.51]
[1.37]
[1.27]
[1.19]
[1.12]
[1.04]
[0.93]
[0.87]
[0.85]
[0.79]
[0.74]
[0.68]
[0.63]
[0.61]
[0.52]
[0.]
[0.]
[0.]
[0.]
[0.]
[0.]
[0.]
[0.01]
[0.]
[0.]
[0.]
[0.01]
[0.04]
[0.04]
[0.01]
[0.]
[0.02]
[0.]
[0.]
[0.01]
[0.]
[0.]
[0.]
[0.]
[0.05]
[0.02]
[0.02]
[0.02]
[0.]
[0.01]
[0.01]
[0.]
[0.02]
[0.01]
[0.01]
[0.02]
[0.03]
[0.01]
[0.01]
[0.02]
[0.]
[0.]
[0.]
[0.]
[0.]
[0.]
[0.]
[0.]
[0.]
[0.]
[0.]
[0.]
[0.]
[0.]
[0.]
[0.]
[0.]
[0.]
[0.]
[0.]
[0.]
[0.]
[0.]
[0.]
[0.]
[0.]
[0.]
[0.]
[0.]
[0.]
[0.]
[0.]
[0.]
[0.]
[0.]
[0.]
[0.]
[0.]
[0.]
[0.]
[0.]
[0.]
[0.]
[0.]
[0.01]
[0.01]
[0.]
[0.]
[0.]
[0.]
[0.]
[0.]
[0.]
[0.]
[0.]
[0.]
[0.]
[0.]
[0.]
[0.]
[0.]
[0.]
[0.]
[0.]
[0.]
[0.]
[0.]
[0.]
[0.]
[0.]
[0.04]
[0.21]
[0.34]
[0.42]
[0.34]
[0.03]
[0.02]
[0.05]
[0.01]
[0.08]
[0.12]
[0.18]
[0.02]
[0.]
[0.01]
[0.]
[0.]
[0.]
[0.01]
[0.03]
[0.02]
[0.06]
[0.19]
[0.21]
[0.02]
[0.01]
[0.01]
[0.]
[0.01]
[0.08]
[0.17]
[0.16]
[0.06]
[0.]
[0.03]
[2.54]
[2.9]
[19.33]
[12.25]
[53.89]
[82.8]
[19.27]
[97.13]
[52.51]
[42.4]
[15.42]
[11.7]
[10.01]
[8.83]
[8.]
[7.48]
[30.99]
[122.98]
[160.11]
[134.07]
[135.3]
[22.37]
[14.74]
[11.35]
[9.23]
[8.04]
[7.29]
[6.63]
[6.44]
[100.05]
[16.51]
[15.87]
[11.99]
[9.44]
[8.49]
[8.14]
[8.02]
[75.6]
[111.88]
[22.51]
[13.99]
[37.73]
[16.13]
[11.22]
[9.59]
[16.55]
[17.9]
[25.1]
[24.46]
[34.62]
[13.75]
[60.2]
[18.04]
[12.71]
[10.79]
[14.98]
[19.42]
[8.28]
[7.78]
[7.49]
[7.16]
[7.02]
[6.84]
[6.56]
[6.21]
[5.97]
[5.85]
[5.61]
[5.46]
[5.36]
[5.2]
[5.16]
[5.02]
[5.04]
[5.25]
[5.09]
[5.02]
[4.89]
[4.85]
[4.85]
[4.71]
[4.68]
[4.68]
[4.68]
[4.61]
[4.52]
[4.37]
[4.36]
[4.36]
[4.35]
[4.36]
[4.32]
[4.2]
[4.19]
[4.09]
[4.04]
[4.06]
[4.16]
[4.04]
[3.99]
[3.89]
[3.76]
[3.6]
[3.67]
[4.02]
[4.78]
[4.76]
[4.27]
[4.07]
[4.04]
[4.]
[3.89]
[3.91]
[40.12]
[15.7]
[9.63]
[9.93]
[20.83]
[13.7]
[15.03]
[11.04]
[10.8]
[15.58]
[10.03]
[8.47]
[10.14]
[10.23]
[9.85]
[8.23]
[7.61]
[7.27]
[6.76]
[6.49]
[6.84]
[6.59]
[6.16]
[5.96]
[6.42]
[6.2]
[6.64]
[6.84]
[5.85]
[5.43]
[5.1]
[4.88]
[4.7]
[4.57]
[4.41]
[4.27]
[4.18]
[4.04]
[3.94]
[3.75]
[3.63]
[3.46]
[3.43]
[3.32]
[3.32]
[3.45]
[3.52]
[3.55]
[3.28]
[3.19]
[3.23]
[3.43]
[3.52]
[3.36]
[3.38]
[3.42]
[3.28]
[3.14]
[3.21]
[4.03]
[3.82]
[4.26]
[4.23]
[3.93]
[3.49]
[3.18]
[2.97]
[2.72]
[2.54]
[2.56]
[2.73]
[2.58]
[2.51]
[2.34]
[2.14]
[2.11]
[2.07]
[3.98]
[3.88]
[2.91]
[2.55]
[2.39]
[3.22]
[7.67]
[6.29]
[4.32]
[3.55]
[3.04]
[2.71]
[2.4]
[2.15]
[2.03]
[1.95]
[1.87]
[1.77]
[1.75]
[1.7]
[1.61]
[1.49]
[1.28]
[1.21]
[1.28]
[1.36]
[1.34]
[1.38]
[1.45]
[1.45]
[1.44]
[1.36]
[1.28]
[1.22]
[1.17]
[1.13]
[1.09]
[1.01]
[0.92]
[0.9]
[0.89]
[0.9]
[0.9]
[0.92]
[0.92]
[0.92]
[0.92]
[0.92]
[0.93]
[0.78]
[1.19]
[2.38]
[3.52]
[2.82]
[2.15]
[1.85]
[1.64]
[1.41]
[1.24]
[1.12]
[1.03]
[0.96]
[0.89]
[0.83]
[0.8]
[0.71]
[0.66]
[0.79]
[0.89]
[0.86]
[0.86]
[0.81]
[0.81]
[0.85]
[0.89]
[0.87]
[0.86]
[0.84]
[0.84]
[0.86]
[0.85]
[0.86]
[0.89]
[0.92]
[0.92]
[0.92]
[0.94]
[0.92]
[0.92]
[0.92]
[0.92]
[0.92]
[0.89]
[0.81]
[0.77]
[0.77]
[0.8]
[0.81]
[0.81]
[0.8]
[0.68]
[0.62]
[0.73]
[0.8]
[0.8]
[0.8]
[0.76]
[0.76]
[0.78]
[0.83]
[0.81]
[0.82]
[0.86]
[0.87]
[0.86]
[0.86]
[0.8]
[0.81]
[0.84]
[0.85]
[0.8]
[0.8]
[0.75]
[0.72]
[0.74]
[0.77]
[0.78]
[0.8]
[0.8]
[0.77]
[0.71]
[0.65]
[0.19]
[0.09]
[0.28]
[0.58]
[0.46]
[0.61]
[0.65]
[0.65]
[0.63]
[0.63]
[0.62]
[0.36]
[0.59]
[0.63]
[0.63]
[0.57]
[1.31]
[3.08]
[2.02]
[1.47]
[1.16]
[1.01]
[0.85]
[0.76]
[25.11]
[19.98]
[7.24]
[5.55]
[5.11]
[4.18]
[3.42]
[3.]
[2.8]
[2.64]
[2.45]
[2.28]
[2.1]
[1.99]
[1.87]
[2.53]
[3.43]
[2.31]
[1.99]
[1.95]
[1.89]
[1.81]
[1.6]
[1.53]
[1.53]
[1.5]
[1.45]
[1.41]
[1.34]
[1.27]
[1.21]
[1.18]
[1.13]
[1.12]
[1.08]
[1.06]
[1.06]
[1.]
[0.99]
[0.99]
[0.99]
[1.03]
[1.06]
[1.03]
[0.99]
[0.97]
[0.94]
[0.92]
[0.93]
[0.92]
[1.16]
[33.82]
[10.68]
[5.59]
[4.3]
[3.67]
[3.29]
[3.12]
[2.94]
[2.79]
[2.68]
[2.57]
[2.53]
[2.44]
[2.34]
[2.26]
[2.22]
[2.19]
[2.11]
[2.11]
[2.11]
[2.04]
[2.01]
[2.01]
[2.01]
[2.01]
[2.]
[1.97]
[1.92]
[1.93]
[1.97]
[1.92]
[1.99]
[1.97]
[1.89]
[1.81]
[1.79]
[1.91]
[2.09]
[2.27]
[2.08]
[1.98]
[1.91]
[1.99]
[2.57]
[6.02]
[7.76]
[5.3]
[5.38]
[5.3]
[4.76]
[4.46]
[4.41]
[4.7]
[4.98]
[4.98]
[7.15]
[6.44]
[6.44]
[6.85]
[5.78]
[5.36]
[5.07]
[4.95]
[4.75]
[4.56]
[4.43]
[4.29]
[4.17]
[4.04]
[4.]
[3.87]
[3.75]
[3.71]
[3.6]
[3.6]
[3.77]
[4.46]
[4.96]
[4.36]
[4.02]
[3.85]
[3.69]
[3.5]
[3.37]
[3.28]
[3.17]
[3.05]
[2.96]
[2.93]
[2.96]
[29.81]
[23.53]
[11.56]
[8.61]
[7.45]
[6.7]
[6.49]
[13.12]
[8.93]
[7.16]
[6.48]
[6.]
[5.62]
[5.32]
[5.1]
[4.84]
[4.52]
[4.25]
[4.06]
[4.01]
[3.89]
[3.85]
[3.97]
[4.06]
[3.87]
[3.75]
[3.57]
[3.46]
[3.32]
[3.37]
[3.54]
[3.62]
[3.6]
[3.5]
[3.29]
[3.19]
[3.12]
[2.97]
[2.87]
[2.77]
[2.68]
[2.62]
[2.52]
[2.44]
[2.38]
[2.27]
[2.14]
[2.1]
[1.92]
[2.]
[2.74]
[4.62]
[16.21]
[11.73]
[7.49]
[5.75]
[4.94]
[4.52]
[4.28]
[4.3]
[30.92]
[39.25]
[29.7]
[19.45]
[13.74]
[11.15]
[9.61]
[8.47]
[7.25]
[6.36]
[5.68]
[5.17]
[4.9]
[4.63]
[4.43]
[4.25]
[3.5]
[3.25]
[3.48]
[3.45]
[3.34]
[3.16]
[3.03]
[3.19]
[3.24]
[3.07]
[2.9]
[3.01]
[3.39]
[4.09]
[3.93]
[3.38]
[3.37]
[3.68]
[3.86]
[4.88]
[11.97]
[10.98]
[9.57]
[8.25]
[9.26]
[7.3]
[7.03]
[5.94]
[5.1]
[4.59]
[4.19]
[3.92]
[3.62]
[3.37]
[3.17]
[2.96]
[2.64]
[2.49]
[2.4]
[2.35]
[2.23]
[2.07]
[2.05]
[2.27]
[2.12]
[2.14]
[2.13]
[2.16]
[2.18]
[1.91]
[1.59]
[1.35]
[1.24]
[1.21]
[1.]
[0.83]
[0.7]
[0.64]
[0.65]
[0.76]
[0.78]
[0.85]
[0.9]
[0.64]
[0.59]
[0.65]
[0.65]
[0.65]
[0.67]
[0.16]
[0.]
[0.]
[0.]
[0.]
[0.]
[0.]
[0.]
[0.]
[0.]
[0.]
[0.]
[0.]
[0.]
[0.]
[0.]
[0.]
[0.]
[0.]
[0.]
[0.]
[0.]
[0.]
[0.]
[0.34]
[0.66]
[0.71]
[0.71]
[0.77]
[0.78]
[0.81]
[0.78]
[0.67]
[0.75]
[0.8]
[0.82]
[0.81]
[0.81]
[0.81]
[0.8]
[0.8]
[0.81]
[0.82]
[0.82]
[0.83]
[0.83]
[0.83]
[0.83]
[0.83]
[0.82]
[0.76]
[0.76]
[0.77]
[0.78]
[0.85]
[0.83]
[0.81]
[0.77]
[0.8]
[0.81]
[0.87]
[0.85]
[0.8]
[0.84]
[0.86]
[0.86]
[0.86]
[0.86]
[0.86]
[0.87]
[0.87]
[0.94]
[0.92]
[0.89]
[0.87]
[0.84]
[0.81]
[0.84]
[0.86]
[0.88]
[0.85]
[0.85]
[0.86]
[0.86]
[0.87]
[0.91]
[0.92]
[0.92]
[0.87]
[0.87]
[0.89]
[0.96]
[0.93]
[0.87]
[0.86]
[0.86]
[0.87]
[1.26]
[1.7]
[1.51]
[1.47]
[1.34]
[1.36]
[1.36]
[1.36]
[1.36]
[1.36]
[1.24]
[1.29]
[1.47]
[1.67]
[2.26]
[1.83]
[3.23]
[2.92]
[2.42]
[2.19]
[2.03]
[2.01]
[1.91]
[1.87]
[1.85]
[1.98]
[1.97]
[1.87]
[1.81]
[1.81]
[1.78]
[1.72]
[1.72]
[1.72]
[1.7]
[1.63]
[1.62]
[1.62]
[1.64]
[1.62]
[1.61]
[1.62]
[1.67]
[1.97]
[2.01]
[2.65]
[2.94]
[2.52]
[2.26]
[2.12]
[2.5]
[2.89]
[2.98]
[3.54]
[3.07]
[2.56]
[2.41]
[2.57]
[2.84]
[4.66]
[3.71]
[2.99]
[2.65]
[2.45]
[2.33]
[2.28]
[2.22]
[2.19]
[2.11]
[2.09]
[2.06]
[2.27]
[2.55]
[3.]
[3.19]
[2.98]