0.000452752
0
9.4409E-06
0.000482894
0.000184632
0.321598269
0.041161048
0.00121705
0.021661657
1.31373E-05
0
3.46945E-15
0
0
0
0
3.46945E-15
0
0
0.006694562
0.000175225
0.014050171
1.37849E-05
0
0.034055511
0
0.000680971
3.75642E-06
0
2.15509E-05
0.001380845
0.191913342
0.012190601
0.00190681
0.006967921
0.000150741
3.27444E-05
3.46945E-15
0
0
0.000575855
6.34861E-05
0.006088853
0.005698567
0
0
0
0
9.65225E-05
0.000405575
4.47059E-06
0
0
0
0
0
8.14844E-06
0.002614972
0.606164869
0.359824033
0.046477777
0.003465973
0
0
0.000947522
0.124625223
0.178949128
0.008129858
0.000100571
0.034953104
0.004449834
0
0.272237705
0.328938084
0.026777086
0.096526746
0.030503506
0.009077186
0.188922206
0.608822484
0.041669996
0.054446978
0.051977489
0.013721712
0.784920727
0.317137624
0.7204548
0.618678052
0.040829476
0.58468297
0.004276731
0
0
5.85161E-05
0.039924412
0.072130258
0.003319428
1.73472E-15
0
0
0
4.58129E-05
0.010603139
0.176988862
0.361360133
0
3.46945E-15
0.013501034
0
3.46945E-15
3.46945E-15
2.36382E-05
0
0.001391917
0.005319194
0.12679342
0.00020664
0.000952387
3.46945E-15
0
0
0
0
0
0.07050665
0.300748854
3.46945E-15
1.73472E-15
0.001704336
8.77014E-05
0.000174019
0
6.85792E-07
3.6219E-06
8.85757E-06
0.000252422
1.09143E-06
3.46945E-15
0
0.239942312
0.006672014
0.033818803
0.003284706
0.000174507
0.007111443
0.078718952
0.094051563
2.00145E-06
8.76928E-05
0
0.004277483
0.661169609
1.5674E-06
0.001087466
0
0.000106899
5.3785E-07
3.46945E-15
0.083719699
0.027740985
0.411731717
0.566197845
0.207134956
0.00027013
0
0
0
3.46945E-15
0.000561274
0
0
0.162744235
0.233579828
0.003014247
0.000156311
3.46945E-15
4.3091E-06
0.000355206
0.021027508
2.43644E-05
0.37259166
0.215529046
1.032736662
0.003463193
0.001420231
0.020684421
0.001042255
1.60393E-05
3.46945E-15
0.027219669
0.000568855
3.46945E-15
6.93889E-15
0.373748968
0.008655816
0.176837299
0.002652754
0.000372111
1.9655E-06
3.46945E-15
0.002312026
0
2.92005E-07
2.86659E-06
0
0
0
0
0
3.46945E-15
5.03961E-05
0
5.52035E-07
0.000727533
9.24745E-05
0.002435771
0.01187303
0.1298559
0.182727181
0.000873105
0.436374844
0.41540435
0.019187566
0
0
0
0.000104386
0.000642508
0.232244522
0.713933848
1.030439823
0.620579526
0.454915108
0.088741597
0.354820245
0.041916495
0.00310684
2.02549E-05
2.03466E-06
3.46945E-15
0
0
0
6.80013E-05
0
3.46945E-15
0.015133802
0.027439704
0
0.298176127
0.082228229
0.047970908
0.033360266
0.238318053
0.232061272
0.591246852
0.401666387
0.297179199
0.031043605
0.090827898
0.099763956
0.193803723
1.38549E-05
2.3846E-05
3.55363E-06
0
0.004462124
6.6671E-06
0
0
0
0
0
0
0.000384143
0
0
0
0
1.23578E-07
0.111836694
0
0
0.01180924
0.004384166
0.354904995
0.20449145
0.040804368
0.003700953
8.10496E-06
6.98248E-07
0.026486845
7.13172E-05
0
0
0.097869515
0
0
8.09796E-06
0.0591438
0.043606382
0.001060365
0.000706194
0.000647635
7.66954E-06
0
0
0.00027989
0
1.35368E-05
0.000388513
0
0.000134921
0.304239819
0.01707041
0.030162557
0.036286355
0.000713915
0
5.65278E-05
0
0.016600711
0.020053785
0.003024759
0
0
3.46945E-15
9.7399E-07
0.011060819
0.000143543
0
2.67208E-05
0.001046767
0.000649129
0.039136955
0.07053712
0.000219352
6.01765E-07
0
0.000152158
0
0.000112589
0
0
0
3.87386E-05
0
0.000633736
0.015168361
0.03277604
0
0
3.08524E-05
0
6.93889E-15
0
0
0
0
0
0.046791759
3.77156E-05
0
7.36127E-05
8.58014E-08
0.00069339
0.000781351
9.77587E-06
0.000171456
2.95299E-05
3.46945E-15
0
0.049567185
0.328802433
0.002538763
0
0
0.001436469
0.000727909
0.483621674
0.425139658
1.01699431
0.714027472
0.331836525
0.08787389
0.215241512
0.555288762
0.238039157
0.061845772
0.011359856
0.698691157
0.019218491
0.009159025
0.020479781
0.086780564
0.260272786
0.60283864
0.02815471
0.009896909
0.011101089
0.007974658
0.00423223
0.012491541
0.396594552
0.033779041
0.013675345
0.003288545
0.025326566
0.014604259
0.03577581
0.138949045
0.168445189
0.00826719
0
0
0.446679513
0.308154215
0.01228963
0.02063084
0.021007335
0.001277919
5.06381E-05
0
0.084481714
0.262382876
0.00021299
0.005173563
0.106789616
0.069997801
0.000121486
0
8.30325E-07
0
0
5.90206E-07
0.000599509
0.037993837
0.035010505
0.540651824
0.60157816
0.043000811
0.040696964
0.054767842
0.352808404
0.61167229
0.147666613
0.179772723
0.447612247
0.207556023
0.550218222
0.000200013
0.112843202
0.120001756
0.072964321
0.012483393
0.007929901
0.029630523
0.000700046
6.88147E-05
6.79235E-05
0.000159784
0
0
0
0.433870214
0.291609611
0.036811425
8.88401E-05
0.731377499
0.16303793
0.002260624
0.082087112
0.888798897
0.160403242
0.324926436
0.003016547
4.79583E-05
1.20468E-05
0.122822014
0.306599512
0.211125914
0.516431042
0.918740203
0.022436431
0.000219432
0.256567357
0.022161085
0.117922189
0.364801308
0.084047669
0.032868345
0.374912835
0.011598773
0.37443823
0.193253997
0.039563204
0.00027812
0
0
3.46945E-15
0
0
0
0.000105179
0.624545133
0.238353813
0.633719183
0.104700939
0.08011363
1.81692E-06
0
3.46945E-15
0
0
0
0
3.82943E-05
6.27141E-06
0
6.05632E-07
0
0.021596696
0
2.63138E-06
0.14753164
4.55694E-06
1.35222E-05
1.42506E-05
0.010699035
0.021353005
8.97812E-07
0.000502947
0
0
0.06695738
0.764523061
0.495441124
0.177665564
0.175717681
0.361187641
0.033119302
0.595619011
0.416727018
0.358155794
0.025722662
0.004000708
0.170523237
0.025942154
0.0168489
0.000144392
0.000676559
1.00164E-05
0
3.46945E-15
0
0
0
0.001641481
0.028284801
0.003016213
0.000309301
0
0.266058547
0.000868696
0.020701487
0
0.003067924
0.056728526
0.097251298
0.216057646
0.381473496
0.503666746
0.516726626
0.054064984
0.39529857
0.145430466
0.000329496
0.005424828
0.000332955
0
0
3.46945E-15
0
0
0.000212283
0.004269234
0.062738483
0.094677145
0.188243232
0.702438967
0.137645833
0.038917453
0.000613824
0.038426516
0.650430979
0.021710452
0.008546709
0.000609142
0.270719735
0.031795393
0.035991849
0.204116023
0.189477341
0.001482689
0.10479186
0.073140856
0.046229121
0
0.00040152
0
0.007556493
0.031849023
0.000608236
0.000427861
7.07695E-05
0.000188719
6.93889E-15
0.001724096
0
7.33818E-08
0
0
0.001599126
2.05554E-05
2.14682E-05
0.000159325
3.46945E-15
0
0
0
0.010248261
0
0
0
0
0.001763973
0.025315208
0.062870697
3.94547E-05
0.002706405
0.02392616
0.093234908
0
0
0.000314411
7.86361E-07
0
3.46945E-15
1.91879E-06
0.000231695
0.002719611
0.000516598
1.59107E-05
0.000866561
0.001053514
0
0
0
0.000225976
0.00043734
1.61483E-05
0.00868017
2.68312E-06
4.90315E-07
0
6.03795E-05
0.093323413
0.054476008
0.025519056
0.010192424
0
0
3.46945E-15
0.000727184
9.80751E-07
0
2.13492E-06
0
0.000306229
0.001693214
0.001822098
0.026867874
0.064884071
0
0
3.46945E-15
1.46895E-06
0
0
0
1.3671E-05
0
0
5.15318E-05
0.009829451
0
0
0
0
0.012037296
0.022902611
0
0
0.028689637
0.001633588
0.021338139
0
3.26439E-06
0.006481429
0.003062816
0.031336816
2.74163E-05
0
0.002312264
0.001040371
0.000522152
0
0.000192005
2.87607E-06
0.000488613
0.1146606
0.03030836
0.001123868
9.61081E-05
0
0.070928253
0.100171349
0.057509606
0.001673404
0.07622667
0.021465359
0.000535915
0.012800507
0.005169061
7.93651E-05
0
8.13676E-07
0.002781757
0.000833842
3.46945E-15
0
0
3.46945E-15
0
0
0
3.46945E-15
0
0
0.001749285
0.021353374
0.004426533
9.27986E-05
0
3.46945E-15
0
0.000218158
0.02867292
0.033670102
1.191962764
0.386317826
0.468546431
0.089288678
1.08262E-06
0
0
0
3.46945E-15
0
6.41986E-07
0.757796366
0.177161251
0.002342169
0.011281199
0.148721276
0.146581352
0.003084949
0.333845547
0.309589087
0.08212928
0.001194163
2.56652E-06
3.46945E-15
0.005069716
1.007303817
0.300863344
0.404994232
0.18711441
0.037990454
0.162280145
1.345454456
0.007643763
0.000170797
3.13402E-06
0.006708454
0.008936321
2.09641E-06
0.001361712
0.112083744
0.468074848
0.100496428
0.000589318
0.002457639
0.018346303
0.016528515
1.126123317
0.000407283
0
3.46945E-15
0
0
0.144123696
0.73022282
0.03063512
0.120102222
0
0.233147006
0.015878658
0.006090785
0.035423348
0.376467381
0.057833557
2.85498E-05
0.146775479
7.51808E-05
0.429222081
0.795729317
0.178345352
0.206031869
0.651304119
5.30245E-06
0
5.82837E-06
6.56878E-06
2.06657E-05
3.99821E-06
0.002362012
0.131123909
0.203481003
0.011076357
0
0
5.10146E-05
0
6.93889E-15
0
0.006425578
0.006755362
0.077733515
0.00325994
0.008957453
0.014034906
0.044498278
0.000140761
0
3.46945E-15
0
0
0.000373422
0.096879554
0.03834535
0.003919957
0.000358266
0.000892167
0.013509512
0.084324763
0.412928431
2.62112E-05
0.023389129
0
0
0
3.46945E-15
0
4.61774E-06
0.00016294
0.013125263
0.125313501
0.614301109
0.06003365
0.466903588
0.570039532
0.374725194
0.312585255
0.157233071
7.91769E-06
0
0
0
0.000334877
2.53222E-05
3.38245E-05
3.46945E-15
0
0
4.7053E-05
0.004399081
4.77827E-05
0.000105383
4.32733E-06
4.77426E-06
0.006179205
0.192596742
0.16439362
0.374057333
0.500123425
0.091248453
0.406980931
0.031882305
0.023290475
0.047092463
0.02723085
0
0
0
0
0.052949364
0.057965902
0.000648207
3.62658E-05
0.023476273
0.032046677
0.011621468
0.545727911
0.005698101
0
3.46945E-15
0
0.005333137
0.005887222
2.59635E-06
9.39824E-07
1.96509E-06
0
0
0.00183748
0
0.010852375
0.128882043
0.286422932
0.076700693
0.084812013
0.099876343
0.736645194
0.130698601
3.67565E-06
0
0
0
3.81045E-05
0.005651325
0
0
0
0
0
0
0
8.24021E-05
0.020436494
0.141089783
0.004038333
0.002442117
0.252372862
0.000305046
0
0
0
0
0.000974724
0.014089741
3.23956E-05
0.029606633
0.159966942
0.130187462
0.02492239
3.2262E-05
0.20478646
0.022022218
0.000111947
3.46945E-15
0.190111518
0.164956542
0.09403775
0.008483795
0.015159643
0
0
0
0.00156547
0
0
0.047459013
0.395430223
0.03139595
0.509882799
0.50659578
0.014161225
0.002669521
2.37657E-06
3.23817E-05
0.004426517
1.4872E-06
0
2.98215E-05
0
0.002082609
0
0.000104825
0.000705786
0.006908706
0.001143367
0.001248578
0.000979114
2.25024E-06
9.80295E-05
1.48324E-06
0
0
0
3.46945E-15
0.006623504
0.001168967
0.000145482
0.000238074
9.39825E-05
0.02894643
0.000625571
0.000319094
0
3.46945E-15
0
0
1.53326E-05
2.60438E-06
0
3.46945E-15
0
0
0.000167004
0.000253237
1.73472E-15
0
0.013598387
3.46945E-15
0
0
0
0.002200435
0.00548287
0.000459503
0.000415699
1.07059E-06
4.83106E-05
0.00010227
3.10767E-06
0
0
3.46945E-15
3.46945E-15
0
3.10442E-06
0
0
0
0.00951488
0.000150332
0.021576369
0.000164001
0
0
0.000110752
0.131514751
0.038185955
0.02554113
0.028141194
0.02890985
0
0
6.8146E-06
0.097853372
0.205693013
0.263315727
0.026503255
6.29508E-07
0
0.002873658
0
1.28403E-06
3.46945E-15
0
1.53659E-05
7.04557E-05
3.02356E-06
9.52934E-06
9.48724E-05
4.61106E-05
0.099014551
0.024103273
0.209931537
0.000454668
0.013338085
0.000618663
0.00736013
0.000192603
0.00034174
0.00010364
0
1.14586E-05
0.017918913
0
3.46945E-15
3.46945E-15
0
3.25487E-06
1.73891E-05
3.46945E-15
0
0.000170184
0
3.46945E-15
6.93889E-15
0
0
0
0
0.000347789
0
0
0
0
0.011039085
3.81247E-06
0.4150414
0.157143489
0.092278509
0.018691576
0
4.98612E-07
0.010882527
0.009389502
0.018983505
0.000448885
0.539857642
0.834363728
0.472247473
0.348200807
0.030343703
0
0.562313143
0.543775993
0.042214675
1.600192862
0.525771795
0.214842974
0.260799826
0.355878951
7.69827E-07
0.142163138
0.210148672
0.014743478
0.001855867
0
0.017977396
0
0
0
7.18862E-05
0.010828594
0
0
3.46945E-15
3.46945E-15
0
3.46945E-15
0.00116409
0
0
2.71874E-06
0.055052231
0.69140021
0.002470789
1.50855E-05
0.024301368
9.32117E-06
0
3.46945E-15
1.70145E-05
0
8.98067E-06
0
2.8183E-06
0.166320516
0
0
5.45545E-07
0.000710211
1.75406E-06
0.014505915
0
0.000857859
0
0
0
0.002067921
3.46945E-15
0
0.002419181
0.000420264
0
0
3.46945E-15
0
0
0
0
1.73472E-15
0
0
0
3.46945E-15
8.23943E-05
0.011711551
0.039411755
0.000812749
0
3.46945E-15
0
0
3.46945E-15
0
0
0
0
0
0
1.73472E-15
0.000208328
0.180241666
0.313153347
0.024128296
0.000722126
0.044104972
0.012353113
0
2.51037E-05
0.004526855
1.73624E-05
3.46945E-15
0
0.000120835
0
0
0
0.00038905
0.000235841
0.032569249
0.131552639
0.009766414
0
5.05289E-05
0
0.000684564
0.00362105
0.04534555
0.288146805
0.051254697
0.273896447
0.003631509
0.06857981
0.457432814
0.053360819
0.268649462
0.068667345
1.73061E-05
0
0.276427254
0.369354698
0.153251267
0.029151092
0.003546357
0
3.81605E-06
0.011242027
0
0
0
3.46945E-15
0
0.018190156
0.0064308
3.46945E-15
0.007741771
0.069492143
0.036894068
1.08853E-06
7.03773E-05
0.00917693
0.055823161
0.028110378
0
0
6.93889E-15
0
4.39204E-05
0
0.020373209
0.001219418
3.46945E-15
0
0
2.1142E-06
0
0.000620928
0.002305845
0.025602779
0.505964877
0.281676258
0.223831214
0.003265213
0.001806155
0.383854917
4.0159E-05
6.62187E-05
0
0
8.01939E-05
7.25931E-05
3.46945E-15
0
0
0
6.35887E-05
0.001572205
0.000387382
0.164578889
0.022391638
0.009727911
0.002527156
6.08317E-06
0
0
3.46945E-15
8.54178E-06
0.011834668
0.001879591
0.01640332
4.33774E-05
0.000159206
0.019796793
0.000214638
9.20105E-07
0
0
0.004081924
0.00134899
0.004121528
0
0.003289626
0.002362519
0.000229913
0.00014659
2.27094E-05
7.12582E-06
0.000547393
0.000865821
1.94391E-05
0
3.46945E-15
1.22897E-06
0.00016204
0
0
0
3.46945E-15
3.46945E-15
0
1.12037E-05
7.99383E-05
0
0.000211141
0
0.000408608
1.08368E-05
0
0
0
2.18563E-05
0.000459826
0.000778177
0.000358469
0.000843327
0.000361492
0.054672471
0.025458155
0
0
0
3.46945E-15
3.46945E-15
0
0
0
0
0.000612218
0.000140821
0.050874683
0.033144248
0.000697719
0
3.46945E-15
0
2.5182E-06
7.60503E-05
4.61773E-05
0.000277563
0
0
0
0
0
0
5.87973E-06
0.000868801
6.93889E-15
0.000113018
7.24139E-05
0
6.6654E-05
7.81268E-05
3.89519E-05
0
0
6.7499E-05
0.133167791
0.03939606
6.93889E-15
0.082554982
8.42516E-05
0.002118943
0.000223454
0
0
0
0.025434003
0.029589758
0
0
3.46945E-15
0
2.87247E-06
5.17393E-05
0.001322145
4.59541E-05
3.46945E-15
0
0
0
0
0
0
0
0
0
3.46945E-15
0
0.001515966
0.131145046
0.377066879
0.311841626
0.69785417
0.000850425
0.002974553
0.004911205
0.000863156
0.265771057
0.003339564
6.81943E-07
0.401212229
0.060790764
0.16354337
0.000189445
0
0.000139322
0
1.128051719
1.651159202
0.022793026
1.216690143
0.182560419
0.015103178
0.003844344
0.252701658
0.000134025
0
0
0
0.09405214
3.46945E-15
0
0
0.027738023
0.183731136
0.000173584
0.061337078
0.00099011
0.00227041
0.006188721
1.532290835
0.273308227
0.192623527
0.03031481
1.73472E-15
0
0.030956352
0.006793357
0.005535283
0.084125502
4.61148E-07
0
0.617506104
0.999906315
0.050156715
0.040746001
0.004152926
0
0
3.46945E-15
0
0
0
0
0
0
0
0
0
1.73472E-15
0
0
0
0
0.000206153
0.035252181
0.13567334
0.693890751
0.073276092
0.010912895
0.002792394
0.021300983
0.033345152
0.007630448
2.68328E-05
0
0
0.024295613
0.131238584
0.000246725
2.73158E-06
0.000309536
1.04477E-05
3.46945E-15
0
0.008300405
0.246708742
0.433646016
0.005477602
3.46945E-15
0.000205826
0
2.94442E-05
2.47362E-05
0.000277497
0.000354296
0
0
3.18114E-05
0.020792712
0.108595098
0
3.46945E-15
0
0.060796553
0.320695608
0.000116574
0
0
0
0
0.004391541
0.026345291
0.002706572
0
0
1.74734E-05
0.000654457
0.158702775
0.104999634
0.566297448
0.299015571
0.011149565
0.03835802
0.002281532
0.000122484
0.016710802
0.521285206
0.006506745
1.73472E-15
0
3.46945E-15
8.51861E-06
0.090827793
0.985031781
7.47724E-05
1.36742E-05
0.006130716
0.002270547
0.017775094
8.7102E-06
0.000189995
0
0
1.73472E-15
9.16063E-06
0.011430074
0.643876909
0.545547641
0.317857741
0.256904351
0.159031383
0.087255617
0.576347946
0.147613132
0.006436267
5.93976E-06
0.076588956
0.003658315
0.005049271
2.81233E-05
0.000349593
0.000725507
0
0.000265176
0.015715328
0.370264406
0.357979391
0.02283056
4.75866E-05
4.0096E-05
0.006120467
0.005148409
0.002936183
0
0.261509098
0.049448039
0.027008782
0.004633873
2.94617E-06
0
0.037157042
0.097926792
0.483338636
0.004272606
3.8783E-05
0.000748451
1.14363E-05
5.70947E-05
3.46945E-15
0
0
0
0.000203028
0.041558645
0.002687672
0
0
0
0
0
1.07953E-06
0.006502035
0
3.46945E-15
0
4.7194E-06
0
0
0
0
3.46945E-15
0.011668543
0.003821984
3.46945E-15
0
0
0
0.000847378
0.000266306
0.037511552
0.006324199
0.000616091
0.1953007
0.002149375
0
3.46945E-15
0
3.46945E-15
0
2.17681E-05
0.020727545
0.000866562
0
0.041930003
0.107322624
0.825360644
0.078529203
0.183696174
0.282022111
0.012656556
0.000279412
0
3.46945E-15
0
5.12581E-07
0.000181375
0.00062698
0
0
0.000222064
5.34331E-07
0
5.6949E-05
0.000110448
1.65368E-05
0.000740482
3.46945E-15
0
0
0
0
0
0.084128897
0.018270111
0.047444859
0.094601209
2.09406E-05
0
0.003147268
0.053843716
0.056919129
0
5.72061E-07
0
0
0.00046462
0
1.39999E-06
3.04662E-05
0
0
0
5.7757E-08
1.73472E-15
0
6.05936E-06
0
3.46945E-15
0
0
0
0
0
0
0
0
4.88068E-06
0.001211771
0.089459139
0.048080212
0.082367254
3.38883E-05
0
0
1.73472E-15
1.75373E-06
0
6.93889E-15
3.46945E-15
0
0
0
0
3.46945E-15
0.000105275
1.94856E-06
0
0
0
0.000165277
1.40632E-05
0.00182352
0.063054596
1.56748E-05
4.26401E-05
0.00446355
0.480525759
0.007282857
0.009984258
0
0
3.12412E-06
0
5.33878E-07
1.032907346
0.017689737
0.421655442
0.027261688
0.048842021
9.57849E-05
0.001237821
0.066618111
0.030093949
0.139297893
1.137E-05
0.129413369
0.044872155
0.036676351
2.02939E-06
0
4.54348E-06
0.004023783
2.65983E-05
0.026445496
0.117988696
0
0
0
0.022928454
0.872694468
0.210736921
0.349024004
0.226129297
1.188116996
0.032447878
1.032587413
0.895923152
0.699811872
1.425690995
0.424594875
0.052690112
3.46945E-15
0
0.003418849
0.002329915
0.062923813
0.33142235
1.069443349
1.014909015
1.041137669
0.572160056
0.214909578
0.010297701
0.000426263
0
0
0
0
7.42497E-05
0.410165313
0.302282805
0.137138218
0.13377002
0.014208245
0.010957063
0.02026388
0.021075872
0.111085204
1.895784088
0.37664151
0.003494362
0.089843892
0.421341071
3.51147E-05
0
0.001543452
0.372123389
0.00185226
0.079657223
0.581258069
0.007050316
0.047161231
0.356706763
0.00029897
0
0
3.46945E-15
0
0
0
0
7.76652E-06
5.72884E-06
0
0
0
0
1.85122E-05
0
0
0
3.06823E-06
0.000263916
7.34507E-05
0.010068151
0.005177844
0.000116815
0.000173857
0
3.3037E-05
2.89633E-06
0.00090771
0.005474797
0.001446627
0.000120406
0.001876574
2.54351E-07
3.46945E-15
0
1.2695E-06
0.016493588
0.00012493
0.000291379
6.63245E-06
3.48813E-06
1.96291E-05
0.000953921
0.04803558
0.058347208
0
0.058598323
9.53156E-06
0
0.378295909
0.208515152
0.339357087
0.01725314
0
0.001302414
0.009882945
0.012298979
0.006800589
0.000149597
0.289777611
1.18976047
0.069137021
0.050052501
0.184514575
0.380514666
0.061084672
0.138943972
0.03863157
0.298517666
0.018773079
2.25019E-07
0.198231305
0.10898215
0.173386114
0.09403587
0.017031325
0.093769223
0
0
0.071641536
0.001679147
0.000337059
0.004301758
0.146008677
0
0.057078714
0.074591094
3.46945E-15
0
0
0
3.46945E-15
0
0
0
9.40681E-05
0.001111903
0
5.2206E-05
3.46945E-15
2.4834E-05
0
6.45887E-06
0
0.017362281
0.102053805
2.61929E-05
0.032793743
0
0.010045927
0.23148919
0.024111523
0.137354257
0.153941427
0.009926252
0.021223162
0.071128743
0.013813414
0.147202689
0.102181169
0.204685805
0.518397218
0.174097593
0.021302871
1.947E-05
0.001421284
0.002570377
6.16913E-05
0.001016976
0.474304765
0.249069508
0.001083062
8.64051E-06
0
0.00523857
0.168569163
0.189960745
0.034122746
0.005856196
6.02002E-05
0.05697631
0.406403365
0.765178062
0.014226343
0.019377592
0.001770369
0
0
0
0
0
1.70442E-05
6.15565E-06
0.038609992
0.004518164
3.46945E-15
3.46945E-15
0
6.20716E-07
0.003956303
0.316895483
0.009919304
0.736327397
0.336981397
0.096647549
0.008782121
0.041569508
0.036446871
1.39962E-06
0
0.024129557
0.025488487
0
0
3.46945E-15
0
0
0
0.000189556
0.041277403
0.02260103
0.023087607
8.92475E-05
0.000115889
0.000401407
0.572960347
0.08433889
0.324353449
0.856859958
0.006786529
0.114114224
0.012170629
0.005066963
0
0
9.28998E-07
0.000963312
0
0
0
0
0
0.001478913
2.14299E-05
0
2.59404E-06
3.46945E-15
0
1.39402E-06
0.000237388
0
0
0
3.46945E-15
7.9066E-07
0
0.011588905
0.004685541
0.001383576
3.46945E-15
0
4.97417E-07
0
0
0.039801657
3.46945E-15
0
0
0
0
0
0
1.41336E-06
1.72669E-06
0
0
0.000182839
0.019541786
0.002030281
0
0
0
0
0.000181745
1.65871E-05
6.86562E-08
3.46945E-15
0.062730229
0
0
3.46945E-15
2.621E-05
0
0
0
0
0.00018497
0.312159491
0.12658334
4.8616E-05
6.5286E-05
0.00490541
6.93889E-15
0
0
0
0
0
3.46945E-15
0
0
0
0.00052669
0.060997369
0.120065016
0.239863504
0.247340496
0.095512815
0.041764386
0.317862844
0.07057499
0.052809589
0.0109831
0.129063044
0.048469442
7.27956E-05
3.41467E-06
0
1.85036E-06
3.46945E-15
0
1.73208E-05
0.119955746
0.757079078
0.644096023
0.666193774
0.117567
0.011080543
0.002539646
2.08306E-05
0
0
0
0
0
0
3.46945E-15
0.001333196
0.06817338
0.003227937
0.000171728
0
0
0
0
0
0.004201186
0.032855045
0
0
0
3.46945E-15
0
0
0
0
0
0
0
0
0
0
0
4.1361E-06
0
3.46945E-15
0
0
0
0
3.46945E-15
0
0
0.704252559
0.948280254
0.050127843
0.101650315
9.87023E-05
0
0
0
0
1.73472E-15
0
3.46945E-15
0.014501787
0.000593431
0.00088886
0.000329248
0.000274049
2.89475E-06
7.03351E-05
0.000551598
0.011500452
3.46945E-15
0
0
0
0
0
3.46945E-15
0.013871626
0.237102534
0.12823809
0.024400791
0.001869824
0
3.58575E-05
0
0.209845834
0.000742874
0
3.46945E-15
4.79986E-05
3.12E-06
1.31385E-05
0.147102605
0.40073261
0.94893804
0.061795092
0.058563628
0.03315565
0.003289881
0.007579897
0.072748719
0.024173654
0.2166139
4.935E-07
0.360586871
0.038708541
0.047946128
0.063307078
0.005967629
0.001401914
0
0
3.46945E-15
3.26209E-05
0
0
4.98575E-05
0
0
3.46945E-15
0
1.73472E-15
0
0.004236277
0.093645213
0.31258759
0.026014619
0.00183111
3.46945E-15
0
3.46945E-15
3.46945E-15
0
3.46945E-15
0
0
0
0.000130144
6.93889E-15
0.400085974
0.778987316
0.159317386
0.018162583
0.020976757
8.1324E-05
0.349547162
0.37718102
0.027535026
0
0.028525782
0.013067031
0.000484392
5.94877E-06
0.000144955
0.000633902
0
0
0
0
1.73472E-15
0.01200202
0.287369523
0.003113615
0.00054381
0
0
0.008578236
0.000146515
0.027655457
0.108793431
0.44758035
0.040020174
0
0.098042382
0
0
0.000487644
0.010349445
0.012031879
0.000699433
0
0.054495819
4.72778E-05
0
0
0
0
0
0.000512839
0.650252173
0.737700401
0.871202642
0.625165127
0.013882592
0.004929824
0.07876364
2.5406E-06
0.000121655
0.200375428
0.686133352
0.525889733
0.796208909
0.385932252
0.025394057
0.000374558
0.002159499
0.000122917
0
3.46945E-15
3.46945E-15
0.000483071
0.001385548
0.003018475
3.46945E-15
0
4.41831E-06
0.000753172
2.82661E-05
0.005132557
0.150550816
0.03996721
0.107675191
0.019403158
0.01742565
0.023986397
0.086033554
0.036566203
0.371961843
0.010062877
1.16475E-06
0.167787459
0.035835359
0.065650131
0.032548793
0.110840179
0.356607645
0.204024105
0.098435561
0.112123042
0.21928798
0.022368364
0.194134632
0.088811663
0.012038574
0.020879367
6.23149E-05
6.57677E-07
0.000350467
2.86135E-06
0
0
0
3.19555E-05
0
0
0
0.000110084
0
0.014253317
0.161030777
3.73049E-06
0
0
0
0
0
0.003608544
1.1459E-05
0
0
0
0
0
0
0.00065212
0.003242139
0
0
1.73302E-05
0
0
3.46945E-15
0
1.73472E-15
0.040545839
0
0
0
0.000129875
0.000939293
0
0
0.000127606
0.002356434
8.53566E-07
3.46945E-15
4.27101E-07
0
0.034970481
0.006696897
1.06308E-06
0.002566792
0
0
0.000397503
0
0
0
0
3.08358E-05
5.54113E-05
7.89404E-05
0
0
0
0.001992181
0.053727321
0
0
0
0.044860548
0.00017828
0
8.20085E-06
0
0.000546928
1.87934E-06
0
0
0.00042142
0
0.000137239
0.000210879
3.98303E-05
0.003784913
0.000118721
3.46945E-15
2.37176E-05
0.000657769
0.022771623
0.376135536
0.03761011
0
0
0.012436574
0.000187119
0.003523213
0
0
0
0
7.20678E-05
0
0.000114995
0
0.125321234
0.461174962
0.008623129
0.012788165
0.012193656
0.000858404
0
0.007469803
0.224295279
0.101224206
0
3.46945E-15
9.44387E-07
0
0
0
0
0.351458791
0.00082116
0
0
0.184511872
0.052279521
0.02788131
2.05061E-06
5.40829E-05
0.000333289
0.002502125
0.083320683
0.004564298
0.004416512
0.042108192
0.205445223
0
0
3.46945E-15
0
0.140324382
0.068984139
0.000167272
0.203824378
0.45877907
0.00290283
0.000102894
0.018425787
0.119184256
0.00429133
0.001350355
0.280448927
7.51657E-05
3.46945E-15
0
0.012900526
0
2.33452E-05
0
0
0
0
3.46945E-15
0
0
3.46945E-15
0
0
0.008681549
0.013464892
0
0
0.280018642
0.320064632
0.041564952
0.04888376
0
0.264095739
0.022371522
0.035415181
0.082677816
0.414370055
0.002721536
0.012284736
0
0.042709986
0.105563632
0.553603041
0.057401172
0.03609633
0
7.91674E-06
1.76265E-05
3.46945E-15
0
0
0
0
0
0
0.000455204
0.492325748
0.065775244
0.017250961
0.033464683
0.541931836