21.08737053
21.42699671
20.60982687
22.98656163
25.87087466
24.57229511
25.92899593
22.59591724
21.76100525
24.09595261
24.24018589
26.03870234
28.90432317
27.10102178
23.74253153
24.23549942
26.22259052
27.76340649
26.5729772
25.33704501
23.13213726
21.03361396
19.88701435
19.56607957
21.22032272
20.24061056
24.19372846
23.75518343
23.71230516
24.60510427
27.51939858
25.5742318
23.04584421
23.30268971
22.55010972
21.93122733
21.75426065
23.06848633
24.64410231
26.74571664
26.55319182
27.23366494
24.24176405
21.571045
23.92781502
26.71701492
27.22894563
24.75216432
20.83322807
19.71450703
20.53578653
21.20024811
23.95293719
27.03875032
25.27186078
22.21311677
21.43283821
19.88935341
17.62643094
16.62331327
16.5527984
16.42048746
16.53231069
17.8717564
18.44422034
18.1777788
17.76695729
18.68846436
19.7170189
20.11960446
19.1646586
17.80021643
16.26833811
17.42363638
16.28444618
15.83373801
13.69413723
16.63109299
21.83837325
16.80598276
16.40303031
17.1506106
17.75552164
17.98969822
16.66635505
16.87276231
14.88809202
14.07828442
15.67963884
16.14181723
15.09949907
14.95684319
16.82842732
17.48427296
17.67734823
19.31580929
20.3869941
21.02370798
20.26650073
18.60917397
15.41439871
15.14606803
14.37257827
15.22927622
13.98234659
15.0653523
14.64837909
9.542962319
6.634509847
5.850409945
8.809710207
11.0830699
10.48416927
6.710786384
7.273835135
7.62044077
9.246748629
8.740594043
8.616118347
8.885592754
10.37065372
10.40790456
10.43779095
9.70271985
9.101601085
10.45836812
8.78097042
9.060881516
8.38357758
8.467258077
6.424937435
8.21754566
7.887320428
8.577190478
9.486979648
9.818962059
9.375945008
10.06635677
9.01830778
9.536175239
10.38910513
9.802461691
11.82116578
5.92611133
4.440517847
5.933095213
7.900720563
7.477717963
7.391847333
7.42323902
8.224545085
6.678515055
3.813593233
5.488178106
4.752337615
4.514439958
4.058315722
5.003630531
8.956029567
12.63249272
12.57691983
12.55367621
10.78063764
7.509642982
10.68047276
9.3458832
7.610721104
6.238055612
8.248035228
8.028985935
8.569150311
9.865667079
11.42577867
9.699603138
8.362066984
7.405120735
8.083504088
9.01766943
8.529765826
10.04654643
8.574697783
8.900043394
11.80679052
9.865278092
10.86392705
13.86249664
12.90949803
11.23832212
11.89518794
11.13721362
9.595350879
9.930345611
11.32723234
11.35825338
10.23911172
12.4965181
9.864007516
11.83325807
11.83008615
12.54941597
10.66794989
11.49721061
12.64737509
10.43978138
8.784515175
8.88394341
8.854226505
9.034314672
9.229489617
8.93176868
11.63647119
12.21023673
12.09649381
10.87139026
10.34771542
9.72352288
11.23076233
10.04179591
8.292017984
7.096392679
6.902702541
8.424620661
8.848427806
10.1216932
12.25367244
13.1008165
11.69426632
11.19343444
11.63660472
12.3481428
8.451777163
10.48163529
9.95484076
9.678147345
9.712044145
13.15914452
13.3113459
16.30726669
18.13592204
19.34714717
19.86164536
19.6954129
18.95196637
17.92250523
17.61221018
14.43222539
13.62733736
14.35753939
16.19909355
14.09955699
12.29653728
8.604700021
8.58748333
11.27135703
8.282498851
7.756071852
10.17151595
12.59998113
12.99004368
8.852110732
10.42215656
11.27378474
11.78874792
12.05307475
11.95524843
12.41088604
13.77563696
15.08079396
17.68977837
20.03310679
20.64293425
20.44157951
21.81144196
21.26928947
18.43773869
18.7221337
15.47801323
15.79119029
15.87528533
12.7655297
10.78115697
12.25551726
14.31693895
15.10281698
14.31041989
12.77710785
11.95219894
14.28697691
12.94114389
12.88310179
14.02817124
15.4065479
18.11742162
22.29230025
21.18795018
15.13001064
15.78461988
20.31688148
19.35417056
16.33812509
14.19147257
14.56266355
15.98684861
16.53391506
14.51303324
14.55836699
17.09698912
19.65028635
22.46537303
23.14638863
23.11278126
21.40100517
16.93391841
14.24164622
14.9056449
14.0447589
15.51978537
13.87076527
16.14555615
19.99453224
24.69976288
25.81078079
25.39706569
23.86519189
24.80683376
27.10522906
25.47126937
22.40588445
20.30691163
20.79311565
23.10492321
23.39264444
20.37135601
20.72043379
23.78176425
22.22973454
20.73412731
23.01332726
21.63290903
20.60870355
22.51164632
21.74550825
21.77197684
22.82189577
22.87709743
22.61076038
22.67204868
19.44227981
18.74902388
19.80291034
20.94392109
21.81964256
23.901049
25.08835714
26.21754245
28.99344719
28.64934984
26.22714717
23.26657598
23.13838849
19.13197152
22.82086332
26.81561859
29.09305709
23.8503996
20.15814245
24.70344939
22.60149292
19.41036158
18.66353384
18.52651455
19.4024786
18.72553315
16.63307489
16.81327975
19.56423054
21.78754519
20.773985
20.81458953
18.81069291
19.55142969
18.9066776
18.52252477
19.78269781
20.3002212
20.18449457
17.95131107
17.6395269
17.32030222
17.99275113
16.68520231
19.10977673
20.81006048
20.70752642
21.30331042
20.01881378
17.02602028
18.7284424
20.26378466
21.50080944
21.30803059
20.48479461
18.66928502
17.56059425
12.89726953
12.14314942
13.7589546
18.05491474
17.57253635
17.77433621
16.88043716
15.84747104
13.63893806
14.42443488
18.56142205
19.12246893
16.24958945
14.81269148
14.50009294
16.27445384
16.74812669
17.06367341
18.82092505
17.65266061
15.66784587
14.44087459
15.83059136
17.31967281
17.18936632
13.51849482
15.1175537
15.99008073
13.42251665
11.3347368
12.92513052
12.37855269
13.22338651
12.27411883
11.93105976
9.220171971
9.029271245
8.956031465
10.42648107
10.93577262
10.42958675
8.74931636
12.0591307
11.22672177
10.42871773
7.842521053
7.724688406
10.16283024
14.45866119
12.17594474
11.07055967
12.2319263
11.61068753
10.10952437
9.618438297
12.50906542
10.05288049
8.005975627
7.446064736
6.651013051
7.549980331
9.319146343
8.584100206
6.827249364
9.38661744
12.07589544
9.336258214
11.82181907
15.56925048
15.29880018
13.86641798
12.31797795
12.44045665
11.73522544
13.08196423
13.20476057
14.64712796
14.51853256
11.36197867
9.245815408
8.589645242
10.74548818
10.52780872
13.04535326
13.87612514
12.62293683
10.79166408
9.605641613
7.206252791
9.459318022
7.252709377
6.261952173
3.503942224
2.6671412
2.722197258
2.797376543
3.804284069
3.720222398
4.687883721
5.103279788
9.086225903
9.109554177
9.917461981
9.935385458
10.5120128
8.843876046
8.524813684
10.17273437
11.96278362
15.04632745
14.5718637
9.476434942
7.325497915
6.811257852
4.715672678
7.578604755
8.533818798
10.61062376
9.140570448
9.482363899
8.155924626
9.515623836
8.664486056
8.861227683
9.818767542
10.95624935
8.574174973
7.926312087
6.732742627
6.083642292
7.218411654
10.06818989
6.130455098
7.379642538
8.731585879
11.75052776
12.45296441
11.0036903
8.133401494
7.68748269
10.07564817
11.81927552
11.33930911
12.6789074
14.00039577
13.61979307
11.90449015
9.617438706
9.820995747
12.3873615
14.04211058
15.61376852
15.85490347
16.82418787
17.7880933
14.15503213
12.79861645
14.25871955
9.878627991
12.06157518
12.32811831
12.27430285
12.93422117
14.69682178
14.30769664
14.03766615
12.1164405
12.90590793
12.52171278
13.33616412
13.51438804
12.7797061
13.3549289
16.23723247
14.96953231
14.41774676
12.36041083
12.9977801
15.45921035
16.73827185
16.84619999
13.35947564
10.56655906
10.62245232
13.5354986
12.54754974
11.71110678
12.79064856
14.69957624
16.09656686
13.88499851
11.11657868
11.36463623
14.14490799
12.9431487
12.94592302
14.18483519
14.59244155
15.1742055
16.73828345
15.39194608
13.38369295
13.27030805
14.44975126
15.00434905
17.41246312
16.55477141
13.49723193
12.88445124
13.96682747
16.8954684
18.49863173
18.79525855
18.84989973
19.69280776
20.58270102
22.10565951
21.11550638
17.52629165
17.92904416
19.36396334
18.82525424
20.2492957
23.94155602
26.65759562
25.55814765
17.63713019
17.13950878
19.25306674
21.73956622
23.71473967
25.39652232
21.35243606
21.9324823
18.97527576
19.89755676
18.77507226
18.30677016
18.56946992
23.44315476
24.52031233
22.77327144
21.76356214
22.67232988
25.82120841
30.01886498
29.69133979
25.74168915
22.58555122
19.97776786
22.07985478
28.11738048
32.73912672
30.58657013
27.48217994
23.56669357
22.42280513
20.27343001
21.34813733
20.0492925
21.64672674
21.36050704
17.6577133
18.49175594
19.42506282
18.33595997
19.06295409
21.05694601
21.12061731
21.62116619
24.99453681
26.07287623
25.97723108
26.89937119
25.65788931
21.80473371
20.1531638
19.34023391
18.07847162
18.16096453
21.24715996
22.56560918
23.22294688
21.32433463
21.2861023
22.2009837
21.66663149
23.35835405
23.46041146
23.59809876
23.11565443
24.80574674
30.32040934
32.29634332
32.92473398
34.74127535
33.63672874
29.69380962
29.51601865
30.61016792
32.57608803
32.48112701
31.96023298
30.59841911
29.93638901
31.41468391
31.67381921
31.16426924
28.76385871
22.69104359
21.13747824
21.89835778
23.71899151
24.15503446
23.61436617
23.81528546
24.25341036
24.69334235
23.64279714
21.20268957
20.57138202
18.64306495
17.74263983
20.55857633
22.19992879
21.42380863
21.73727305
19.05564306
19.40468551
19.95642491
20.51934814
21.49119671
19.25582762
19.75233225
21.34086163
23.26149394
26.32887705
28.5759182
28.09802819
27.44053698
25.27224209
24.4569843
24.56441967
24.09692419
23.80727748
23.34771704
21.71099981
19.56388745
20.30923371
21.62063724
22.66815444
24.18189013
22.88952392
20.95412151
18.88739954
17.52221351
16.56742243
17.43635834
16.80269553
17.60420769
18.2112614
16.94784434
18.04555772
19.38206703
20.55320741
20.27708043
17.52742703
17.71195973
16.85185529
16.60680401
14.92061933
14.58185002
15.07377481
14.70571387
15.58578968
15.26800172
14.02029626
12.4884322
10.83875564
9.69968327
10.73105485
14.07919409
14.48121984
14.78732067
13.85103443
13.2897521
11.71448785
12.32071286
10.9517408
12.20821369
11.73453189
14.95654634
16.54461952
15.69273978
14.12463956
12.55268095
13.00366222
11.25684781
12.92186436
15.28763516
14.4696139
12.73174641
12.09469994
11.51460165
13.09879806
14.37388757
13.10695666
12.27724195
11.56799305
9.517392187
9.731005161
9.298088536
9.963952843
9.714472977
9.33852164
12.51872506
11.9669229
6.625864893
5.467766408
6.439967206
6.992709599
7.952222886
9.242005325
9.830323094
9.196412109
8.59855504
9.325068183
9.241576402
9.418035979
9.653552735
10.82958164
11.13675155
10.17181893
10.79164968
11.10434087
9.498742414
10.0125584
11.69477705
9.37589875
6.639865076
7.750437149
8.696551695
7.867152067
9.600360229
9.052115635
7.656141081
11.67030294
11.29173875
11.50904446
10.42867221
9.434350581
9.063330241
8.92561914
8.587209914
8.777514143
12.3640783
13.60082959
12.7283182
13.0944935
10.84173122
10.80462099
11.48904235
8.257302871
8.210825178
9.479810448
7.222443932
6.729863788
6.541480394
6.665018422
6.739548951
8.938336817
11.55906605
10.90277031
12.52154244
13.27353847
9.124833554
6.78757792
9.663622097
11.73514958
13.72053925
14.35770523
14.63240772
14.3906175
14.54716785
13.40417386
12.4855638
13.03158994
12.15432804
11.20365193
11.22508305
11.3911581
11.35825127
10.46062389
8.465508958
7.354221723
9.010095797
9.919444939
8.851751101
6.782495306
7.171744778
5.893172452
6.948556601
9.860859007
8.541788277
8.5143362
6.415077683
5.456118184
7.550051539
6.104993789
5.094977497
8.403174041
11.11366578
11.82480576
13.04658172
11.52052335
12.5415312
11.43676153
11.80075291
11.30126787
10.60764218
9.443485127
10.56701558
13.85486421
15.28038181
14.67724121
14.3963622
13.98240705
15.10136229
13.35238702
11.26235769
10.45233143
9.584255438
10.15190165
8.993466793
9.198736077
8.793347689
9.685397722
9.694602253
10.76699438
9.54267972
9.386509352
12.04217194
14.61959936
16.84239317
17.93802135
14.36777901
13.66053968
12.31937176
10.25216279
10.61082194
12.55368249
13.96214643
13.89588006
14.59550177
12.27662662
9.869879553
10.09890425
10.65061971
13.35645986
12.12168549
12.50506764
15.46447811
18.07881411
20.39990705
21.82806381
20.54701092
16.86089538
14.52992938
11.07993592
11.78349073
11.51529899
13.55626357
13.66876488
11.499723
12.05647807
11.86841694
12.74568057
10.65640509
11.4099306
13.34228611
15.80354066
17.15267789
17.87474304
19.3258499
20.63730326
21.86747981
22.47186352
22.22993302
21.24182588
17.75040726
17.7028726
17.27186597
16.81394002
16.57375676
17.24548342
17.78538351
18.43657252
19.9463198
20.07961805
21.81085319
23.95976337
25.81561067
27.66369779
26.25585424
22.16878188
21.74549195
22.14597373
24.84224872
26.38673492
26.12891563
25.73293554
25.93412531
27.01899532
27.12642036
24.90135399
25.73042156
27.4538506
23.93022094
18.49022658
19.11943387
20.99874362
21.95805376
22.48079707
23.07973166
24.69863423
26.71989847
28.12344988
30.11995068
30.51564804
25.79856727
23.27706869
23.94381463
24.37444634
25.21024435
24.13614975
19.90665315
17.34392413
17.9607601
20.05106492
20.63059486
22.80311163
25.11922486
27.61510599
29.34110199
27.20218955
26.05115089
23.06862589
22.95166039
21.61794585
22.78410479
24.80612037
24.66872138
29.06090439
32.28551658
31.66816764
29.76834775
28.04497931
23.49811885
23.07961775
25.73850956
27.56505901
27.02326212
24.00141531
22.09016035
21.80024486
24.45215531
25.61370906
24.74713128
22.08344941
19.20804164
20.09232827
21.20632113
21.8696669
22.89921498
26.13974965
24.36107903
22.74813238
21.65673432
20.77991912
20.064971
19.55921802
22.4719555
24.54119061
24.72023265
25.18145335
25.66028418
25.49153126
23.8466795
22.9192407
23.02329089
21.93175005
20.41743447
19.08087041
17.54033196
19.31337022
21.44898668
20.11059411
20.07601783
20.58334543
21.59684163
22.47754885
21.76532134
22.04279268
22.51659082
18.64060615
18.67214451
19.26324965
22.19376459
23.43630552
23.00028984
22.37231114
21.24534152
25.29751039
26.95339768
27.68108967
23.40726335
23.27186922
22.11588359
23.80243319
23.72828683
23.47210619
21.93943963
21.3661256
22.26716319
24.16754347
23.5950443
21.63884735
20.19155925
23.16192372
19.726989
15.21049782
14.31768671
14.45826152
14.64497467
13.80921207
13.80401704
13.78393055
13.33297987
14.36906218
14.51534116
18.80681531
18.25594054
16.74079252
17.1601513
17.49828134
15.33717225
13.80231698
12.63479924
14.8798023
12.62824121
10.84148895
11.19616543
11.99088172
12.05113655
11.92813086
13.50782975
12.90688887
14.25111083
16.33069093
14.41932952
13.12106419
12.97433152
12.35392934
10.14875311
10.32813189
10.36151516
10.24205694
8.357529547
8.629164552
9.090552921
9.16704733
7.51335273
9.631655721
10.12449623
9.937081963
12.84118631
8.8807488
8.743314336
8.523127111
8.355963574
9.394119169
8.693693635
7.030534497
5.51366926
5.363668668
6.636738168
9.996715825
10.75831228
11.54218349
11.5031367
11.14282732
9.664375128
8.742312877
11.28253516
10.84701462
8.661970292
7.180781607
6.828021784
7.578301341
8.377176248
6.952496741
5.145313799
5.023242343
6.431574476
9.238625352
9.116138291
10.26402225
4.164567299
2.659589106
3.120297726
5.677375807
6.270665708
5.450350025
6.591735871
8.526304053
8.214447253
6.797155624
6.401346048
5.304721685
4.940322527
7.439661749
8.971684311
9.826312664
9.282366195
10.04546077
10.73146508
9.843300077
8.834579212
7.105273924
6.616685106
6.176119218
7.35197049
8.47005646
7.422932612
6.529632959
8.716797789
7.312936338
6.25879298
5.321645202
6.451343868
4.861753924
3.374897609
6.549154599
6.047716347
6.176649432
7.520948502
8.742678556
7.998995526
7.965564225
10.31499779
11.45936281
13.92706202
13.69503325
13.16830277
14.25271351
15.47535068
16.51708958
19.01980229
18.55500538
17.1589465
17.33746462
15.18908653
15.28493574
12.98050135
14.54222494
15.06317694
13.17273878
11.9116307
12.77263023
14.30052435
15.39233116
19.53238016
16.41391039
13.19615658
13.96403373
13.76274481
15.48367861
17.63474609
17.15118376
15.11510234
10.88230523
11.65706937
13.66962232
14.29223311
14.97638469
12.34909017
10.21229125
10.78940581
12.8796166
12.91969983
12.15099668
12.68067459
13.87583502
14.67650877
12.22845589
12.81855704
13.74114185
16.07527948
18.27731344
19.85393723
20.88739669
19.56204941
16.99348561
16.72300243
15.88016887
18.49762509
20.1453244
21.91737492
21.2589253
18.18066856
18.50046831
18.13004744
16.49733637
16.47969359
14.26368643
14.03147886
14.38651323
12.54368316
15.37537825
17.6086785
20.66098272
19.86329688
17.04575048
14.9050708
17.28144297
22.75733541
23.33622009
24.08328096
20.12229708
19.76684791
18.82586627
21.31564009
23.14772937
24.25289022
24.94946547
22.53750825
22.37338932
26.54594496
29.10680855
29.77782791
28.37703534
26.65195864
25.47645201
22.13254031
19.15369843
18.81373834
19.76043983
22.3109896
26.46104676
30.08872213
28.39997989
28.32601126
27.69817105
28.96924415
30.41637939
24.92488057
21.06267424
20.53188544
21.04257544
19.84466268
19.90724033
20.20958199
20.94468961
23.75553949
28.01542618
25.37932229
22.87857439
25.53090055
26.98020339
26.1750335
27.92865842
27.71313757
29.00339051
27.93338119
27.83577472
26.71397904
24.98923904
24.85098785
22.71644514
20.61368912
21.99288642
27.12370219
30.06910629
25.98843077
22.61904749
22.63120123
21.85562424
21.72070674
22.4121911
22.46196613
20.99453361
19.88056641
20.95182987
22.69425373
22.65836231
25.5162558
28.41167053
30.71061366
32.26131904
31.89503098
30.30922098
24.66964952
21.03996189
20.50065184
22.91754519
27.2429304
29.70829134
31.66353856
30.4605117
26.47113411
24.47495524
23.60914013
25.45069994
26.04835163
24.74991445
24.80400245
26.3622221
25.31390425
23.27934679
23.025275
21.91009575
24.21521799
25.65976032
26.50389071
22.1301181
22.72542824
24.76657124
25.82585793
25.3131479
20.04039832
18.24347667
19.82616567
20.52880983
18.18821445
17.19644397
17.26323338
20.19652306
22.87359129
24.57883271
26.29282546
22.31654994
20.34478788
18.11136705
19.78264355
21.88549204
22.82732241
22.06785302
20.6231957
19.7628785
19.00712922
21.18228922
21.6855732
22.72106732
23.60326192
24.953085
24.54220208
21.823832
19.28733561
19.1725825
20.3774553
20.31787891
20.45230738
21.49439376
19.14849164
18.50977927
18.21209623
15.83688827
13.43111066
13.25938396
15.61712289
17.0114006
15.75934348
15.21215088
16.04934294
15.17005886
15.58904278
16.15571695
14.42555428
15.49117943
16.11170854
17.99327519
16.66055806
15.77386464
17.72519829
16.19260781
14.13661069
15.71333557
16.063851
14.14474376
11.80745959
10.78096643
11.08779981
11.79674296
11.55598403
10.12495082
11.48249634
11.39756859
9.055622312
6.578195148
8.501374244
10.21668638
11.19650403
9.921864545
12.66115879
12.22229337
12.94428931
13.41338013
13.39457726
12.71625007
8.974002691
7.326391512
5.639143152
5.476719569
6.629706484
7.567512217
6.947860908
8.151005426
12.5917845
11.81084665
12.19772423
11.07623939
7.317929072
7.863796702
9.089110979
11.82048856
9.523979383
7.433243301
7.865108583
8.129292865
7.356952299
5.950094315
5.421733481
6.574898209
7.584288594
7.231749826
8.066270822
8.70212625
8.155021789
8.423723974
9.443432618
10.71099591
10.98423588
9.394508292
7.581127433
7.812306965
11.53937134
10.5925888
9.630579088
8.73710478
8.587785813
7.443838985
7.464895503
7.917397791
6.640466809
7.047215988
7.126108744
6.533533668
7.213304561
7.955690741
7.657549381
7.304212863
5.662624805
6.139873973
6.427400972
9.403517718
9.582718814
8.755536464
8.284684042
7.938178262
8.365384797
9.043770524
7.83426137
5.900050011
3.870086532
1.767501117
3.696595185
5.836795996
7.734471128
9.047759462
8.96931454
8.19371884
6.521497225
7.134187889
8.720647089
9.107262685
9.285047033
12.32679092
14.23840446
11.98914309
11.47280999
9.317917764
8.836149606
10.95077667
10.15086016
10.60501176
7.190038371
6.408277486
6.97950335
6.089698234
4.945329444
4.922004243
5.916349874
6.717525876
7.67631326
7.85132777
7.741246674
7.30908125
9.46652492
10.85240644
6.820147262
7.840769813
11.42536631
12.3526706
10.89527191
9.216189489
11.87930342
14.80010698
15.22190462
15.70824403
14.00915084
12.61876452
11.1883601
11.93558739
10.81392032
11.3435723
10.85547013
10.30226974
13.09203176
13.9059264
14.47498352
16.00912501
14.54219984
11.75332911
11.83313336
15.23055152
14.3540249
14.12895285
14.81171295
18.47542562
16.34714613
13.27481061
12.93819097
13.26895113
14.68734001
14.36064986
14.51598596
14.83382716
15.57407136
17.07614837
15.19236084
14.00184142
12.58526711
12.73729375
14.3623318
13.37393746
13.9718094
12.81442927
11.42887575
16.35383412
19.64719946
20.41337314
21.33604104
19.74394909
18.48828604
17.02171927
17.67896872
18.62362612
18.56589848
15.9310679
14.53104924
15.44288636
15.89855575
13.84932506
14.04041491
17.48791216
21.04307306
20.35488997
18.27775028
18.49114597
20.29035306
20.56058338
22.97839496
23.58647537
19.70343294
18.26252827
18.73781529
17.98945097
15.30866036
15.34452971
18.58875099
21.83969809
24.21889616
27.1348873
28.67447533
28.31745062
24.03665596
22.29341793
20.26864969
22.74662539
23.76141959
24.96523505
25.54018515
27.01567213
25.18516253
23.42248819
20.81640223
21.5666232
24.73429168
24.99266287
21.95970141
19.29538338
20.34479871
19.18304829
18.97479285
21.11416054
22.33364651
21.4117802
23.93918467
26.4628891
24.82692046
19.33331792
18.98144802
18.85521895
19.63142903
19.06987905
20.98464193
23.83186172
22.18200675
20.20720774
20.69160054
20.70630194
20.80947481
23.32265896
26.93730259
27.04475123
28.50535732
29.31028532
30.32001177
30.88932432
29.83061937
29.46743371
29.74638588
31.43787499
31.22862498
25.7867739
24.48753746
24.93053245
24.92997256
23.41375099
25.25334892
23.61817766
24.14307726
23.48287041
22.14677733
23.96682772
25.78099391
25.35680226
24.81278142
25.07590868
26.64392569
26.25679419
28.44694418
29.53873277
30.42118551
30.24575325
28.62548623
28.63658608
29.28588638
30.18853684
28.47852146
25.39445913
22.97741674
19.15552634
17.7306312
18.97928549
17.93380709
19.17070703
23.29431085
27.64260256
29.51642054
26.61576406
25.04876842
25.6029268
24.91660292
27.33043732
28.08607552
29.02301919
29.31118296
28.52316173
25.68223952
26.21002391
28.0333498
30.80176038
30.17180009
29.15931297
27.14774005
28.21199064
28.08220912
24.69663048
21.16416158
21.33439572
17.49811917
16.84271676
16.85345253
17.41165004
19.70707328
21.24188183
21.98649372
22.8136934
17.74877598
17.57278019
16.83272582
16.78277611
20.24921752
21.26241535
19.8449526
19.07628585
18.06340946
18.83474558
18.61828285
20.02305829
16.59274884
15.88720078
16.44650044
18.26248797
20.21401382
21.1202555
21.02477441
18.89339649
17.19547778
16.48636914
18.4648634
18.99649515
18.40788612
16.7860097
17.23463237
16.6401119
15.75447284
17.144963
16.65877438
17.88447302
17.50930003
18.27415663
17.50990148
15.23281384
16.91210172
20.56574872
22.19065167
20.49794469
17.35545762
17.91093761
17.00068482
17.23014512
16.96508341
16.56853284
15.77717788
15.35833981
16.24380143
17.07314064
16.12929374
14.80426382
13.85756827
14.10834963
12.834743
14.15217288
13.09893406
11.03706415
13.83936889
13.95052353
13.00462915
12.73269111
13.61728402
14.2755375
15.63287374
11.67540551
10.61455319
12.96726642
12.18437339
10.4714724
11.71509447
12.3461205
11.08521748
10.89225111
14.7091474
11.96929946
9.284512548
11.78988908
9.830655457
6.762305679
6.861130324
6.991495158
7.41011905
8.808468217
8.730843198
7.88740787
7.447001554
8.049325469
7.256208475
5.571016628
4.844975224
4.953962052
4.761054611
5.01756703
5.881096408
6.648266129
7.363131992
8.903557908
10.24767077
9.59602763
12.12774281
12.75009082
11.19243857
10.62438114
9.150150675
8.242856864
9.340398291
8.589048671
8.257968526
9.754374828
8.038716029
10.18553746
8.387807496
9.501055492
9.789850958
8.73131496
9.885397449
9.570665106
9.922301381
9.924320264
10.72277281
10.07205375
8.464224258
7.601037474
5.076419529
3.951317544
4.934648214
3.651087811
4.781622824
5.132530095
7.747014452
6.916952553
8.023349152
6.99428274
8.199735503
9.390038574
9.272684472
9.124051661
8.176459017
8.47473478
12.52723675
11.41251937
13.81663666
14.23786654
13.97082508
13.808168
13.50391961
11.64840024
11.5870284
9.168613743
9.064557225
8.195042928
9.28093256
12.25130864
12.0618634
12.07754497
12.52184375
10.597263
12.47915773
11.34502317
10.99187966
12.29941855
13.25111172
10.55843593
9.898347489
10.60894554
13.21532649
11.54172469
14.0027291
14.87160901
14.02032555
12.44066088
13.48639911
13.84724323
13.75621787
14.26071779
14.16233427
14.40197952
10.27460822
7.92553286
7.678833226
8.690442866
11.33440758
11.27592509
10.04446513
11.21291616
10.22131698
10.20450794
11.92771853
10.69265079
11.12483914
9.218420523
8.303468397
9.307011592
10.5501482
9.445761214
10.19642707
10.8947548
10.30043479
11.91393951
13.07943253
13.25143399
13.41416318
13.83279949
14.58874175
16.59012423
18.78420828
18.93189667
18.74455833
16.59547919
15.31059097
17.42784643
18.82773653
20.31340822
19.3510019
14.93165357
13.02951957
13.09774276
12.96343223
13.71543101
11.99197637
10.53094187
12.6399728
13.7512289
14.88348952
16.26225941
16.86190066
19.22572731
21.64750844
22.7464353
19.92551569
15.77841931
16.82992844
15.52538053
13.79769868
16.46571694
20.03367328
23.51372282
24.96765963
23.1941819
16.70529516
14.31563164
13.9733489
15.54965898
16.58576681
15.16100842
15.91507843
13.84751864
14.69470308
16.32773601
16.33343624
15.12883099
17.64748254
22.26006692
22.89968691
24.25933345
23.84309959
23.67675154
22.66276398
20.77601652
19.77445872
18.62221322
19.21207093
19.14459117
17.60589392
17.55011766
18.53281963
18.04562559
18.87359697
18.86154327
16.54774169
16.41212202
16.42698217
18.24179603
21.45615654
20.00131259
18.30348163
19.01650534
21.1744142
20.84080066
20.07988138
21.9312504
19.44206736
20.21243428
21.06645837
23.34820066
26.01472402
28.0630452
25.80258676
22.77031425
22.89536753
24.77666232
26.35688556
27.20905667
26.32295271
24.69388424
21.25622781
19.65790392
20.52997479
19.98914554
18.35911163
18.90748377
19.06703163
20.0627628
19.75711906
21.64312488
24.36650305
24.40250808
25.36067665
29.54769505
32.08268401
31.87857531
26.59816198
22.20248867
25.2623037
29.48540369
30.9883111
25.47475698
21.37821531
22.50373669
25.42378795
26.9480137
25.49592071
21.15136017
20.42765291
20.90393232
21.24620798
19.93848287
20.44214605
23.90347277
23.91591498
22.98857662
23.90619156
22.27901577
21.75622714
23.64446426
24.98085941
21.19457999
21.7664676
25.71741603
22.20311544
20.15745472
22.63417321
23.34413883
25.22811415
26.28194905
26.93015055
27.09501787
27.7639636
27.17333866
25.18526603
23.38456276
20.83842728
22.5756924
23.58879604
20.73892004
20.42000478
21.06208776
21.99795069
21.30959548
18.88831957
19.46466377
20.94327765
21.59766639
20.73433181
19.71223194
20.73338952
21.83791769
19.98523259
19.39406383
19.03257667
19.35259745
17.62800494
18.088879
18.72038725
16.3194934
16.18498314
17.67981341
18.47723989
18.37702968
18.9725224
19.1324258
19.74908954
19.59216277
17.8397189
17.16621328
17.97330423
18.38972299
18.63724999
17.96659039
18.28141357
18.60419815
18.78034487
18.07972178
16.70845995
17.14387708
16.2121076
14.67357192
13.69066221
12.73732518
13.30371846
14.24707481
15.15727589
14.68221859
13.29653649
12.55331079
14.97726816
15.21476621
14.81775435
15.75062464
15.93871309
15.25100919
14.61379822
14.85542218
14.05652904
13.53330553
13.33160062
12.99123276
11.72097323
11.75965793
10.20838215
8.39745781
8.477802058
9.794214285
12.69029755
10.17374111
10.25727759
8.799015355
8.319554723
8.308148578
10.66491394
9.93361032
8.888332013
7.630182327
7.959114791
8.79874392
8.87697911
10.18332616
9.698858578
8.913506204
10.02332903
10.32664313
11.13803258
11.94867703
8.503431374
8.025015312
7.414906018
7.421734473
7.031828026
5.84838514
4.866402507
4.813790819
8.001326839
9.9525713
10.27443411
10.76848167
9.999334182
10.22033777
9.69966129
8.112916176
9.257994601
8.593344426
7.727915656
6.097370925
7.715066715
6.875639512
6.877504748
10.44967542
8.144351396
7.094389704
10.76686313
12.92610699
12.56069243
11.9680248
11.64884469
11.40023413
9.923816473
6.715396899
7.00073352
8.563971904
9.446702671
11.29758817
9.643214716
10.68378171
11.06462012
12.38486349
12.16856853
12.07730273
11.97270965
11.21076878
11.02213898
10.54977798
9.85322294
10.58875798
10.06302347
10.02973616
9.185340503
7.526147688
9.776641087
10.37292797
10.08296518
10.27736325
11.06549817
12.41587338
12.47254544
12.27434992
11.43937995
10.75828605
10.62776408
10.01493344
10.88990799
12.61752789
12.35555323
10.2723226
10.80691449
11.90469342
12.96878955
14.22606755
13.82709418
12.84918265
12.56656921
13.02345602
13.6125514
13.44818119
12.71807131
12.52674878
13.59573766
14.98752177
14.13653769
12.58173195
8.617345029
8.75832327
11.37249164
10.41678872
10.23679815
9.755097822
13.05242665
13.61729157
14.87086627
16.59706032
13.45036671
11.74802663
10.51196038
9.288813718
8.726776798
10.82193826
11.84595252
9.553250476
7.367251962
9.307526822
10.64268303
10.64505202
12.63523928
13.41242215
14.77232822
10.67095156
11.26683465
14.97156759
17.29252634
19.2927954
19.98092424
17.80406815
18.51590107
13.40107163
12.99948713
15.08973095
12.00239667
10.22179765
10.46574702
11.12985721
12.39315078
15.3078808
14.98378693
11.70172948
11.30845832
10.93016609
10.21982238
12.13907913
12.53756748
15.59111931
18.27458457
22.30506288
22.2952696
20.6491608
13.85320711
11.76508807
12.75400472
12.98474911
17.76059614
20.29265358
18.75149715
18.83485018
19.9685615
19.1105767
15.91742144
12.5233753
13.07213452
14.92784433
15.5723536
15.21794529
13.80312156
13.54852216
15.19306062
14.88309836
13.27333737
14.4865728
15.28143825
16.18114096
16.21297813
15.04392639
12.59456202
12.5226317
13.12763242
13.65243239
14.09914856
15.38950748
14.39035452
14.98879097
15.47798378
15.68042472
17.70193702
18.09992078
16.96048006
20.28939912
21.81804767
20.1297413
18.38693599
19.80616507
22.15730275
23.44985661
24.13539046
22.64180628
19.5535478
17.84677165
19.49335922
21.16739406
21.89666455
25.08116356
26.30796032
25.61596601
22.37530792
21.80782277
26.01124877
26.9704256
27.49417344
29.58152973
27.17868279
24.84980371
22.6139348
19.43097355
19.1014992
21.79907904
22.14910967
18.06685915
18.79168175
21.8392081
22.95415903
22.54857867
21.04511406
19.39604402
22.0641327
25.5017675
27.37419779
27.00622193
28.10880663
30.03664471
29.25408668
25.3861658
26.76295275
27.81977969
23.85095437
20.67818565
21.23109029
22.31587634
22.51480515
22.41968059
21.3841045
22.23409071
22.30815958
21.9076188
26.25644584
29.30076805
29.23384549
27.08436448
23.57931048
21.8156025
22.71313397
25.77440312
24.44565743
22.55636267
21.0858638
20.38771266
19.37709713
20.60768738
19.75343463
21.02983713
21.87820862
20.59991432
21.94960709
22.7759496
22.37502218
23.51785
23.27651407
23.36054075
23.71519679
24.3318581
25.66882882
24.55378307
21.20735391
21.46858009
22.41356031
20.26344294
19.24201658
20.66208736
18.83446303
18.39539724
19.06601408
20.36980126
22.84763435
22.94100018
18.57839922
17.37462515
19.65515066
21.72310432
22.33847347
18.8719714
19.53121839
20.5171149
22.03790963
23.37085243
20.4578233
19.2200339
19.90940376
19.25777407
20.09579683
20.07555685
20.10495781
18.50885662
19.55000937
20.77635852
19.14165103
16.61323277
15.25036863
16.16975907
16.87333281
18.23179583
15.55725829
15.11997921
15.93202997
20.49525543
19.37490876
16.97109227
16.82651571
18.03600122
19.43995242
18.0130653
17.79924766
16.63742764
17.91524134
19.52598596
17.72143783
12.43595409
14.85344445
15.52291313
16.42074461
17.7558663
16.42014502
10.64196659
9.389956018
10.74124271
9.872889197
8.140602323
9.80061748
9.690754724
9.563687575
11.61428892
10.13681855
11.36966741
10.28885512
11.18868354
12.26198014
12.10614243
9.917017243
10.06926287
10.04282156
10.33950754
11.2089687
11.94266063
10.52671478
11.71387971
11.20062327
11.43219305
13.09545886
12.20918871
10.16714317
7.455000788
6.059218123
6.523051689
6.445317127
5.318764452
4.92814142
3.816130941
4.319921978
6.657834317
9.933672608
12.61955819
11.98757435
12.01029858
10.90142545
9.594961328
7.713815739
5.983203437
6.509660166
7.49161138
5.810245858
5.199931369
6.082365434
6.820318043
6.245023373
7.244738071
9.382861279
10.99666227
11.16194658
8.538905586
8.321790445
7.752694745
5.621578475
6.843994848
9.07551625
10.84023401
12.49870216
11.12889841